01 10 04 A0 00 02 04 00 01 00 00 9A D7 								01 10 04 A0 00 02 40 DA
01 10 04 A3 00 02 04 33 02 02 04 25 25 								01 10 04 A3 00 02 B0 DA 
01 10 05 30 00 04 08 04 06 0B 3E 23 52 00 70 1E C3 						01 10 05 30 00 04 C1 09 
01 10 04 F0 00 01 02 03 00 F7 90 								01 10 04 F0 00 01 00 CA 
01 10 04 B0 00 01 02 02 00 F8 C0 								01 10 04 B0 00 01 01 1E 
01 10 04 A5 00 01 02 00 57 BA 9B 								01 10 04 A5 00 01 10 DA 
01 10 04 A6 00 08 10 19 0E 09 00 00 00 00 00 00 00 00 00 00 00 00 00 00 01 			01 10 04 A6 00 08 20 DC

01 10 04 A0 00 02 04 00 01 00 00 9A D7 								01 10 04 A0 00 02 40 DA
01 10 04 A3 00 02 04 33 02 02 04 25 25 								01 10 04 A3 00 02 B0 DA 
01 10 05 30 00 04 08 04 06 0B 3E 23 52 00 70 1E C3 						01 10 05 30 00 04 C1 09 
01 10 04 F0 00 01 02 03 00 F7 90 								01 10 04 F0 00 01 00 CA 
01 10 04 B0 00 01 02 02 00 F8 C0 								01 10 04 B0 00 01 01 1E 
01 10 04 A5 00 01 02 00 57 BA 9B 								01 10 04 A5 00 01 10 DA 
01 10 04 A6 00 08 10 19 0E 09 00 00 00 00 00 00 00 00 00 00 00 00 00 00 01 			01 10 04 A6 00 08 20 DC

01 10 04 A0 00 02 04 00 01 00 00 9A D7 								01 10 04 A0 00 02 40 DA
01 10 04 A3 00 02 04 33 02 02 04 25 25 								01 10 04 A3 00 02 B0 DA
01 10 05 30 00 04 08 04 06 0B 3E 23 52 00 70 1E C3 						01 10 05 30 00 04 C1 09 
01 10 04 F0 00 01 02 03 00 F7 90 								01 10 04 F0 00 01 00 CA 
01 10 04 B0 00 01 02 02 00 F8 C0 								01 10 04 B0 00 01 01 1E 
01 10 04 A5 00 01 02 00 57 BA 9B 								01 10 04 A5 00 01 10 DA 
01 10 04 A6 00 08 10 19 0E 09 00 00 00 00 00 00 00 00 00 00 00 00 00 00 01 			01 10 04 A6 00 08 20 DC

01 10 04 A0 00 02 04 00 01 00 00 9A D7 01 10 04 A0 00 02 40 DA;HEX;
8;R;17:47:38:937;01 10 04 A3 00 02 04 33 02 02 04 25 25 01 10 04 A3 00 02 B0 DA 01 10 05 30 00 04 08 04 06 0B 3E 23 52 00 70 1E C3 01 10 05 30 00 04 C1 09 01 10 04 F0 00 01 02 03 00 F7 90 01 10 04 F0 00 01 00 CA 01 10 04 B0 00 01 02 02 00 F8 C0 01 10 04 B0 00 01 01 1E 01 10 04 A5 00 01 02 00 57 BA 9B 01 10 04 A5 00 01 10 DA 01 10 04 A6 00 08 10 19 0E 09 00 00 00 00 00 00 00 00 00 00 00 00 00 00 01 01 10 04 A6 00 08 20 DC 01 10 04 A0 00 02 04 00 01 00 00 9A D7 01 10 04 A0 00 02 40 DA;HEX;
9;R;17:47:39:953;01 10 04 A3 00 02 04 33 02 02 04 25 25 01 10 04 A3 00 02 B0 DA;HEX;
10;R;17:47:40:234;01 10 05 30 00 04 08 04 06 0B 3E 23 52 00 70 1E C3 01 10 05 30 00 04 C1 09 01 10 04 F0 00 01 02 03 00 F7 90 01 10 04 F0 00 01 00 CA 01 10 04 B0 00 01 02 02 00 F8 C0 01 10 04 B0 00 01 01 1E 01 10 04 A5 00 01 02 00 58 FA 9F 01 10 04 A5 00 01 10 DA 01 10 04 A6 00 08 10 19 0E 09 00 00 00 00 00 00 00 00 00 00 00 00 00 00 01 01 10 04 A6 00 08 20 DC;HEX;
11;R;17:47:40:734;01 10 04 A0 00 02 04 00 01 00 00 9A D7 01 10 04 A0 00 02 40 DA;HEX;
12;R;17:47:40:953;01 10 04 A3 00 02 04 33 02 02 04 25 25 01 10 04 A3 00 02 B0 DA 01 10 05 30 00 04 08 04 06 0B 3E 23 52 00 70 1E C3 01 10 05 30 00 04 C1 09 01 10 04 F0 00 01 02 03 00 F7 90 01 10 04 F0 00 01 00 CA 01 10 04 B0 00 01 02 02 00 F8 C0 01 10 04 B0 00 01 01 1E 01 10 04 A5 00 01 02 00 58 FA 9F 01 10 04 A5 00 01 10 DA 01 10 04 A6 00 08 10 19 0E 09 00 00 00 00 00 00 00 00 00 00 00 00 00 00 01 01 10 04 A6 00 08 20 DC;HEX;
13;R;17:47:41:500;01 10 04 A0 00 02 04 00 01 00 00 9A D7 01 10 04 A0 00 02 40 DA;HEX;
14;R;17:47:41:968;01 10 04 A3 00 02 04 33 02 02 04 25 25 01 10 04 A3 00 02 B0 DA 01 10 05 30 00 04 08 04 06 0B 3E 03 52 00 70 15 03 01 10 05 30 00 04 C1 09 01 10 04 F0 00 01 02 03 00 F7 90 01 10 04 F0 00 01 00 CA 01 10 04 B0 00 01 02 02 00 F8 C0 01 10 04 B0 00 01 01 1E 01 10 04 A5 00 01 02 00 58 FA 9F 01 10 04 A5 00 01 10 DA 01 10 04 A6 00 08 10 19 0E 09 00 00 00 00 00 00 00 00 00 00 00 00 00 00 01 01 10 04 A6 00 08 20 DC;HEX;
15;R;17:47:42:515;01 10 04 A0 00 02 04 00 01 00 00 9A D7 01 10 04 A0 00 02 40 DA;HEX;
16;R;17:47:42:968;01 10 04 A3 00 02 04 33 02 02 04 25 25 01 10 04 A3 00 02 B0 DA;HEX;
17;R;17:47:43:265;01 10 05 30 00 04 08 04 06 0B 3E 03 52 00 70 15 03 01 10 05 30 00 04 C1 09 01 10 04 F0 00 01 02 03 00 F7 90 01 10 04 F0 00 01 00 CA 01 10 04 B0 00 01 02 02 00 F8 C0 01 10 04 B0 00 01 01 1E 01 10 04 A5 00 01 02 00 58 FA 9F 01 10 04 A5 00 01 10 DA 01 10 04 A6 00 08 10 19 0E 09 00 00 00 00 00 00 00 00 00 00 00 00 00 00 01 01 10 04 A6 00 08 20 DC;HEX;
18;R;17:47:43:750;01 10 04 A0 00 02 04 00 01 00 00 9A D7 01 10 04 A0 00 02 40 DA;HEX;
19;R;17:47:43:984;01 10 04 A3 00 02 04 33 02 02 04 25 25 01 10 04 A3 00 02 B0 DA 01 10 05 30 00 04 08 04 06 0B 3E 03 52 00 70 15 03 01 10 05 30 00 04 C1 09 01 10 04 F0 00 01 02 03 00 F7 90 01 10 04 F0 00 01 00 CA 01 10 04 B0 00 01 02 02 00 F8 C0 01 10 04 B0 00 01 01 1E 01 10 04 A5 00 01 02 00 58 FA 9F 01 10 04 A5 00 01 10 DA 01 10 04 A6 00 08 10 19 0E 09 00 00 00 00 00 00 00 00 00 00 00 00 00 00 01 01 10 04 A6 00 08 20 DC;HEX;
20;R;17:47:44:531;01 10 04 A0 00 02 04 00 01 00 00 9A D7 01 10 04 A0 00 02 40 DA;HEX;
21;R;17:47:44:984;01 10 04 A3 00 02 04 33 02 02 04 25 25 01 10 04 A3 00 02 B0 DA;HEX;
22;R;17:47:45:281;01 10 05 30 00 04 08 04 06 0B 3E 03 52 00 70 15 03 01 10 05 30 00 04 C1 09 01 10 04 F0 00 01 02 03 00 F7 90 01 10 04 F0 00 01 00 CA 01 10 04 B0 00 01 02 02 00 F8 C0 01 10 04 B0 00 01 01 1E 01 10 04 A5 00 01 02 00 58 FA 9F 01 10 04 A5 00 01 10 DA 01 10 04 A6 00 08 10 19 0E 09 00 00 00 00 00 00 00 00 00 00 00 00 00 00 01 01 10 04 A6 00 08 20 DC;HEX;
23;R;17:47:45:781;01 10 04 A0 00 02 04 00 01 00 00 9A D7 01 10 04 A0 00 02 40 DA;HEX;
24;R;17:47:46:000;01 10 04 A3 00 02 04 33 02 02 04 25 25 01 10 04 A3 00 02 B0 DA 01 10 05 30 00 04 08 04 06 0B 3E 03 52 00 70 15 03 01 10 05 30 00 04 C1 09 01 10 04 F0 00 01 02 03 00 F7 90 01 10 04 F0 00 01 00 CA 01 10 04 B0 00 01 02 02 00 F8 C0 01 10 04 B0 00 01 01 1E 01 10 04 A5 00 01 02 00 58 FA 9F 01 10 04 A5 00 01 10 DA 01 10 04 A6 00 08 10 19 0E 09 00 00 00 00 00 00 00 00 00 00 00 00 00 00 01 01 10 04 A6 00 08 20 DC;HEX;
25;R;17:47:46:546;01 10 04 A0 00 02 04 00 01 00 00 9A D7 01 10 04 A0 00 02 40 DA;HEX;
26;R;17:47:47:000;01 10 04 A3 00 02 04 33 02 02 04 25 25 01 10 04 A3 00 02 B0 DA;HEX;
27;R;17:47:47:296;01 10 05 30 00 04 08 04 06 0B 3E 03 52 00 70 15 03 01 10 05 30 00 04 C1 09 01 10 04 F0 00 01 02 03 00 F7 90 01 10 04 F0 00 01 00 CA 01 10 04 B0 00 01 02 02 00 F8 C0 01 10 04 B0 00 01 01 1E 01 10 04 A5 00 01 02 00 58 FA 9F 01 10 04 A5 00 01 10 DA 01 10 04 A6 00 08 10 19 0E 09 00 00 00 00 00 00 00 00 00 00 00 00 00 00 01 01 10 04 A6 00 08 20 DC;HEX;
28;R;17:47:47:781;01 10 04 A0 00 02 04 00 01 00 00 9A D7 01 10 04 A0 00 02 40 DA;HEX;
29;R;17:47:48:015;01 10 04 A3 00 02 04 33 02 02 04 25 25 01 10 04 A3 00 02 B0 DA;HEX;
30;R;17:47:48:296;01 10 05 30 00 04 08 04 06 0B 3E 03 52 00 70 15 03 01 10 05 30 00 04 C1 09 01 10 04 F0 00 01 02 03 00 F7 90 01 10 04 F0 00 01 00 CA 01 10 04 B0 00 01 02 02 00 F8 C0 01 10 04 B0 00 01 01 1E 01 10 04 A5 00 01 02 00 58 FA 9F 01 10 04 A5 00 01 10 DA 01 10 04 A6 00 08 10 19 0E 09 00 00 00 00 00 00 00 00 00 00 00 00 00 00 01 01 10 04 A6 00 08 20 DC;HEX;
31;R;17:47:48:796;01 10 04 A0 00 02 04 00 01 00 00 9A D7 01 10 04 A0 00 02 40 DA;HEX;
32;R;17:47:49:015;01 10 04 A3 00 02 04 33 02 02 04 25 25 01 10 04 A3 00 02 B0 DA;HEX;
33;R;17:47:49:312;01 10 05 30 00 04 08 04 06 0B 3E 03 52 00 70 15 03 01 10 05 30 00 04 C1 09 01 10 04 F0 00 01 02 03 00 F7 90 01 10 04 F0 00 01 00 CA 01 10 04 B0 00 01 02 02 00 F8 C0 01 10 04 B0 00 01 01 1E 01 10 04 A5 00 01 02 00 58 FA 9F 01 10 04 A5 00 01 10 DA 01 10 04 A6 00 08 10 19 0E 09 00 00 00 00 00 00 00 00 00 00 00 00 00 00 01 01 10 04 A6 00 08 20 DC;HEX;
34;R;17:47:49:812;01 10 04 A0 00 02 04 00 01 00 00 9A D7 01 10 04 A0 00 02 40 DA;HEX;
35;R;17:47:50:031;01 10 04 A3 00 02 04 33 02 02 04 25 25 01 10 04 A3 00 02 B0 DA;HEX;
36;R;17:47:50:312;01 10 05 30 00 04 08 04 06 0B 3E 03 52 00 70 15 03 01 10 05 30 00 04 C1 09 01 10 04 F0 00 01 02 03 00 F7 90 01 10 04 F0 00 01 00 CA 01 10 04 B0 00 01 02 02 00 F8 C0 01 10 04 B0 00 01 01 1E 01 10 04 A5 00 01 02 00 58 FA 9F 01 10 04 A5 00 01 10 DA 01 10 04 A6 00 08 10 19 0E 09 00 00 00 00 00 00 00 00 00 00 00 00 00 00 01 01 10 04 A6 00 08 20 DC;HEX;
37;R;17:47:50:812;01 10 04 A0 00 02 04 00 01 00 00 9A D7 01 10 04 A0 00 02 40 DA;HEX;
38;R;17:47:51:031;01 10 04 A3 00 02 04 33 02 02 04 25 25 01 10 04 A3 00 02 B0 DA;HEX;
39;R;17:47:51:328;01 10 05 30 00 04 08 04 06 0B 3E 03 52 00 70 15 03 01 10 05 30 00 04 C1 09 01 10 04 F0 00 01 02 03 00 F7 90 01 10 04 F0 00 01 00 CA 01 10 04 B0 00 01 02 02 00 F8 C0 01 10 04 B0 00 01 01 1E 01 10 04 A5 00 01 02 00 58 FA 9F 01 10 04 A5 00 01 10 DA 01 10 04 A6 00 08 10 19 0E 09 00 00 00 00 00 00 00 00 00 00 00 00 00 00 01 01 10 04 A6 00 08 20 DC;HEX;
40;R;17:47:51:812;01 10 04 A0 00 02 04 00 01 00 00 9A D7 01 10 04 A0 00 02 40 DA;HEX;
41;R;17:47:52:046;01 10 04 A3 00 02 04 33 02 02 04 25 25 01 10 04 A3 00 02 B0 DA 01 10 05 30 00 04 08 04 06 0B 3E 03 52 00 70 15 03 01 10 05 30 00 04 C1 09 01 10 04 F0 00 01 02 03 00 F7 90 01 10 04 F0 00 01 00 CA 01 10 04 B0 00 01 02 02 00 F8 C0 01 10 04 B0 00 01 01 1E 01 10 04 A5 00 01 02 00 58 FA 9F 01 10 04 A5 00 01 10 DA 01 10 04 A6 00 08 10 19 0E 09 00 00 00 00 00 00 00 00 00 00 00 00 00 00 01 01 10 04 A6 00 08 20 DC;HEX;
42;R;17:47:52:593;01 10 04 A0 00 02 04 00 01 00 00 9A D7 01 10 04 A0 00 02 40 DA;HEX;
43;R;17:47:53:046;01 10 04 A3 00 02 04 33 02 02 04 25 25 01 10 04 A3 00 02 B0 DA;HEX;
44;R;17:47:53:343;01 10 05 30 00 04 08 04 06 0B 2E 03 52 00 70 D4 C0 01 10 05 30 00 04 C1 09 01 10 04 F0 00 01 02 03 00 F7 90 01 10 04 F0 00 01 00 CA 01 10 04 B0 00 01 02 02 00 F8 C0 01 10 04 B0 00 01 01 1E 01 10 04 A5 00 01 02 00 58 FA 9F 01 10 04 A5 00 01 10 DA 01 10 04 A6 00 08 10 19 0E 09 00 00 00 00 00 00 00 00 00 00 00 00 00 00 01 01 10 04 A6 00 08 20 DC;HEX;
45;R;17:47:53:843;01 10 04 A0 00 02 04 00 01 00 00 9A D7 01 10 04 A0 00 02 40 DA;HEX;
46;R;17:47:54:062;01 10 04 A3 00 02 04 33 02 02 04 25 25 01 10 04 A3 00 02 B0 DA;HEX;
47;R;17:47:54:343;01 10 05 30 00 04 08 04 06 0B 3E 03 52 00 70 15 03 01 10 05 30 00 04 C1 09 01 10 04 F0 00 01 02 03 00 F7 90 01 10 04 F0 00 01 00 CA 01 10 04 B0 00 01 02 02 00 F8 C0 01 10 04 B0 00 01 01 1E 01 10 04 A5 00 01 02 00 58 FA 9F 01 10 04 A5 00 01 10 DA 01 10 04 A6 00 08 10 19 0E 09 00 00 00 00 00 00 00 00 00 00 00 00 00 00 01 01 10 04 A6 00 08 20 DC;HEX;
48;R;17:47:54:843;01 10 04 A0 00 02 04 00 01 00 00 9A D7 01 10 04 A0 00 02 40 DA;HEX;
49;R;17:47:55:062;01 10 04 A3 00 02 04 33 02 02 04 25 25 01 10 04 A3 00 02 B0 DA 01 10 05 30 00 04 08 04 06 0B 3E 03 52 00 70 15 03 01 10 05 30 00 04 C1 09 01 10 04 F0 00 01 02 03 00 F7 90 01 10 04 F0 00 01 00 CA 01 10 04 B0 00 01 02 02 00 F8 C0 01 10 04 B0 00 01 01 1E 01 10 04 A5 00 01 02 00 58 FA 9F 01 10 04 A5 00 01 10 DA 01 10 04 A6 00 08 10 19 0E 09 00 00 00 00 00 00 00 00 00 00 00 00 00 00 01 01 10 04 A6 00 08 20 DC;HEX;
50;R;17:47:55:609;01 10 04 A0 00 02 04 00 01 00 00 9A D7 01 10 04 A0 00 02 40 DA;HEX;
51;R;17:47:56:078;01 10 04 A3 00 02 04 33 02 02 04 25 25 01 10 04 A3 00 02 B0 DA;HEX;
52;R;17:47:56:359;01 10 05 30 00 04 08 04 06 0B 3E 03 52 00 70 15 03 01 10 05 30 00 04 C1 09 01 10 04 F0 00 01 02 03 00 F7 90 01 10 04 F0 00 01 00 CA 01 10 04 B0 00 01 02 02 00 F8 C0 01 10 04 B0 00 01 01 1E 01 10 04 A5 00 01 02 00 58 FA 9F 01 10 04 A5 00 01 10 DA 01 10 04 A6 00 08 10 19 0E 09 00 00 00 00 00 00 00 00 00 00 00 00 00 00 01 01 10 04 A6 00 08 20 DC;HEX;
53;R;17:47:56:843;01 10 04 A0 00 02 04 00 01 00 00 9A D7 01 10 04 A0 00 02 40 DA;HEX;
54;R;17:47:57:093;01 10 04 A3 00 02 04 33 02 02 04 25 25 01 10 04 A3 00 02 B0 DA;HEX;
55;R;17:47:57:375;01 10 05 30 00 04 08 04 06 0B 3E 03 52 00 70 15 03 01 10 05 30 00 04 C1 09 01 10 04 F0 00 01 02 03 00 F7 90 01 10 04 F0 00 01 00 CA 01 10 04 B0 00 01 02 02 00 F8 C0 01 10 04 B0 00 01 01 1E 01 10 04 A5 00 01 02 00 58 FA 9F 01 10 04 A5 00 01 10 DA 01 10 04 A6 00 08 10 19 0E 09 00 00 00 00 00 00 00 00 00 00 00 00 00 00 01 01 10 04 A6 00 08 20 DC;HEX;
56;R;17:47:57:859;01 10 04 A0 00 02 04 00 01 00 00 9A D7 01 10 04 A0 00 02 40 DA;HEX;
57;R;17:47:58:093;01 10 04 A3 00 02 04 33 02 02 04 25 25 01 10 04 A3 00 02 B0 DA;HEX;
58;R;17:47:58:375;01 10 05 30 00 04 08 04 06 0B 3E 03 52 00 70 15 03 01 10 05 30 00 04 C1 09 01 10 04 F0 00 01 02 03 00 F7 90 01 10 04 F0 00 01 00 CA 01 10 04 B0 00 01 02 02 00 F8 C0 01 10 04 B0 00 01 01 1E 01 10 04 A5 00 01 02 00 58 FA 9F 01 10 04 A5 00 01 10 DA 01 10 04 A6 00 08 10 19 0E 09 00 00 00 00 00 00 00 00 00 00 00 00 00 00 01 01 10 04 A6 00 08 20 DC;HEX;
59;R;17:47:58:875;01 10 04 A0 00 02 04 00 01 00 00 9A D7 01 10 04 A0 00 02 40 DA;HEX;
60;R;17:47:59:093;01 10 04 A3 00 02 04 33 02 02 04 25 25 01 10 04 A3 00 02 B0 DA 01 10 05 30 00 04 08 04 06 0B 3E 03 52 00 70 15 03 01 10 05 30 00 04 C1 09 01 10 04 F0 00 01 02 03 00 F7 90 01 10 04 F0 00 01 00 CA 01 10 04 B0 00 01 02 02 00 F8 C0 01 10 04 B0 00 01 01 1E 01 10 04 A5 00 01 02 00 58 FA 9F 01 10 04 A5 00 01 10 DA 01 10 04 A6 00 08 10 19 0E 09 00 00 00 00 00 00 00 00 00 00 00 00 00 00 01 01 10 04 A6 00 08 20 DC;HEX;
61;R;17:47:59:640;01 10 04 A0 00 02 04 00 01 00 00 9A D7 01 10 04 A0 00 02 40 DA;HEX;
62;R;17:48:00:109;01 10 04 A3 00 02 04 33 02 02 04 25 25 01 10 04 A3 00 02 B0 DA;HEX;
63;R;17:48:00:390;01 10 05 30 00 04 08 04 06 0B 3E 03 52 00 70 15 03 01 10 05 30 00 04 C1 09 01 10 04 F0 00 01 02 03 00 F7 90 01 10 04 F0 00 01 00 CA 01 10 04 B0 00 01 02 02 00 F8 C0 01 10 04 B0 00 01 01 1E 01 10 04 A5 00 01 02 00 58 FA 9F 01 10 04 A5 00 01 10 DA 01 10 04 A6 00 08 10 19 0E 09 00 00 00 00 00 00 00 00 00 00 00 00 00 00 01 01 10 04 A6 00 08 20 DC;HEX;
64;R;17:48:00:890;01 10 04 A0 00 02 04 00 01 00 00 9A D7 01 10 04 A0 00 02 40 DA;HEX;
65;R;17:48:01:109;01 10 04 A3 00 02 04 33 02 02 04 25 25 01 10 04 A3 00 02 B0 DA 01 10 05 30 00 04 08 04 06 0B 3E 03 52 00 70 15 03 01 10 05 30 00 04 C1 09 01 10 04 F0 00 01 02 03 00 F7 90 01 10 04 F0 00 01 00 CA 01 10 04 B0 00 01 02 02 00 F8 C0 01 10 04 B0 00 01 01 1E 01 10 04 A5 00 01 02 00 58 FA 9F 01 10 04 A5 00 01 10 DA 01 10 04 A6 00 08 10 19 0E 09 00 00 00 00 00 00 00 00 00 00 00 00 00 00 01 01 10 04 A6 00 08 20 DC;HEX;
66;R;17:48:01:656;01 10 04 A0 00 02 04 00 01 00 00 9A D7 01 10 04 A0 00 02 40 DA;HEX;
67;R;17:48:02:125;01 10 04 A3 00 02 04 33 02 02 04 25 25 01 10 04 A3 00 02 B0 DA;HEX;
68;R;17:48:02:406;01 10 05 30 00 04 08 04 06 0B 3E 03 52 00 70 15 03 01 10 05 30 00 04 C1 09 01 10 04 F0 00 01 02 03 00 F7 90 01 10 04 F0 00 01 00 CA 01 10 04 B0 00 01 02 02 00 F8 C0 01 10 04 B0 00 01 01 1E 01 10 04 A5 00 01 02 00 58 FA 9F 01 10 04 A5 00 01 10 DA 01 10 04 A6 00 08 10 19 0E 09 00 00 00 00 00 00 00 00 00 00 00 00 00 00 01 01 10 04 A6 00 08 20 DC;HEX;
69;R;17:48:02:906;01 10 04 A0 00 02 04 00 01 00 00 9A D7 01 10 04 A0 00 02 40 DA;HEX;
70;R;17:48:03:125;01 10 04 A3 00 02 04 33 02 02 04 25 25 01 10 04 A3 00 02 B0 DA 01 10 05 30 00 04 08 04 06 0B 3E 03 52 00 70 15 03 01 10 05 30 00 04 C1 09 01 10 04 F0 00 01 02 03 00 F7 90 01 10 04 F0 00 01 00 CA 01 10 04 B0 00 01 02 02 00 F8 C0 01 10 04 B0 00 01 01 1E 01 10 04 A5 00 01 02 00 58 FA 9F 01 10 04 A5 00 01 10 DA 01 10 04 A6 00 08 10 19 0E 09 00 00 00 00 00 00 00 00 00 00 00 00 00 00 01 01 10 04 A6 00 08 20 DC;HEX;
71;R;17:48:03:671;01 10 04 A0 00 02 04 00 01 00 00 9A D7 01 10 04 A0 00 02 40 DA;HEX;
72;R;17:48:04:140;01 10 04 A3 00 02 04 33 02 02 04 25 25 01 10 04 A3 00 02 B0 DA;HEX;
