

01 10 00 01 00 02 10 08 

01 10 00 04 00 02 04 33 02 02 06 DD BA 								01 10 00 04 00 02 00 09
01 10 00 91 00 04 08 04 06 2B 2E 03 5A 20 70 39 A5 						01 10 00 91 00 04 90 27 
01 10 00 51 00 05 0A 03 08 5F 00 13 00 85 00 13 00 A5 45 					01 10 00 51 00 05 51 DB
01 10 00 11 00 05 0A 02 08 F8 00 01 00 67 							01 01 00 96 F4 
01 10 00 11 00 05 50 0F 									
01 10 00 06 00 01 02 00 30 A6 22 								01 10 00 06 00 01 E1 C8 
01 10 00 07 00 08 10 19 0E 09 00 00 00 00 00 00 00 00 00 00 00 00 00 E0 ED 			01 10 00 07 00 08 70 0E
01 10 00 01 00 02 04 00 01 00 00 63 A3 								01 10 00 01 00 02 10 08 

01 10 00 04 00 02 04 33 02 02 06 DD BA 								01 10 00 04 00 02 00 09 
01 10 00 91 00 04 08 04 06 2B 2E 03 5A 20 70 39 A5 						01 10 00 91 00 04 90 27
01 10 00 51 00 05 0A 03 08 5F 00 13 00 85 00 13 00 A5 45 					01 10 00 51 00 05 51 DB 
01 10 00 11 00 05 0A 02 08 F8 00 01 00 67 01 01 00 96 F4 					01 10 00 11 00 05 50 0F
01 10 00 06 00 01 02 00 30 A6 22 								01 10 00 06 00 01 E1 C8 
01 10 00 07 00 08 10 19 0E 09 00 00 00 00 00 00 00 00 00 00 00 00 00 E0 ED 			01 10 00 07 00 08 70 0E
01 10 00 01 00 02 04 00 01 00 00 63 A3 								01 10 00 01 00 02 10 08 

01 10 00 04 00 02 04 33 02 02 06 DD BA 								01 10 00 04 00 02 00 09
01 10 00 91 00 04 08 04 06 2B 2E 03 5A 20 70 39 A5 						01 10 00 91 00 04 90 27 
01 10 00 51 00 05 0A 03 08 5F 00 13 00 85 00 13 00 A5 45 					01 10 00 51 00 05 51 DB
01 10 00 11 00 05 0A 02 08 F8 00 01 00 67 01 01 00 96 F4 					01 10 00 11 00 05 50 0F 
01 10 00 06 00 01 02 00 30 A6 22 								01 10 00 06 00 01 E1 C8 
01 10 00 07 00 08 10 19 0E 09 00 00 00 00 00 00 00 00 00 00 00 00 00 E0 ED 			01 10 00 07 00 08 70 0E
01 10 00 01 00 02 04 00 01 00 00 63 A3 								01 10 00 01 00 02 10 08 

01 10 00 04 00 02 04 33 02 02 06 DD BA 								01 10 00 04 00 02 00 09 
01 10 00 91 00 04 08 04 06 2B 2E 03 5A 20 70 39 A5 						01 10 00 91 00 04 90 27
10;R;14:56:17:656;01 10 00 51 00 05 0A 03 08 5F 00 13 00 85 00 13 00 A5 45 01 10 00 51 00 05 51 DB 01 10 00 11 00 05 0A 02 08 F8 00 01 00 67 01 01 00 96 F4 01 10 00 11 00 05 50 0F;HEX;
11;R;14:56:17:984;01 10 00 06 00 01 02 00 30 A6 22 01 10 00 06 00 01 E1 C8 01 10 00 07 00 08 10 19 0E 09 00 00 00 00 00 00 00 00 00 00 00 00 00 E0 ED 01 10 00 07 00 08 70 0E;HEX;
12;R;14:56:18:328;01 10 00 01 00 02 04 00 01 00 00 63 A3 01 10 00 01 00 02 10 08 01 10 00 04 00 02 04 33 02 02 06 DD BA 01 10 00 04 00 02 00 09;HEX;
13;R;14:56:18:656;01 10 00 91 00 04 08 04 06 2B 2E 03 5A 20 70 39 A5 01 10 00 91 00 04 90 27 01 10 00 51 00 05 0A 03 08 5F 00 13 00 85 00 13 00 A5 45 01 10 00 51 00 05 51 DB;HEX;
14;R;14:56:19:000;01 10 00 11 00 05 0A 02 08 F8 00 01 00 67 01 01 00 96 F4 01 10 00 11 00 05 50 0F 01 10 00 06 00 01 02 00 30 A6 22 01 10 00 06 00 01 E1 C8 01 10 00 07 00 08 10 19 0E 09 00 00 00 00 00 00 00 00 00 00 00 00 00 E0 ED 01 10 00 07 00 08 70 0E;HEX;
15;R;14:56:19:390;01 10 00 01 00 02 04 00 01 00 00 63 A3 01 10 00 01 00 02 10 08 01 10 00 04 00 02 04 33 02 02 06 DD BA 01 10 00 04 00 02 00 09 01 10 00 91 00 04 08 04 06 2B 2E 03 5A 20 70 39 A5 01 10 00 91 00 04 90 27;HEX;
16;R;14:56:19:781;01 10 00 51 00 05 0A 03 08 5F 00 13 00 85 00 13 00 A5 45 01 10 00 51 00 05 51 DB 01 10 00 11 00 05 0A 02 08 F8 00 01 00 67 01 01 00 96 F4 01 10 00 11 00 05 50 0F;HEX;
17;R;14:56:20:125;01 10 00 06 00 01 02 00 30 A6 22 01 10 00 06 00 01 E1 C8 01 10 00 07 00 08 10 19 0E 09 00 00 00 00 00 00 00 00 00 00 00 00 00 E0 ED 01 10 00 07 00 08 70 0E;HEX;
18;R;14:56:20:468;01 10 00 01 00 02 04 00 01 00 00 63 A3 01 10 00 01 00 02 10 08 01 10 00 04 00 02 04 33 02 02 06 DD BA 01 10 00 04 00 02 00 09;HEX;
19;R;14:56:20:781;01 10 00 91 00 04 08 04 06 2B 2E 03 5A 20 70 39 A5 01 10 00 91 00 04 90 27 01 10 00 51 00 05 0A 03 08 5F 00 13 00 85 00 13 00 A5 45 01 10 00 51 00 05 51 DB;HEX;
20;R;14:56:21:140;01 10 00 11 00 05 0A 02 08 F8 00 01 00 67 01 01 00 96 F4 01 10 00 11 00 05 50 0F 01 10 00 06 00 01 02 00 30 A6 22 01 10 00 06 00 01 E1 C8 01 10 00 07 00 08 10 19 0E 09 00 00 00 00 00 00 00 00 00 00 00 00 00 E0 ED 01 10 00 07 00 08 70 0E;HEX;
21;R;14:56:21:531;01 10 00 01 00 02 04 00 01 00 00 63 A3 01 10 00 01 00 02 10 08 01 10 00 04 00 02 04 33 02 02 06 DD BA 01 10 00 04 00 02 00 09;HEX;
22;R;14:56:21:859;01 10 00 91 00 04 08 04 06 2B 2E 03 5A 20 70 39 A5 01 10 00 91 00 04 90 27 01 10 00 51 00 05 0A 03 08 5F 00 13 00 85 00 13 00 A5 45 01 10 00 51 00 05 51 DB 01 10 00 11 00 05 0A 02 08 F8 00 01 00 67 01 01 00 96 F4 01 10 00 11 00 05 50 0F;HEX;
23;R;14:56:22:265;01 10 00 06 00 01 02 00 30 A6 22 01 10 00 06 00 01 E1 C8 01 10 00 07 00 08 10 19 0E 09 00 00 00 00 00 00 00 00 00 00 00 00 00 E0 ED 01 10 00 07 00 08 70 0E;HEX;
24;R;14:56:22:593;01 10 00 01 00 02 04 00 01 00 00 63 A3 01 10 00 01 00 02 10 08 01 10 00 04 00 02 04 33 02 02 06 DD BA 01 10 00 04 00 02 00 09;HEX;
25;R;14:56:22:937;01 10 00 91 00 04 08 04 06 2B 2E 03 5A 20 70 39 A5 01 10 00 91 00 04 90 27 01 10 00 51 00 05 0A 03 08 5F 00 13 00 85 00 13 00 A5 45 01 10 00 51 00 05 51 DB;HEX;
26;R;14:56:23:265;01 10 00 11 00 05 0A 02 08 F8 00 01 00 67 01 01 00 96 F4 01 10 00 11 00 05 50 0F 01 10 00 06 00 01 02 00 30 A6 22 01 10 00 06 00 01 E1 C8 01 10 00 07 00 08 10 19 0E 09 00 00 00 00 00 00 00 00 00 00 00 00 00 E0 ED 01 10 00 07 00 08 70 0E;HEX;
27;R;14:56:23:671;01 10 00 01 00 02 04 00 01 00 00 63 A3 01 10 00 01 00 02 10 08 01 10 00 04 00 02 04 33 02 02 06 DD BA 01 10 00 04 00 02 00 09 01 10 00 91 00 04 08 04 06 2B 2E 03 5A 20 70 39 A5 01 10 00 91 00 04 90 27 01 10 00 51 00 05 0A 03 08 5F 00 13 00 85 00 13 00 A5 45 01 10 00 51 00 05 51 DB;HEX;
28;R;14:56:24:093;01 10 00 11 00 05 0A 02 08 F8 00 01 00 67 01 01 00 96 F4 01 10 00 11 00 05 50 0F 01 10 00 06 00 01 02 00 30 A6 22 01 10 00 06 00 01 E1 C8 01 10 00 07 00 08 10 19 0E 09 00 00 00 00 00 00 00 00 00 00 00 00 00 E0 ED 01 10 00 07 00 08 70 0E;HEX;
29;R;14:56:24:484;01 10 00 01 00 02 04 00 01 00 00 63 A3 01 10 00 01 00 02 10 08 01 10 00 04 00 02 04 33 02 02 06 DD BA 01 10 00 04 00 02 00 09;HEX;
30;R;14:56:24:828;01 10 00 91 00 04 08 04 06 2B 2E 03 5A 20 70 39 A5 01 10 00 91 00 04 90 27 01 10 00 51 00 05 0A 03 08 5F 00 13 00 85 00 13 00 A5 45 01 10 00 51 00 05 51 DB;HEX;
31;R;14:56:25:156;01 10 00 11 00 05 0A 02 08 F8 00 01 00 67 01 01 00 96 F4 01 10 00 11 00 05 50 0F 01 10 00 06 00 01 02 00 30 A6 22 01 10 00 06 00 01 E1 C8 01 10 00 07 00 08 10 19 0E 09 00 00 00 00 00 00 00 00 00 00 00 00 00 E0 ED 01 10 00 07 00 08 70 0E;HEX;
32;R;14:56:25:562;01 10 00 01 00 02 04 00 01 00 00 63 A3 01 10 00 01 00 02 10 08 01 10 00 04 00 02 04 33 02 02 06 DD BA 01 10 00 04 00 02 00 09 01 10 00 91 00 04 08 04 06 2B 2E 03 1A 20 70 38 71 01 10 00 91 00 04 90 27;HEX;
33;R;14:56:25:937;01 10 00 51 00 05 0A 03 08 5F 00 13 00 85 00 13 00 A5 45 01 10 00 51 00 05 51 DB 01 10 00 11 00 05 0A 02 08 F8 00 01 00 67 01 01 00 96 F4 01 10 00 11 00 05 50 0F 01 10 00 06 00 01 02 00 30 A6 22 01 10 00 06 00 01 E1 C8 01 10 00 07 00 08 10 19 0E 09 00 00 00 00 00 00 00 00 00 00 00 00 00 E0 ED 01 10 00 07 00 08 70 0E;HEX;
34;R;14:56:26:390;01 10 00 01 00 02 04 00 01 00 00 63 A3 01 10 00 01 00 02 10 08 01 10 00 04 00 02 04 33 02 02 06 DD BA 01 10 00 04 00 02 00 09 01 10 00 91 00 04 08 04 06 2B 2E 03 1A 20 70 38 71 01 10 00 91 00 04 90 27 01 10 00 51 00 05 0A 03 08 5F 00 13 00 85 00 13 00 A5 45 01 10 00 51 00 05 51 DB;HEX;
35;R;14:56:26:812;01 10 00 11 00 05 0A 02 08 F8 00 01 00 67 01 01 00 96 F4 01 10 00 11 00 05 50 0F 01 10 00 06 00 01 02 00 30 A6 22 01 10 00 06 00 01 E1 C8 01 10 00 07 00 08 10 19 0E 09 00 00 00 00 00 00 00 00 00 00 00 00 00 E0 ED 01 10 00 07 00 08 70 0E;HEX;
36;R;14:56:27:218;01 10 00 01 00 02 04 00 01 00 00 63 A3 01 10 00 01 00 02 10 08 01 10 00 04 00 02 04 33 02 02 06 DD BA 01 10 00 04 00 02 00 09;HEX;
37;R;14:56:27:546;01 10 00 91 00 04 08 04 06 2B 2E 03 1A 20 70 38 71 01 10 00 91 00 04 90 27 01 10 00 51 00 05 0A 03 08 5F 00 13 00 85 00 13 00 A5 45 01 10 00 51 00 05 51 DB;HEX;
38;R;14:56:27:890;01 10 00 11 00 05 0A 02 08 F8 00 01 00 67 01 01 00 96 F4 01 10 00 11 00 05 50 0F 01 10 00 06 00 01 02 00 30 A6 22 01 10 00 06 00 01 E1 C8 01 10 00 07 00 08 10 19 0E 09 00 00 00 00 00 00 00 00 00 00 00 00 00 E0 ED 01 10 00 07 00 08 70 0E 01 10 00 01 00 02 04 00 01 00 00 63 A3 01 10 00 01 00 02 10 08 01 10 00 04 00 02 04 33 02 02 06 DD BA 01 10 00 04 00 02 00 09 01 10 00 91 00 04 08 04 06 2B 2E 03 1A 20 70 38 71 01 10 00 91 00 04 90 27;HEX;
39;R;14:56:28:671;01 10 00 51 00 05 0A 03 08 5F 00 13 00 85 00 13 00 A5 45 01 10 00 51 00 05 51 DB 01 10 00 11 00 05 0A 02 08 F8 00 01 00 67 01 01 00 96 F4 01 10 00 11 00 05 50 0F 01 10 00 06 00 01 02 00 30 A6 22 01 10 00 06 00 01 E1 C8 01 10 00 07 00 08 10 19 0E 09 00 00 00 00 00 00 00 00 00 00 00 00 00 E0 ED 01 10 00 07 00 08 70 0E;HEX;
