
01 10 04 03 00 02 04 33 02 02 04 2F 5D 									01 10 04 03 00 02 B0 F8 
01 10 04 90 00 04 08 04 06 8B 2E 03 5A A0 76 33 80 							01 10 04 90 00 04 C0 D7 
01 10 04 50 00 01 02 03 00 EF 30 									01 10 04 50 00 01 00 E8 
01 10 04 10 00 01 02 02 00 E0 60 									01 10 04 10 00 01 01 3C 
01 10 04 05 00 01 02 00 71 23 E1 									01 10 04 05 00 01 10 F8 
01 10 04 06 00 08 10 19 0E 09 00 00 00 00 00 00 00 00 00 00 00 00 00 98 B8 				01 10 04 06 00 08 20 FE 
01 10 04 00 00 02 04 00 01 00 00 90 AF 									01 10 04 00 00 02 40 F8

01 10 04 03 00 02 04 33 02 02 04 2F 5D 									01 10 04 03 00 02 B0 F8 
01 10 04 90 00 04 08 04 06 8B 2E 03 5A A0 76 33 80 							01 10 04 90 00 04 C0 D7 
01 10 04 50 00 01 02 03 00 EF 30 									01 10 04 50 00 01 00 E8 
01 10 04 10 00 01 02 02 00 E0 60 									01 10 04 10 00 01 01 3C 
01 10 04 05 00 01 02 00 72 63 E0 									01 10 04 05 00 01 10 F8 
01 10 04 06 00 08 10 19 0E 09 00 00 00 00 00 00 00 00 00 00 00 00 00 98 B8 				01 10 04 06 00 08 20 FE 
01 10 04 00 00 02 04 00 01 00 00 90 AF 									01 10 04 00 00 02 40 F8

01 10 04 03 00 02 04 33 02 02 04 2F 5D 01 10 04 03 00 02 B0 F8 01 10 04 90 00 04 08 04 06 8B 2E 03 5A A0 76 33 80 01 10 04 90 00 04 C0 D7 01 10 04 50 00 01 02 03 00 EF 30 01 10 04 50 00 01 00 E8 01 10 04 10 00 01 02 02 00 E0 60 01 10 04 10 00 01 01 3C 01 10 04 05 00 01 02 00 73 A2 20 01 10 04 05 00 01 10 F8 01 10 04 06 00 08 10 19 0E 09 00 00 00 00 00 00 00 00 00 00 00 00 00 98 B8 01 10 04 06 00 08 20 FE 01 10 04 00 00 02 04 00 01 00 00 90 AF 01 10 04 00 00 02 40 F8;HEX;
3;R;18:28:47:312;01 10 04 03 00 02 04 33 02 02 04 2F 5D 01 10 04 03 00 02 B0 F8 01 10 04 90 00 04 08 04 06 8B 2E 03 5A A0 76 33 80 01 10 04 90 00 04 C0 D7 01 10 04 50 00 01 02 03 00 EF 30 01 10 04 50 00 01 00 E8 01 10 04 10 00 01 02 02 00 E0 60 01 10 04 10 00 01 01 3C 01 10 04 05 00 01 02 00 74 E3 E2 01 10 04 05 00 01 10 F8 01 10 04 06 00 08 10 19 0E 09 00 00 00 00 00 00 00 00 00 00 00 00 00 98 B8 01 10 04 06 00 08 20 FE 01 10 04 00 00 02 04 00 01 00 00 90 AF 01 10 04 00 00 02 40 F8;HEX;
4;R;18:28:48:328;01 10 04 03 00 02 04 33 02 02 04 2F 5D 01 10 04 03 00 02 B0 F8 01 10 04 90 00 04 08 04 06 8B 2E 03 5A A0 76 33 80 01 10 04 90 00 04 C0 D7 01 10 04 50 00 01 02 03 00 EF 30 01 10 04 50 00 01 00 E8 01 10 04 10 00 01 02 02 00 E0 60 01 10 04 10 00 01 01 3C 01 10 04 05 00 01 02 00 75 22 22 01 10 04 05 00 01 10 F8 01 10 04 06 00 08 10 19 0E 09 00 00 00 00 00 00 00 00 00 00 00 00 00 98 B8 01 10 04 06 00 08 20 FE 01 10 04 00 00 02 04 00 01 00 00 90 AF 01 10 04 00 00 02 40 F8;HEX;
5;R;18:28:49:328;01 10 04 03 00 02 04 33 02 02 04 2F 5D 01 10 04 03 00 02 B0 F8 01 10 04 90 00 04 08 04 06 8B 2E 03 5A A0 76 33 80 01 10 04 90 00 04 C0 D7 01 10 04 50 00 01 02 03 00 EF 30 01 10 04 50 00 01 00 E8 01 10 04 10 00 01 02 02 00 E0 60 01 10 04 10 00 01 01 3C 01 10 04 05 00 01 02 00 76 62 23 01 10 04 05 00 01 10 F8 01 10 04 06 00 08 10 19 0E 09 00 00 00 00 00 00 00 00 00 00 00 00 00 98 B8 01 10 04 06 00 08 20 FE 01 10 04 00 00 02 04 00 01 00 00 90 AF 01 10 04 00 00 02 40 F8;HEX;
6;R;18:28:50:343;01 10 04 03 00 02 04 33 02 02 04 2F 5D 01 10 04 03 00 02 B0 F8 01 10 04 90 00 04 08 04 06 8B 2E 03 5A A0 76 33 80 01 10 04 90 00 04 C0 D7 01 10 04 50 00 01 02 03 00 EF 30;HEX;
7;R;18:28:50:781;01 10 04 10 00 01 02 02 00 E0 60 01 10 04 10 00 01 01 3C 01 10 04 05 00 01 02 00 77 A3 E3 01 10 04 05 00 01 10 F8 01 10 04 06 00 08 10 19 0E 09 00 00 00 00 00 00 00 00 00 00 00 00 00 98 B8 01 10 04 06 00 08 20 FE 01 10 04 00 00 02 04 00 01 00 00 90 AF 01 10 04 00 00 02 40 F8;HEX;
8;R;18:28:51:343;01 10 04 03 00 02 04 33 02 02 04 2F 5D 01 10 04 03 00 02 B0 F8 01 10 04 90 00 04 08 04 06 8B 2E 03 5A A0 76 33 80 01 10 04 90 00 04 C0 D7 01 10 04 50 00 01 02 03 00 EF 30 01 10 04 50 00 01 00 E8 01 10 04 10 00 01 02 02 00 E0 60 01 10 04 10 00 01 01 3C 01 10 04 05 00 01 02 00 77 A3 E3 01 10 04 05 00 01 10 F8 01 10 04 06 00 08 10 19 0E 09 00 00 00 00 00 00 00 00 00 00 00 00 00 98 B8 01 10 04 06 00 08 20 FE 01 10 04 00 00 02 04 00 01 00 00 90 AF 01 10 04 00 00 02 40 F8;HEX;
9;R;18:28:52:359;01 10 04 03 00 02 04 33 02 02 04 2F 5D 01 10 04 03 00 02 B0 F8 01 10 04 90 00 04 08 04 06 8B 2E 03 5A A0 76 33 80 01 10 04 90 00 04 C0 D7 01 10 04 50 00 01 02 03 00 EF 30 01 10 04 50 00 01 00 E8 01 10 04 10 00 01 02 02 00 E0 60 01 10 04 10 00 01 01 3C 01 10 04 05 00 01 02 00 78 E3 E7 01 10 04 05 00 01 10 F8 01 10 04 06 00 08 10 19 0E 09 00 00 00 00 00 00 00 00 00 00 00 00 00 98 B8 01 10 04 06 00 08 20 FE 01 10 04 00 00 02 04 00 01 00 00 90 AF 01 10 04 00 00 02 40 F8;HEX;
10;R;18:28:53:359;01 10 04 03 00 02 04 33 02 02 04 2F 5D;HEX;
11;R;18:28:53:640;01 10 04 90 00 04 08 04 06 8B 2E 03 5A A0 76 33 80 01 10 04 90 00 04 C0 D7 01 10 04 50 00 01 02 03 00 EF 30 01 10 04 50 00 01 00 E8 01 10 04 10 00 01 02 02 00 E0 60 01 10 04 10 00 01 01 3C 01 10 04 05 00 01 02 00 79 22 27 01 10 04 05 00 01 10 F8 01 10 04 06 00 08 10 19 0E 09 00 00 00 00 00 00 00 00 00 00 00 00 00 98 B8 01 10 04 06 00 08 20 FE 01 10 04 00 00 02 04 00 01 00 00 90 AF 01 10 04 00 00 02 40 F8;HEX;
12;R;18:28:54:375;01 10 04 03 00 02 04 33 02 02 04 2F 5D 01 10 04 03 00 02 B0 F8 01 10 04 90 00 04 08 04 06 8B 2E 03 5A A0 76 33 80 01 10 04 90 00 04 C0 D7 01 10 04 50 00 01 02 03 00 EF 30 01 10 04 50 00 01 00 E8 01 10 04 10 00 01 02 02 00 E0 60 01 10 04 10 00 01 01 3C 01 10 04 05 00 01 02 00 79 22 27 01 10 04 05 00 01 10 F8 01 10 04 06 00 08 10 19 0E 09 00 00 00 00 00 00 00 00 00 00 00 00 00 98 B8 01 10 04 06 00 08 20 FE 01 10 04 00 00 02 04 00 01 00 00 90 AF 01 10 04 00 00 02 40 F8;HEX;
13;R;18:28:55:375;01 10 04 03 00 02 04 33 02 02 04 2F 5D 01 10 04 03 00 02 B0 F8 01 10 04 90 00 04 08 04 06 8B 2E 03 5A A0 76 33 80 01 10 04 90 00 04 C0 D7 01 10 04 50 00 01 02 03 00 EF 30 01 10 04 50 00 01 00 E8 01 10 04 10 00 01 02 02 00 E0 60 01 10 04 10 00 01 01 3C 01 10 04 05 00 01 02 00 7A 62 26 01 10 04 05 00 01 10 F8 01 10 04 06 00 08 10 19 0E 09 00 00 00 00 00 00 00 00 00 00 00 00 00 98 B8;HEX;
14;R;18:28:56:078;01 10 04 00 00 02 04 00 01 00 00 90 AF 01 10 04 00 00 02 40 F8;HEX;
15;R;18:28:56:390;01 10 04 03 00 02 04 33 02 02 04 2F 5D 01 10 04 03 00 02 B0 F8 01 10 04 90 00 04 08 04 06 8B 2E 03 5A A0 76 33 80 01 10 04 90 00 04 C0 D7 01 10 04 50 00 01 02 03 00 EF 30 01 10 04 50 00 01 00 E8 01 10 04 10 00 01 02 02 00 E0 60 01 10 04 10 00 01 01 3C 01 10 04 05 00 01 02 00 7A 62 26 01 10 04 05 00 01 10 F8 01 10 04 06 00 08 10 19 0E 09 00 00 00 00 00 00 00 00 00 00 00 00 00 98 B8 01 10 04 06 00 08 20 FE 01 10 04 00 00 02 04 00 01 00 00 90 AF 01 10 04 00 00 02 40 F8;HEX;
16;R;18:28:57:390;01 10 04 03 00 02 04 33 02 02 04 2F 5D 01 10 04 03 00 02 B0 F8 01 10 04 90 00 04 08 04 06 8B 2E 03 5A A0 76 33 80 01 10 04 90 00 04 C0 D7 01 10 04 50 00 01 02 03 00 EF 30 01 10 04 50 00 01 00 E8 01 10 04 10 00 01 02 02 00 E0 60 01 10 04 10 00 01 01 3C 01 10 04 05 00 01 02 00 7B A3 E6 01 10 04 05 00 01 10 F8 01 10 04 06 00 08 10 19 0E 09 00 00 00 00 00 00 00 00 00 00 00 00 00 98 B8 01 10 04 06 00 08 20 FE 01 10 04 00 00 02 04 00 01 00 00 90 AF 01 10 04 00 00 02 40 F8;HEX;
17;R;18:28:58:406;01 10 04 03 00 02 04 33 02 02 04 2F 5D 01 10 04 03 00 02 B0 F8 01 10 04 90 00 04 08 04 06 8B 2E 03 5A A0 76 33 80 01 10 04 90 00 04 C0 D7 01 10 04 50 00 01 02 03 00 EF 30 01 10 04 50 00 01 00 E8 01 10 04 10 00 01 02 02 00 E0 60 01 10 04 10 00 01 01 3C 01 10 04 05 00 01 02 00 7C E2 24 01 10 04 05 00 01 10 F8 01 10 04 06 00 08 10 19 0E 09 00 00 00 00 00 00 00 00 00 00 00 00 00 98 B8 01 10 04 06 00 08 20 FE 01 10 04 00 00 02 04 00 01 00 00 90 AF 01 10 04 00 00 02 40 F8;HEX;
18;R;18:28:59:406;01 10 04 03 00 02 04 33 02 02 04 2F 5D 01 10 04 03 00 02 B0 F8 01 10 04 90 00 04 08 04 06 8B 2E 03 5A A0 76 33 80 01 10 04 90 00 04 C0 D7 01 10 04 50 00 01 02 03 00 EF 30;HEX;
19;R;18:28:59:843;01 10 04 10 00 01 02 02 00 E0 60 01 10 04 10 00 01 01 3C 01 10 04 05 00 01 02 00 7D 23 E4 01 10 04 05 00 01 10 F8 01 10 04 06 00 08 10 19 0E 09 00 00 00 00 00 00 00 00 00 00 00 00 00 98 B8 01 10 04 06 00 08 20 FE 01 10 04 00 00 02 04 00 01 00 00 90 AF 01 10 04 00 00 02 40 F8;HEX;
20;R;18:29:00:421;01 10 04 03 00 02 04 33 02 02 04 2F 5D 01 10 04 03 00 02 B0 F8 01 10 04 90 00 04 08 04 06 8B 2E 03 5A A0 76 33 80 01 10 04 90 00 04 C0 D7 01 10 04 50 00 01 02 03 00 EF 30 01 10 04 50 00 01 00 E8 01 10 04 10 00 01 02 02 00 E0 60 01 10 04 10 00 01 01 3C 01 10 04 05 00 01 02 00 7D 23 E4 01 10 04 05 00 01 10 F8 01 10 04 06 00 08 10 19 0E 09 00 00 00 00 00 00 00 00 00 00 00 00 00 98 B8 01 10 04 06 00 08 20 FE 01 10 04 00 00 02 04 00 01 00 00 90 AF 01 10 04 00 00 02 40 F8;HEX;
21;R;18:29:01:421;01 10 04 03 00 02 04 33 02 02 04 2F 5D 01 10 04 03 00 02 B0 F8 01 10 04 90 00 04 08 04 06 8B 2E 03 5A A0 76 33 80 01 10 04 90 00 04 C0 D7 01 10 04 50 00 01 02 03 00 EF 30 01 10 04 50 00 01 00 E8 01 10 04 10 00 01 02 02 00 E0 60 01 10 04 10 00 01 01 3C 01 10 04 05 00 01 02 00 7E 63 E5 01 10 04 05 00 01 10 F8 01 10 04 06 00 08 10 19 0E 09 00 00 00 00 00 00 00 00 00 00 00 00 00 98 B8 01 10 04 06 00 08 20 FE 01 10 04 00 00 02 04 00 01 00 00 90 AF 01 10 04 00 00 02 40 F8;HEX;
22;R;18:29:02:437;01 10 04 03 00 02 04 33 02 02 04 2F 5D 01 10 04 03 00 02 B0 F8 01 10 04 90 00 04 08 04 06 8B 2E 03 5A A0 76 33 80 01 10 04 90 00 04 C0 D7 01 10 04 50 00 01 02 03 00 EF 30 01 10 04 50 00 01 00 E8 01 10 04 10 00 01 02 02 00 E0 60 01 10 04 10 00 01 01 3C 01 10 04 05 00 01 02 00 7F A2 25 01 10 04 05 00 01 10 F8 01 10 04 06 00 08 10 19 0E 09 00 00 00 00 00 00 00 00 00 00 00 00 00 98 B8 01 10 04 06 00 08 20 FE 01 10 04 00 00 02 04 00 01 00 00 90 AF 01 10 04 00 00 02 40 F8;HEX;
23;R;18:29:03:437;01 10 04 03 00 02 04 33 02 02 04 2F 5D 01 10 04 03 00 02 B0 F8 01 10 04 90 00 04 08 04 06 8B 2E 03 5A A0 76 33 80 01 10 04 90 00 04 C0 D7 01 10 04 50 00 01 02 03 00 EF 30 01 10 04 50 00 01 00 E8 01 10 04 10 00 01 02 02 00 E0 60 01 10 04 10 00 01 01 3C 01 10 04 05 00 01 02 00 80 E2 65 01 10 04 05 00 01 10 F8 01 10 04 06 00 08 10 19 0E 09 00 00 00 00 00 00 00 00 00 00 00 00 00 98 B8 01 10 04 06 00 08 20 FE 01 10 04 00 00 02 04 00 01 00 00 90 AF 01 10 04 00 00 02 40 F8;HEX;
24;R;18:29:04:453;01 10 04 03 00 02 04 33 02 02 04 2F 5D 01 10 04 03 00 02 B0 F8 01 10 04 90 00 04 08 04 06 8B 2C 03 5A A0 76 4A 40 01 10 04 90 00 04 C0 D7 01 10 04 50 00 01 02 03 00 EF 30 01 10 04 50 00 01 00 E8 01 10 04 10 00 01 02 02 00 E0 60 01 10 04 10 00 01 01 3C 01 10 04 05 00 01 02 00 81 23 A5 01 10 04 05 00 01 10 F8 01 10 04 06 00 08 10 19 0E 09 00 00 00 00 00 00 00 00 00 00 00 00 00 98 B8 01 10 04 06 00 08 20 FE 01 10 04 00 00 02 04 00 01 00 00 90 AF 01 10 04 00 00 02 40 F8;HEX;
25;R;18:29:05:453;01 10 04 03 00 02 04 33 02 02 04 2F 5D 01 10 04 03 00 02 B0 F8 01 10 04 90 00 04 08 04 06 8B 2C 03 5A A0 76 4A 40 01 10 04 90 00 04 C0 D7 01 10 04 50 00 01 02 03 00 EF 30 01 10 04 50 00 01 00 E8 01 10 04 10 00 01 02 02 00 E0 60 01 10 04 10 00 01 01 3C 01 10 04 05 00 01 02 00 82 63 A4 01 10 04 05 00 01 10 F8 01 10 04 06 00 08 10 19 0E 09 00 00 00 00 00 00 00 00 00 00 00 00 00 98 B8 01 10 04 06 00 08 20 FE 01 10 04 00 00 02 04 00 01 00 00 90 AF 01 10 04 00 00 02 40 F8;HEX;
26;R;18:29:06:468;01 10 04 03 00 02 04 33 02 02 04 2F 5D 01 10 04 03 00 02 B0 F8 01 10 04 90 00 04 08 04 06 8B 2C 03 5A A0 76 4A 40 01 10 04 90 00 04 C0 D7 01 10 04 50 00 01 02 03 00 EF 30 01 10 04 50 00 01 00 E8 01 10 04 10 00 01 02 02 00 E0 60 01 10 04 10 00 01 01 3C 01 10 04 05 00 01 02 00 83 A2 64 01 10 04 05 00 01 10 F8 01 10 04 06 00 08 10 19 0E 09 00 00 00 00 00 00 00 00 00 00 00 00 00 98 B8 01 10 04 06 00 08 20 FE 01 10 04 00 00 02 04 00 01 00 00 90 AF 01 10 04 00 00 02 40 F8;HEX;
27;R;18:29:07:468;01 10 04 03 00 02 04 33 02 02 04 2F 5D 01 10 04 03 00 02 B0 F8 01 10 04 90 00 04 08 04 06 8B 2C 03 5A A0 76 4A 40 01 10 04 90 00 04 C0 D7 01 10 04 50 00 01 02 03 00 EF 30 01 10 04 50 00 01 00 E8 01 10 04 10 00 01 02 02 00 E0 60 01 10 04 10 00 01 01 3C 01 10 04 05 00 01 02 00 84 E3 A6 01 10 04 05 00 01 10 F8 01 10 04 06 00 08 10 19 0E 09 00 00 00 00 00 00 00 00 00 00 00 00 00 98 B8 01 10 04 06 00 08 20 FE 01 10 04 00 00 02 04 00 01 00 00 90 AF 01 10 04 00 00 02 40 F8;HEX;
28;R;18:29:08:484;01 10 04 03 00 02 04 33 02 02 04 2F 5D 01 10 04 03 00 02 B0 F8 01 10 04 90 00 04 08 04 06 8B 2E 03 5A A0 76 33 80 01 10 04 90 00 04 C0 D7 01 10 04 50 00 01 02 03 00 EF 30 01 10 04 50 00 01 00 E8 01 10 04 10 00 01 02 02 00 E0 60 01 10 04 10 00 01 01 3C 01 10 04 05 00 01 02 00 85 22 66 01 10 04 05 00 01 10 F8 01 10 04 06 00 08 10 19 0E 09 00 00 00 00 00 00 00 00 00 00 00 00 00 98 B8 01 10 04 06 00 08 20 FE 01 10 04 00 00 02 04 00 01 00 00 90 AF 01 10 04 00 00 02 40 F8;HEX;
29;R;18:29:09:484;01 10 04 03 00 02 04 33 02 02 04 2F 5D 01 10 04 03 00 02 B0 F8 01 10 04 90 00 04 08 04 06 8B 2E 03 5A A0 76 33 80 01 10 04 90 00 04 C0 D7 01 10 04 50 00 01 02 03 00 EF 30 01 10 04 50 00 01 00 E8 01 10 04 10 00 01 02 02 00 E0 60 01 10 04 10 00 01 01 3C 01 10 04 05 00 01 02 00 86 62 67 01 10 04 05 00 01 10 F8 01 10 04 06 00 08 10 19 0E 09 00 00 00 00 00 00 00 00 00 00 00 00 00 98 B8 01 10 04 06 00 08 20 FE 01 10 04 00 00 02 04 00 01 00 00 90 AF 01 10 04 00 00 02 40 F8;HEX;
30;R;18:29:10:500;01 10 04 03 00 02 04 33 02 02 04 2F 5D 01 10 04 03 00 02 B0 F8 01 10 04 90 00 04 08 04 06 8B 2E 03 5A A0 76 33 80 01 10 04 90 00 04 C0 D7 01 10 04 50 00 01 02 03 00 EF 30 01 10 04 50 00 01 00 E8 01 10 04 10 00 01 02 02 00 E0 60 01 10 04 10 00 01 01 3C 01 10 04 05 00 01 02 00 87 A3 A7 01 10 04 05 00 01 10 F8 01 10 04 06 00 08 10 19 0E 09 00 00 00 00 00 00 00 00 00 00 00 00 00 98 B8 01 10 04 06 00 08 20 FE 01 10 04 00 00 02 04 00 01 00 00 90 AF 01 10 04 00 00 02 40 F8;HEX;
31;R;18:29:11:500;01 10 04 03 00 02 04 33 02 02 04 2F 5D 01 10 04 03 00 02 B0 F8 01 10 04 90 00 04 08 04 06 8B 2E 03 5A A0 76 33 80 01 10 04 90 00 04 C0 D7 01 10 04 50 00 01 02 03 00 EF 30 01 10 04 50 00 01 00 E8 01 10 04 10 00 01 02 02 00 E0 60 01 10 04 10 00 01 01 3C 01 10 04 05 00 01 02 00 88 E3 A3 01 10 04 05 00 01 10 F8 01 10 04 06 00 08 10 19 0E 09 00 00 00 00 00 00 00 00 00 00 00 00 00 98 B8 01 10 04 06 00 08 20 FE 01 10 04 00 00 02 04 00 01 00 00 90 AF 01 10 04 00 00 02 40 F8;HEX;
32;R;18:29:12:515;01 10 04 03 00 02 04 33 02 02 04 2F 5D;HEX;
33;R;18:29:12:796;01 10 04 90 00 04 08 04 06 8B 2E 03 5A A0 76 33 80 01 10 04 90 00 04 C0 D7 01 10 04 50 00 01 02 03 00 EF 30 01 10 04 50 00 01 00 E8 01 10 04 10 00 01 02 02 00 E0 60 01 10 04 10 00 01 01 3C 01 10 04 05 00 01 02 00 89 22 63 01 10 04 05 00 01 10 F8 01 10 04 06 00 08 10 19 0E 09 00 00 00 00 00 00 00 00 00 00 00 00 00 98 B8 01 10 04 06 00 08 20 FE 01 10 04 00 00 02 04 00 01 00 00 90 AF 01 10 04 00 00 02 40 F8;HEX;
34;R;18:29:13:515;01 10 04 03 00 02 04 33 02 02 04 2F 5D 01 10 04 03 00 02 B0 F8 01 10 04 90 00 04 08 04 06 8B 2E 03 5A A0 76 33 80 01 10 04 90 00 04 C0 D7 01 10 04 50 00 01 02 03 00 EF 30 01 10 04 50 00 01 00 E8 01 10 04 10 00 01 02 02 00 E0 60 01 10 04 10 00 01 01 3C 01 10 04 05 00 01 02 00 89 22 63 01 10 04 05 00 01 10 F8 01 10 04 06 00 08 10 19 0E 09 00 00 00 00 00 00 00 00 00 00 00 00 00 98 B8;HEX;
35;R;18:29:14:203;01 10 04 00 00 02 04 00 01 00 00 90 AF 01 10 04 00 00 02 40 F8;HEX;
36;R;18:29:14:531;01 10 04 03 00 02 04 33 02 02 04 2F 5D 01 10 04 03 00 02 B0 F8 01 10 04 90 00 04 08 04 06 8B 2E 03 5A A0 76 33 80 01 10 04 90 00 04 C0 D7 01 10 04 50 00 01 02 03 00 EF 30 01 10 04 50 00 01 00 E8 01 10 04 10 00 01 02 02 00 E0 60 01 10 04 10 00 01 01 3C 01 10 04 05 00 01 02 00 89 22 63 01 10 04 05 00 01 10 F8 01 10 04 06 00 08 10 19 0E 09 00 00 00 00 00 00 00 00 00 00 00 00 00 98 B8 01 10 04 06 00 08 20 FE 01 10 04 00 00 02 04 00 01 00 00 90 AF 01 10 04 00 00 02 40 F8;HEX;
37;R;18:29:15:531;01 10 04 03 00 02 04 33 02 02 04 2F 5D 01 10 04 03 00 02 B0 F8 01 10 04 90 00 04 08 04 06 8B 2E 03 5A A0 76 33 80 01 10 04 90 00 04 C0 D7 01 10 04 50 00 01 02 03 00 EF 30 01 10 04 50 00 01 00 E8 01 10 04 10 00 01 02 02 00 E0 60 01 10 04 10 00 01 01 3C 01 10 04 05 00 01 02 00 8A 62 62 01 10 04 05 00 01 10 F8 01 10 04 06 00 08 10 19 0E 09 00 00 00 00 00 00 00 00 00 00 00 00 00 98 B8;HEX;
38;R;18:29:16:125;01 10 04 00 00 02 04 00 01 00 00 90 AF 01 10 04 00 00 02 40 F8;HEX;
