01 10 04 A0 00 02 04 00 01 00 00 9A D7 			01 10 04 A0 00 02 40 DA
01 10 04 A3 00 02 04 33 02 02 04 25 25 			01 10 04 A3 00 02 B0 DA
01 10 04 30 00 04 08 04 06 8B 2E 22 43 00 38 93 8E 	01 10 04 30 00 04 C0 F5 
01 10 04 F0 00 01 02 03 00 F7 90 			01 10 04 F0 00 01 00 CA 
01 10 04 B0 00 01 02 02 00 F8 C0 			01 10 04 B0 00 01 01 1E 
01 10 04 A5 00 01 02 0F 24 FE 8E 			01 10 04 A5 00 01 10 DA 
01 10 04 A6 00 08 10 19 0E 09 00 00 00 00 00 00 00 00 00 00 00 00 00 00 01 		01 10 04 A6 00 08 20 DC

01 10 04 A0 00 02 04 00 01 00 00 9A D7 			01 10 04 A0 00 02 40 DA
01 10 04 A3 00 02 04 33 02 02 04 25 25 			01 10 04 A3 00 02 B0 DA
01 10 04 30 00 04 08 04 06 8B 2E 22 43 00 38 93 8E 	01 10 04 30 00 04 C0 F5 
01 10 04 F0 00 01 02 03 00 F7 90 			01 10 04 F0 00 01 00 CA 
01 10 04 B0 00 01 02 02 00 F8 C0 			01 10 04 B0 00 01 01 1E 
01 10 04 A5 00 01 02 0F 24 FE 8E 			01 10 04 A5 00 01 10 DA 
01 10 04 A6 00 08 10 19 0E 09 00 00 00 00 00 00 00 00 00 00 00 00 00 00 01 		01 10 04 A6 00 08 20 DC

01 10 04 A0 00 02 04 00 01 00 00 9A D7 			01 10 04 A0 00 02 40 DA
01 10 04 A3 00 02 04 33 02 02 04 25 25 			01 10 04 A3 00 02 B0 DA
01 10 04 30 00 04 08 04 06 8B 2E 22 43 00 38 93 8E 	01 10 04 30 00 04 C0 F5 
01 10 04 F0 00 01 02 03 00 F7 90 			01 10 04 F0 00 01 00 CA 
01 10 04 B0 00 01 02 02 00 F8 C0 			01 10 04 B0 00 01 01 1E 
01 10 04 A5 00 01 02 0F 24 FE 8E 			01 10 04 A5 00 01 10 DA 
01 10 04 A6 00 08 10 19 0E 09 00 00 00 00 00 00 00 00 00 00 00 00 00 00 01 		01 10 04 A6 00 08 20 DC

01 10 04 A0 00 02 04 00 01 00 00 9A D7 			01 10 04 A0 00 02 40 DA
01 10 04 A3 00 02 04 33 02 02 04 25 25 			01 10 04 A3 00 02 B0 DA 
01 10 04 30 00 04 08 04 06 8B 2E 22 43 00 38 93 8E 	01 10 04 30 00 04 C0 F5 
01 10 04 F0 00 01 02 03 00 F7 90 			01 10 04 F0 00 01 00 CA 
01 10 04 B0 00 01 02 02 00 F8 C0 			01 10 04 B0 00 01 01 1E 
01 10 04 A5 00 01 02 0F 24 FE 8E 			01 10 04 A5 00 01 10 DA 
01 10 04 A6 00 08 10 19 0E 09 00 00 00 00 00 00 00 00 00 00 00 00 00 00 01 		01 10 04 A6 00 08 20 DC

01 10 04 A0 00 02 04 00 01 00 00 9A D7 			01 10 04 A0 00 02 40 DA
01 10 04 A3 00 02 04 33 02 02 04 25 25 			01 10 04 A3 00 02 B0 DA
01 10 04 30 00 04 08 04 06 8B 2E 22 43 00 38 93 8E 	01 10 04 30 00 04 C0 F5 
01 10 04 F0 00 01 02 03 00 F7 90 			01 10 04 F0 00 01 00 CA 				
01 10 04 B0 00 01 02 02 00 F8 C0 			01 10 04 B0 00 01 01 1E 
01 10 04 A5 00 01 02 0F 24 FE 8E 			01 10 04 A5 00 01 10 DA 
01 10 04 A6 00 08 10 19 0E 09 00 00 00 00 00 00 00 00 00 00 00 00 00 00 01 		01 10 04 A6 00 08 20 DC

01 10 04 A0 00 02 04 00 01 00 00 9A D7 01 10 04 A0 00 02 40 DA;HEX;
15;R;15:09:07:375;01 10 04 A3 00 02 04 33 02 02 04 25 25 01 10 04 A3 00 02 B0 DA;HEX;
16;R;15:09:07:656;01 10 04 30 00 04 08 04 06 8B 2E 22 43 00 38 93 8E 01 10 04 30 00 04 C0 F5 01 10 04 F0 00 01 02 03 00 F7 90 01 10 04 F0 00 01 00 CA 01 10 04 B0 00 01 02 02 00 F8 C0 01 10 04 B0 00 01 01 1E 01 10 04 A5 00 01 02 0F 24 FE 8E 01 10 04 A5 00 01 10 DA 01 10 04 A6 00 08 10 19 0E 09 00 00 00 00 00 00 00 00 00 00 00 00 00 00 01 01 10 04 A6 00 08 20 DC;HEX;
17;R;15:09:08:156;01 10 04 A0 00 02 04 00 01 00 00 9A D7 01 10 04 A0 00 02 40 DA;HEX;
18;R;15:09:08:375;01 10 04 A3 00 02 04 33 02 02 04 25 25 01 10 04 A3 00 02 B0 DA 01 10 04 30 00 04 08 04 06 8B 2E 22 43 00 38 93 8E 01 10 04 30 00 04 C0 F5 01 10 04 F0 00 01 02 03 00 F7 90 01 10 04 F0 00 01 00 CA 01 10 04 B0 00 01 02 02 00 F8 C0 01 10 04 B0 00 01 01 1E 01 10 04 A5 00 01 02 0F 24 FE 8E 01 10 04 A5 00 01 10 DA 01 10 04 A6 00 08 10 19 0E 09 00 00 00 00 00 00 00 00 00 00 00 00 00 00 01 01 10 04 A6 00 08 20 DC;HEX;
19;R;15:09:08:921;01 10 04 A0 00 02 04 00 01 00 00 9A D7 01 10 04 A0 00 02 40 DA;HEX;
20;R;15:09:09:390;01 10 04 A3 00 02 04 33 02 02 04 25 25 01 10 04 A3 00 02 B0 DA;HEX;
21;R;15:09:09:671;01 10 04 30 00 04 08 04 06 8B 2E 22 43 00 38 93 8E 01 10 04 30 00 04 C0 F5 01 10 04 F0 00 01 02 03 00 F7 90 01 10 04 F0 00 01 00 CA 01 10 04 B0 00 01 02 02 00 F8 C0 01 10 04 B0 00 01 01 1E 01 10 04 A5 00 01 02 0F 24 FE 8E 01 10 04 A5 00 01 10 DA 01 10 04 A6 00 08 10 19 0E 09 00 00 00 00 00 00 00 00 00 00 00 00 00 00 01 01 10 04 A6 00 08 20 DC;HEX;
22;R;15:09:10:171;01 10 04 A0 00 02 04 00 01 00 00 9A D7 01 10 04 A0 00 02 40 DA;HEX;
23;R;15:09:10:390;01 10 04 A3 00 02 04 33 02 02 04 25 25 01 10 04 A3 00 02 B0 DA 01 10 04 30 00 04 08 04 06 8B 2E 22 43 00 38 93 8E 01 10 04 30 00 04 C0 F5 01 10 04 F0 00 01 02 03 00 F7 90 01 10 04 F0 00 01 00 CA 01 10 04 B0 00 01 02 02 00 F8 C0 01 10 04 B0 00 01 01 1E 01 10 04 A5 00 01 02 0F 24 FE 8E 01 10 04 A5 00 01 10 DA 01 10 04 A6 00 08 10 19 0E 09 00 00 00 00 00 00 00 00 00 00 00 00 00 00 01 01 10 04 A6 00 08 20 DC;HEX;
24;R;15:09:10:937;01 10 04 A0 00 02 04 00 01 00 00 9A D7 01 10 04 A0 00 02 40 DA;HEX;
25;R;15:09:11:406;01 10 04 A3 00 02 04 33 02 02 04 25 25 01 10 04 A3 00 02 B0 DA;HEX;
26;R;15:09:11:687;01 10 04 30 00 04 08 04 06 8B 2E 22 43 00 38 93 8E 01 10 04 30 00 04 C0 F5 01 10 04 F0 00 01 02 03 00 F7 90 01 10 04 F0 00 01 00 CA 01 10 04 B0 00 01 02 02 00 F8 C0 01 10 04 B0 00 01 01 1E 01 10 04 A5 00 01 02 0F 24 FE 8E 01 10 04 A5 00 01 10 DA 01 10 04 A6 00 08 10 19 0E 09 00 00 00 00 00 00 00 00 00 00 00 00 00 00 01 01 10 04 A6 00 08 20 DC;HEX;
27;R;15:09:12:187;01 10 04 A0 00 02 04 00 01 00 00 9A D7 01 10 04 A0 00 02 40 DA;HEX;
28;R;15:09:12:406;01 10 04 A3 00 02 04 33 02 02 04 25 25 01 10 04 A3 00 02 B0 DA;HEX;
29;R;15:09:12:703;01 10 04 30 00 04 08 04 06 8B 2E 22 42 00 38 C2 4E 01 10 04 30 00 04 C0 F5 01 10 04 F0 00 01 02 03 00 F7 90 01 10 04 F0 00 01 00 CA 01 10 04 B0 00 01 02 02 00 F8 C0 01 10 04 B0 00 01 01 1E 01 10 04 A5 00 01 02 0F 24 FE 8E 01 10 04 A5 00 01 10 DA 01 10 04 A6 00 08 10 19 0E 09 00 00 00 00 00 00 00 00 00 00 00 00 00 00 01 01 10 04 A6 00 08 20 DC;HEX;
30;R;15:09:13:187;01 10 04 A0 00 02 04 00 01 00 00 9A D7 01 10 04 A0 00 02 40 DA;HEX;
31;R;15:09:13:421;01 10 04 A3 00 02 04 33 02 02 04 25 25 01 10 04 A3 00 02 B0 DA;HEX;
32;R;15:09:13:703;01 10 04 30 00 04 08 04 06 8B 2E 22 42 00 38 C2 4E 01 10 04 30 00 04 C0 F5 01 10 04 F0 00 01 02 03 00 F7 90 01 10 04 F0 00 01 00 CA 01 10 04 B0 00 01 02 02 00 F8 C0 01 10 04 B0 00 01 01 1E 01 10 04 A5 00 01 02 0F 24 FE 8E 01 10 04 A5 00 01 10 DA 01 10 04 A6 00 08 10 19 0E 09 00 00 00 00 00 00 00 00 00 00 00 00 00 00 01 01 10 04 A6 00 08 20 DC;HEX;
33;R;15:09:14:203;01 10 04 A0 00 02 04 00 01 00 00 9A D7 01 10 04 A0 00 02 40 DA;HEX;
34;R;15:09:14:421;01 10 04 A3 00 02 04 33 02 02 04 25 25 01 10 04 A3 00 02 B0 DA;HEX;
