#;Тип операции;Время;Сообщение;Вид представления;
0;R;15:36:30:197;01 10 FF 9F 00 22 44 13 42 01 4D 82 81 00 00 02 10 02 80 00 00 03 10 02 80 00 00 04 10 02 80 00 00 05 10 02 80 00 00 06 10 02 80 00 00 07 10 02 80 00 00 08 10 02 80 00 00 09 10 02 80 00 00 0A 10 02 80 00 00 0B 10 02 80 00 00 EA 88;HEX;
1;R;15:36:30:527;01;HEX;
2;R;15:36:30:652;10 FF 05 00 08 10 19 0E 00 00 00 00 00 00 00 00 00 00 00 00 00 00 8B 06;HEX;
3;R;15:36:30:819;01 10 FF FF 00 02 04 00 01 00 00 A8 9F;HEX;
4;R;15:36:31:112;01 10 FF 04 00 01 02 00 00 A8 DB;HEX;
5;R;15:36:31:395;01 10 FF F9 00 03 06 14 04 00 00 00 00 F2 AF;HEX;
6;R;15:36:31:678;01 10 FF 9F 00 22 44 13 42 01 4D 82 81 00 00 02 10 02 80 00 00 03 10 02 80 00 00 04 10 02 80 00 00 05 10 02 80 00 00 06 10 02 80 00 00 07 10 02 80 00 00 08 10 02 80 00 00 09 10 02 80 00 00 0A 10 02 80 00 00 0B 10 02 80 00 00 EA 88;HEX;
7;R;15:36:32:002;01 10 FF 05 00 08 10 19 0E 00 00 00 00 00 00 00 00 00 00 00 00 00 00 8B 06;HEX;
8;R;15:36:32:284;01 10 FF FF 00 02 04 00 01 00 00 A8 9F;HEX;
9;R;15:36:32:579;01 10 FF 04 00 01 02 00 00 A8 DB;HEX;
10;R;15:36:32:853;01 10 FF F9 00 03 06 14 04 00 00 00 00 F2 AF;HEX;
11;R;15:36:33:150;01 10 FF 9F 00 22 44 13 42 01 4D 82 81 00 00 02 10 02 80 00 00 03 10 02 80 00 00 04 10 02 80 00 00 05 10 02 80 00 00 06 10 02 80 00 00 07 10 02 80 00 00 08 10 02 80 00 00 09 10 02 80 00 00 0A 10 02 80 00 00 0B 10 02 80 00 00 EA 88;HEX;
12;R;15:36:33:475;01 10 FF 05 00 08 10 19 0E 00 00 00 00 00 00 00 00 00 00 00 00 00 00 8B 06;HEX;
13;R;15:36:33:767;01 10 FF FF 00 02 04 00 01 00 00 A8 9F;HEX;
14;R;15:36:34:053;01 10 FF 04 00 01 02 00 00 A8 DB;HEX;
15;R;15:36:34:334;01 10 FF F9 00 03 06 14 04 00 00 00 00 F2 AF;HEX;
16;R;15:36:34:616;01 10 FF 9F 00 22 44 13 42 01 4D 82 81 00 00 02 10 02 80 00 00 03 10 02 80 00 00 04 10 02 80 00 00 05 10 02 80 00 00 06 10 02 80 00 00 07 10 02 80 00 00 08 10 02 80 00 00 09 10 02 80 00 00 0A 10 02 80 00 00 0B 10 02 80 00 00 EA 88;HEX;
17;R;15:36:34:944;01 10 FF 05 00 08 10 19 0E 00 00 00 00 00 00 00 00 00 00 00 00 00 00 8B 06;HEX;
18;R;15:36:35:224;01 10 FF FF 00 02 04 00 01 00 00 A8 9F;HEX;
19;R;15:36:35:521;01 10 FF 04 00 01 02 00 00 A8 DB;HEX;
20;R;15:36:35:793;01 10 FF F9 00 03 06 14 04 00 00 00 00 F2 AF;HEX;
21;R;15:36:36:090;01 10 FF 9F 00 22 44 13 42 01 4D 82 81 00 00 02 10 02 80 00 00 03 10 02 80 00 00 04 10 02 80 00 00 05 10 02 80 00 00 06 10 02 80 00 00 07 10 02 80 00 00 08 10 02 80 00 00 09 10 02 80 00 00 0A 10 02 80 00 00 0B 10 02 80 00 00 EA 88;HEX;
22;R;15:36:36:416;01 10 FF 05 00 08 10 19 0E 00 00 00 00 00 00 00 00 00 00 00 00 00 00 8B 06;HEX;
23;R;15:36:36:708;01 10 FF FF 00 02 04 00 01 00 00 A8 9F;HEX;
24;R;15:36:36:985;01 10 FF 04 00 01 02 00 00 A8 DB;HEX;
25;R;15:36:37:273;01 10 FF F9 00 03 06 14 04 00 00 00 00 F2 AF;HEX;
26;R;15:36:37:553;01 10 FF 9F 00 22 44 13 42 01 4D 82 81 00 00 02 10 02 80 00 00 03 10 02 80 00 00 04 10 02 80 00 00 05 10 02 80 00 00 06 10 02 80 00 00 07 10 02 80 00 00 08 10 02 80 00 00 09 10 02 80 00 00 0A 10 02 80 00 00 0B 10 02 80 00 00 EA 88;HEX;
27;R;15:36:37:886;01 10 FF 05 00 08 10 19 0E 00 00 00 00 00 00 00 00 00 00 00 00 00 00 8B 06;HEX;
28;R;15:36:38:173;01 10 FF FF 00 02 04 00 01 00 00 A8 9F;HEX;
29;R;15:36:38:465;01 10 FF 04 00 01 02 00 00 A8 DB;HEX;
30;R;15:36:38:735;01 10 FF F9 00 03 06 14 04 00 00 00 00 F2 AF;HEX;
31;R;15:36:39:032;01 10 FF 9F 00 22 44 13 42 01 4D 82 81 00 00 02 10 02 80 00 00 03 10 02 80 00 00 04 10 02 80 00 00 05 10 02 80 00 00 06 10 02 80 00 00 07 10 02 80 00 00 08 10 02 80 00 00 09 10 02 80 00 00 0A 10 02 80 00 00 0B 10 02 80 00 00 EA 88;HEX;
32;R;15:36:39:345;01 10 FF 05 00 08 10 19 0E 00 00 00 00 00 00 00 00 00 00 00 00 00 00 8B 06;HEX;
33;R;15:36:39:649;01 10 FF FF 00 02 04 00 01 00 00 A8 9F;HEX;
34;R;15:36:39:931;01 10 FF 04 00 01 02 00 00 A8 DB;HEX;
35;R;15:36:40:219;01 10 FF F9 00 03 06 14 04 00 00 00 00 F2 AF;HEX;
36;R;15:36:40:500;01 10 FF 9F 00 22 44 13 42 01 4D 82 81 00 00 02 10 02 80 00 00 03 10 02 80 00 00 04 10 02 80 00 00 05 10 02 80 00 00 06 10 02 80 00 00 07 10 02 80 00 00 08 10 02 80 00 00 09 10 02 80 00 00 0A 10 02 80 00 00 0B 10 02 80 00 00 EA 88;HEX;
37;R;15:36:40:828;01 10 FF 05 00 08 10 19 0E 00 00 00 00 00 00 00 00 00 00 00 00 00 00 8B 06;HEX;
38;R;15:36:41:108;01 10 FF FF 00 02 04 00 01 00 00 A8 9F;HEX;
39;R;15:36:41:406;01 10 FF 04 00 01 02 00 00 A8 DB;HEX;
40;R;15:36:41:689;01 10 FF F9 00 03 06 14 04 00 00 00 00 F2 AF;HEX;
41;R;15:36:41:971;01 10 FF 9F 00 22 44 13 42 01 4D 82 81 00 00 02 10 02 80 00 00 03 10 02 80 00 00 04 10 02 80 00 00 05 10 02 80 00 00 06 10 02 80 00 00 07 10 02 80 00 00 08 10 02 80 00 00 09 10 02 80 00 00 0A 10 02 80 00 00 0B 10 02 80 00 00 EA 88;HEX;
42;R;15:36:42:298;01 10 FF 05 00 08 10 19 0E 00 00 00 00 00 00 00 00 00 00 00 00 00 00 8B 06;HEX;
43;R;15:36:42:591;01 10 FF FF 00 02 04 00 01 00 00 A8 9F;HEX;
44;R;15:36:42:872;01 10 FF 04 00 01 02 00 00 A8 DB;HEX;
45;R;15:36:43:160;01 10 FF F9 00 03 06 14 04 00 00 00 00 F2 AF;HEX;
46;R;15:36:43:447;01 10 FF 9F 00 22 44 13 42 01 4D 82 81 00 00 02 10 02 80 00 00 03 10 02 80 00 00 04 10 02 80 00 00 05 10 02 80 00 00 06 10 02 80 00 00 07 10 02 80 00 00 08 10 02 80 00 00 09 10 02 80 00 00 0A 10 02 80 00 00 0B 10 02 80 00 00 EA 88;HEX;
47;R;15:36:43:764;01 10 FF 05 00 08 10 19 0E 00 00 00 00 00 00 00 00 00 00 00 00 00 00 8B 06;HEX;
48;R;15:36:44:049;01 10 FF FF 00 02 04 00 01 00 00 A8 9F;HEX;
49;R;15:36:44:347;01 10 FF 04 00 01 02 00 00 A8 DB;HEX;
50;R;15:36:44:631;01 10 FF F9 00 03 06 14 04 00 00 00 00 F2 AF;HEX;
51;R;15:36:44:912;01 10 FF 9F 00 22 44 13 42 01 4D 82 81 00 00 02 10 02 80 00 00 03 10 02 80 00 00 04 10 02 80 00 00 05 10 02 80 00 00 06 10 02 80 00 00 07 10 02 80 00 00 08 10 02 80 00 00 09 10 02 80 00 00 0A 10 02 80 00 00 0B 10 02 80 00 00 EA 88;HEX;
52;R;15:36:45:232;01 10 FF 05 00 08 10 19 0E 00 00 00 00 00 00 00 00 00 00 00 00 00 00 8B 06;HEX;
53;R;15:36:45:532;01 10 FF FF 00 02 04 00 01 00 00 A8 9F;HEX;
54;R;15:36:45:818;01 10 FF 04 00 01 02 00 00 A8 DB;HEX;
55;R;15:36:46:100;01 10 FF F9 00 03 06 14 04 00 00 00 00 F2 AF;HEX;
56;R;15:36:46:388;01 10 FF 9F 00 22 44 13 42 01 4D 82 81 00 00 02 10 02 80 00 00 03 10 02 80 00 00 04 10 02 80 00 00 05 10 02 80 00 00 06 10 02 80 00 00 07 10 02 80 00 00 08 10 02 80 00 00 09 10 02 80 00 00 0A 10 02 80 00 00 0B 10 02 80 00 00 EA 88;HEX;
57;R;15:36:46:706;01 10 FF 05 00 08 10 19 0E 00 00 00 00 00 00 00 00 00 00 00 00 00 00 8B 06;HEX;
58;R;15:36:46:988;01 10 FF FF 00 02 04 00 01 00 00 A8 9F;HEX;
59;R;15:36:47:288;01 10 FF 04 00 01 02 00 00 A8 DB;HEX;
60;R;15:36:47:572;01 10 FF F9 00 03 06 14 04 00 00 00 00 F2 AF;HEX;
61;R;15:36:47:859;01 10 FF 9F 00 22 44 13 42 01 4D 82 81 00 00 02 10 02 80 00 00 03 10 02 80 00 00 04 10 02 80 00 00 05 10 02 80 00 00 06 10 02 80 00 00 07 10 02 80 00 00 08 10 02 80 00 00 09 10 02 80 00 00 0A 10 02 80 00 00 0B 10 02 80 00 00 EA 88;HEX;
62;R;15:36:48:178;01 10 FF 05 00 08 10 19 0E 00 00 00 00 00 00 00 00 00 00 00 00 00 00 8B 06;HEX;
63;R;15:36:48:473;01 10 FF FF 00 02 04 00 01 00 00 A8 9F;HEX;
64;R;15:36:48:745;01 10 FF 04 00 01 02 00 00 A8 DB;HEX;
65;R;15:36:49:042;01 10 FF F9 00 03 06 14 04 00 00 00 00 F2 AF;HEX;
66;R;15:36:49:323;01 10 FF 9F 00 22 44 13 42 01 4D 82 81 00 00 02 10 02 80 00 00 03 10 02 80 00 00 04 10 02 80 00 00 05 10 02 80 00 00 06 10 02 80 00 00 07 10 02 80 00 00 08 10 02 80 00 00 09 10 02 80 00 00 0A 10 02 80 00 00 0B 10 02 80 00 00 EA 88;HEX;
67;R;15:36:49:642;01 10 FF 05 00 08 10 19 0E 00 00 00 00 00 00 00 00 00 00 00 00 00 00 8B 06;HEX;
68;R;15:36:49:944;01 10 FF FF 00 02 04 00 01 00 00 A8 9F;HEX;
69;R;15:38:37:589;01 10 FF 04 00 01 02 00 00 A8 DB;HEX;
70;R;15:38:37:873;01 10 FF F9 00 03 06 14 04 00 00 00 00 F2 AF;HEX;
71;R;15:38:38:160;01 10 FF 9F 00 22 44 13 42 01 4D 82 81 00 00 02 10 02 80 00 00 03 10 02 80 00 00 04 10 02 80 00 00 05 10 02 80 00 00 06 10 02 80 00 00 07 10 02 80 00 00 08 10 02 80 00 00 09 10 02 80 00 00 0A 10 02 80 00 00 0B 10 02 80 00 00 EA 88;HEX;
72;R;15:38:38:475;01 10 FF 05 00 08 10 19 0E 00 00 00 00 00 00 00 00 00 00 00 00 00 00 8B 06;HEX;
73;R;15:38:38:774;01 10 FF FF 00 02 04 00 01 00 00 A8 9F;HEX;
74;R;15:38:39:060;01 10 FF 04 00 01 02 00 00 A8 DB;HEX;
75;R;15:38:39:341;01 10 FF F9 00 03 06 14 04 00 00 00 00 F2 AF;HEX;
76;R;15:38:39:627;01 10 FF 9F 00 22 44 13 42 01 4D 82 81 00 00 02 10 02 80 00 00 03 10 02 80 00 00 04 10 02 80 00 00 05 10 02 80 00 00 06 10 02 80 00 00 07 10 02 80 00 00 08 10 02 80 00 00 09 10 02 80 00 00 0A 10 02 80 00 00 0B 10 02 80 00 00 EA 88;HEX;
77;R;15:38:39:952;01 10 FF 05 00 08 10 19 0E 00 00 00 00 00 00 00 00 00 00 00 00 00 00 8B 06;HEX;
78;R;15:38:40:242;01 10 FF FF 00 02 04 00 01 00 00 A8 9F;HEX;
79;R;15:38:40:530;01 10 FF 04 00 01 02 00 00 A8 DB;HEX;
80;R;15:38:40:814;01 10 FF F9 00 03 06 14 04 00 00 00 00 F2 AF;HEX;
81;R;15:38:41:101;01 10 FF 9F 00 22 44 13 42 01 4D 82 81 00 00 02 10 02 80 00 00 03 10 02 80 00 00 04 10 02 80 00 00 05 10 02 80 00 00 06 10 02 80 00 00 07 10 02 80 00 00 08 10 02 80 00 00 09 10 02 80 00 00 0A 10 02 80 00 00 0B 10 02 80 00 00 EA 88;HEX;
82;R;15:38:41:420;01 10 FF 05 00 08 10 19 0E 00 00 00 00 00 00 00 00 00 00 00 00 00 00 8B 06;HEX;
83;R;15:38:41:715;01 10 FF FF 00 02 04 00 01 00 00 A8 9F;HEX;
84;R;15:38:42:001;01 10 FF 04 00 01 02 00 00 A8 DB;HEX;
85;R;15:38:42:273;01 10 FF F9 00 03 06 14 04 00 00 00 00 F2 AF;HEX;
86;R;15:38:42:572;01 10 FF 9F 00 22 44 13 42 01 4D 82 81 00 00 02 10 02 80 00 00 03 10 02 80 00 00 04 10 02 80 00 00 05 10 02 80 00 00 06 10 02 80 00 00 07 10 02 80 00 00 08 10 02 80 00 00 09 10 02 80 00 00 0A 10 02 80 00 00 0B 10 02 80 00 00 EA 88;HEX;
87;R;15:38:42:893;01 10 FF 05 00 08 10 19 0E 00 00 00 00 00 00 00 00 00 00 00 00 00 00 8B 06;HEX;
88;R;15:38:43:186;01 10 FF FF 00 02 04 00 01 00 00 A8 9F;HEX;
89;R;15:38:43:472;01 10 FF 04 00 01 02 00 00 A8 DB;HEX;
90;R;15:38:43:755;01 10 FF F9 00 03 06 14 04 00 00 00 00 F2 AF;HEX;
91;R;15:38:44:042;01 10 FF 9F 00 22 44 13 42 01 4D 82 81 00 00 02 10 02 80 00 00 03 10 02 80 00 00 04 10 02 80 00 00 05 10 02 80 00 00 06 10 02 80 00 00 07 10 02 80 00 00 08 10 02 80 00 00 09 10 02 80 00 00 0A 10 02 80 00 00 0B 10 02 80 00 00 EA 88;HEX;
92;R;15:38:44:356;01 10 FF 05 00 08 10 19 0E 00 00 00 00 00 00 00 00 00 00 00 00 00 00 8B 06;HEX;
93;R;15:38:44:656;01 10 FF FF 00 02 04 00 01 00 00 A8 9F;HEX;
94;R;15:38:44:938;01 10 FF 04 00 01 02 00 00 A8 DB;HEX;
95;R;15:38:45:226;01 10 FF F9 00 03 06 14 04 00 00 00 00 F2 AF;HEX;
96;R;15:38:45:506;01 10 FF 9F 00 22 44 13 42 01 4D 82 81 00 00 02 10 02 80 00 00 03 10 02 80 00 00 04 10 02 80 00 00 05 10 02 80 00 00 06 10 02 80 00 00 07 10 02 80 00 00 08 10 02 80 00 00 09 10 02 80 00 00 0A 10 02 80 00 00 0B 10 02 80 00 00 EA 88;HEX;
97;R;15:38:45:835;01 10 FF 05 00 08 10 19 0E 00 00 00 00 00 00 00 00 00 00 00 00 00 00 8B 06;HEX;
98;R;15:38:46:127;01 10 FF FF 00 02 04 00 01 00 00 A8 9F;HEX;
99;R;15:38:46:411;01 10 FF 04 00 01 02 00 00 A8 DB;HEX;
100;R;15:38:46:692;01;HEX;
101;R;15:38:46:786;10 FF F9 00 03 06 14 04 00 00 00 00 F2 AF;HEX;
102;R;15:38:46:973;01 10 FF 9F 00 22 44 13 42 01 4D 82 81 00 00 02 10 02 80 00 00 03 10 02 80 00 00 04 10 02 80 00 00 05 10 02 80 00 00 06 10 02 80 00 00 07 10 02 80 00 00 08 10 02 80 00 00 09 10 02 80 00 00 0A 10 02 80 00 00 0B 10 02 80 00 00 EA 88;HEX;
103;R;15:38:47:290;01;HEX;
104;R;15:38:47:352;10 FF 05 00 08 10 19 0E 00 00 00 00 00 00 00 00 00 00 00 00 00 00 8B 06;HEX;
105;R;15:38:47:587;01;HEX;
106;R;15:38:47:649;10 FF FF 00 02 04 00 01 00 00 A8 9F;HEX;
107;R;15:38:47:884;01 10 FF 04 00 01 02 00 00 A8 DB;HEX;
108;R;15:38:48:167;01 10 FF F9 00 03 06 14 04 00 00 00 00 F2 AF;HEX;
109;R;15:38:48:446;01 10 FF 9F 00 22 44 13 42 01 4D 82 81 00 00 02 10 02 80 00 00 03 10 02 80 00 00 04 10 02 80 00 00 05 10 02 80 00 00 06 10 02 80 00 00 07 10 02 80 00 00 08 10 02 80 00 00 09 10 02 80 00 00 0A 10 02 80 00 00 0B 10 02 80 00 00 EA 88;HEX;
110;R;15:38:48:776;01;HEX;
111;R;15:38:48:831;10 FF 05 00 08 10 19 0E 00 00 00 00 00 00 00 00 00 00 00 00 00 00 8B 06;HEX;
112;R;15:38:49:065;01 10 FF FF 00 02 04 00 01 00 00 A8 9F;HEX;
113;R;15:38:49:351;01 10 FF 04 00 01 02 00 00 A8 DB;HEX;
114;R;15:38:49:635;01 10 FF F9 00 03 06 14 04 00 00 00 00 F2 AF;HEX;
115;R;15:38:49:916;01 10 FF 9F 00 22 44 13 42 01 4D 82 81 00 00 02 10 02 80 00 00 03 10 02 80 00 00 04 10 02 80 00 00 05 10 02 80 00 00 06 10 02 80 00 00 07 10 02 80 00 00 08 10 02 80 00 00 09 10 02 80 00 00 0A 10 02 80 00 00 0B 10 02 80 00 00 EA 88;HEX;
116;R;15:38:50:246;01 10 FF 05 00 08 10 19 0E 00 00 00 00 00 00 00 00 00 00 00 00 00 00 8B 06;HEX;
117;R;15:38:50:539;01 10 FF FF 00 02 04 00 01 00 00 A8 9F;HEX;
118;R;15:38:50:820;01 10 FF 04 00 01 02 00 00 A8 DB;HEX;
119;R;15:38:51:101;01;HEX;
120;R;15:38:51:163;10 FF F9 00 03 06 14 04 00 00 00 00 F2 AF;HEX;
121;R;15:38:51:382;01;HEX;
122;R;15:38:51:445;10 FF 9F 00 22 44 13 42 01 4D 82 81 00 00 02 10 02 80 00 00 03 10 02 80 00 00 04 10 02 80 00 00 05 10 02 80 00 00 06 10 02 80 00 00 07 10 02 80 00 00 08 10 02 80 00 00 09 10 02 80 00 00 0A 10 02 80 00 00 0B 10 02 80 00 00 EA 88;HEX;
123;R;15:38:51:717;01 10 FF 05 00 08 10 19 0E 00 00 00 00 00 00 00 00 00 00 00 00 00 00 8B 06;HEX;
124;R;15:38:52:009;01 10 FF FF 00 02 04 00 01 00 00 A8 9F;HEX;
125;R;15:38:52:289;01;HEX;
126;R;15:38:52:352;10 FF 04 00 01 02 00 00 A8 DB;HEX;
127;R;15:38:52:570;01;HEX;
128;R;15:38:52:633;10 FF F9 00 03 06 14 04 00 00 00 00 F2 AF;HEX;
129;R;15:38:52:852;01;HEX;
130;R;15:38:52:914;10 FF 9F 00 22 44 13 42 01 4D 82 81 00 00 02 10 02 80 00 00 03 10 02 80 00 00 04 10 02 80 00 00 05 10 02 80 00 00 06 10 02 80 00 00 07 10 02 80 00 00 08 10 02 80 00 00 09 10 02 80 00 00 0A 10 02 80 00 00 0B 10 02 80 00 00 EA 88;HEX;
131;R;15:38:53:173;01;HEX;
132;R;15:38:53:236;10 FF 05 00 08 10 19 0E 00 00 00 00 00 00 00 00 00 00 00 00 00 00 8B 06;HEX;
133;R;15:38:53:470;01;HEX;
134;R;15:38:53:532;10 FF FF 00 02 04 00 01 00 00 A8 9F;HEX;
135;R;15:38:53:758;01;HEX;
136;R;15:38:53:836;10 FF 04 00 01 02 00 00 A8 DB;HEX;
137;R;15:38:54:045;01 10 FF F9 00 03 06 14 04 00 00 00 00 F2 AF;HEX;
138;R;15:38:54:326;01;HEX;
139;R;15:38:54:405;10 FF 9F 00 22 44 13 42 01 4D 82 81 00 00 02 10 02 80 00 00 03 10 02 80 00 00 04 10 02 80 00 00 05 10 02 80 00 00 06 10 02 80 00 00 07 10 02 80 00 00 08 10 02 80 00 00 09 10 02 80 00 00 0A 10 02 80 00 00 0B 10 02 80 00 00 EA 88;HEX;
140;R;15:38:54:655;01;HEX;
141;R;15:38:54:717;10 FF 05 00 08 10 19 0E 00 00 00 00 00 00 00 00 00 00 00 00 00 00 8B 06;HEX;
142;R;15:38:54:936;01;HEX;
143;R;15:38:54:999;10 FF FF 00 02 04 00 01 00 00 A8 9F;HEX;
144;R;15:38:55:224;01;HEX;
145;R;15:38:55:302;10 FF 04 00 01 02 00 00 A8 DB;HEX;
146;R;15:38:55:505;01;HEX;
147;R;15:38:55:567;10 FF F9 00 03 06 14 04 00 00 00 00 F2 AF;HEX;
148;R;15:38:55:802;01;HEX;
149;R;15:38:55:864;10 FF 9F 00 22 44 13 42 01 4D 82 81 00 00 02 10 02 80 00 00 03 10 02 80 00 00 04 10 02 80 00 00 05 10 02 80 00 00 06 10 02 80 00 00 07 10 02 80 00 00 08 10 02 80 00 00 09 10 02 80 00 00 0A 10 02 80 00 00 0B 10 02 80 00 00 EA 88;HEX;
150;R;15:38:56:114;01;HEX;
151;R;15:38:56:177;10 FF 05 00 08 10 19 0E 00 00 00 00 00 00 00 00 00 00 00 00 00 00 8B 06;HEX;
152;R;15:38:56:411;01;HEX;
153;R;15:38:56:474;10 FF FF 00 02 04 00 01 00 00 A8 9F;HEX;
154;R;15:38:56:693;01;HEX;
155;R;15:38:56:755;10 FF 04 00 01 02 00 00 A8 DB;HEX;
156;R;15:38:56:991;01 10 FF F9 00 03 06 14 04 00 00 00 00 F2 AF;HEX;
157;R;15:38:57:270;01;HEX;
158;R;15:38:57:332;10 FF 9F 00 22 44 13 42 01 4D 82 81 00 00 02 10 02 80 00 00 03 10 02 80 00 00 04 10 02 80 00 00 05 10 02 80 00 00 06 10 02 80 00 00 07 10 02 80 00 00 08 10 02 80 00 00 09 10 02 80 00 00 0A 10 02 80 00 00 0B 10 02 80 00 00 EA 88;HEX;
159;R;15:38:57:599;01 10 FF 05 00 08 10 19 0E 00 00 00 00 00 00 00 00 00 00 00 00 00 00 8B 06;HEX;
160;R;15:38:57:892;01 10 FF FF 00 02 04 00 01 00 00 A8 9F;HEX;
161;R;15:38:58:173;01;HEX;
162;R;15:38:58:236;10 FF 04 00 01 02 00 00 A8 DB;HEX;
163;R;15:38:58:454;01;HEX;
164;R;15:38:58:517;10 FF F9 00 03 06 14 04 00 00 00 00 F2 AF;HEX;
165;R;15:38:58:736;01;HEX;
166;R;15:38:58:798;10 FF 9F 00 22 44 13 42 01 4D 82 81 00 00 02 10 02 80 00 00 03 10 02 80 00 00 04 10 02 80 00 00 05 10 02 80 00 00 06 10 02 80 00 00 07 10 02 80 00 00 08 10 02 80 00 00 09 10 02 80 00 00 0A 10 02 80 00 00 0B 10 02 80 00 00 EA 88;HEX;
167;R;15:38:59:064;01;HEX;
168;R;15:38:59:126;10 FF 05 00 08 10 19 0E 00 00 00 00 00 00 00 00 00 00 00 00 00 00 8B 06;HEX;
169;R;15:38:59:362;01 10 FF FF 00 02 04 00 01 00 00 A8 9F;HEX;
170;R;15:38:59:641;01;HEX;
171;R;15:38:59:703;10 FF 04 00 01 02 00 00 A8 DB;HEX;
172;R;15:38:59:922;01;HEX;
173;R;15:38:59:985;10 FF F9 00 03 06 14 04 00 00 00 00 F2 AF;HEX;
174;R;15:39:00:205;01;HEX;
175;R;15:39:00:283;10 FF 9F 00 22 44 13 42 01 4D 82 81 00 00 02 10 02 80 00 00 03 10 02 80 00 00 04 10 02 80 00 00 05 10 02 80 00 00 06 10 02 80 00 00 07 10 02 80 00 00 08 10 02 80 00 00 09 10 02 80 00 00 0A 10 02 80 00 00 0B 10 02 80 00 00 EA 88;HEX;
176;R;15:39:00:541;01;HEX;
177;R;15:39:00:604;10 FF 05 00 08 10 19 0E 00 00 00 00 00 00 00 00 00 00 00 00 00 00 8B 06;HEX;
178;R;15:39:00:823;01;HEX;
179;R;15:39:00:885;10 FF FF 00 02 04 00 01 00 00 A8 9F;HEX;
180;R;15:39:01:120;01 10 FF 04 00 01 02 00 00 A8 DB;HEX;
181;R;15:39:01:401;01;HEX;
182;R;15:39:01:467;10 FF F9 00 03 06 14 04 00 00 00 00 F2 AF;HEX;
183;R;15:39:01:686;01;HEX;
184;R;15:39:01:748;10 FF 9F 00 22 44 13 42 01 4D 82 81 00 00 02 10 02 80 00 00 03 10 02 80 00 00 04 10 02 80 00 00 05 10 02 80 00 00 06 10 02 80 00 00 07 10 02 80 00 00 08 10 02 80 00 00 09 10 02 80 00 00 0A 10 02 80 00 00 0B 10 02 80 00 00 EA 88;HEX;
185;R;15:39:01:998;01;HEX;
186;R;15:39:02:077;10 FF 05 00 08 10 19 0E 00 00 00 00 00 00 00 00 00 00 00 00 00 00 8B 06;HEX;
187;R;15:39:02:305;01;HEX;
188;R;15:39:02:365;10 FF FF 00 02 04 00 01 00 00 A8 9F;HEX;
189;R;15:39:02:584;01;HEX;
190;R;15:39:02:646;10 FF 04 00 01 02 00 00 A8 DB;HEX;
191;R;15:39:02:865;01;HEX;
192;R;15:39:02:943;10 FF F9 00 03 06 14 04 00 00 00 00 F2 AF;HEX;
193;R;15:39:03:146;01;HEX;
194;R;15:39:03:224;10 FF 9F 00 22 44 13 42 01 4D 82 81 00 00 02 10 02 80 00 00 03 10 02 80 00 00 04 10 02 80 00 00 05 10 02 80 00 00 06 10 02 80 00 00 07 10 02 80 00 00 08 10 02 80 00 00 09 10 02 80 00 00 0A 10 02 80 00 00 0B 10 02 80 00 00 EA 88;HEX;
195;R;15:39:03:474;01;HEX;
196;R;15:39:03:552;10 FF 05 00 08 10 19 0E 00 00 00 00 00 00 00 00 00 00 00 00 00 00 8B 06;HEX;
197;R;15:39:03:771;01;HEX;
198;R;15:39:03:834;10 FF FF 00 02 04 00 01 00 00 A8 9F;HEX;
199;R;15:39:04:053;01;HEX;
200;R;15:39:04:131;10 FF 04 00 01 02 00 00 A8 DB;HEX;
201;R;15:39:04:336;01;HEX;
202;R;15:39:04:414;10 FF F9 00 03 06 14 04 00 00 00 00 F2 AF;HEX;
203;R;15:39:04:622;01;HEX;
204;R;15:39:04:701;10 FF 9F 00 22 44 13 42 01 4D 82 81 00 00 02 10 02 80 00 00 03 10 02 80 00 00 04 10 02 80 00 00 05 10 02 80 00 00 06 10 02 80 00 00 07 10 02 80 00 00 08 10 02 80 00 00 09 10 02 80 00 00 0A 10 02 80 00 00 0B 10 02 80 00 00 EA 88;HEX;
205;R;15:39:04:953;01;HEX;
206;R;15:39:05:016;10 FF 05 00 08 10 19 0E 00 00 00 00 00 00 00 00 00 00 00 00 00 00 8B 06;HEX;
207;R;15:39:05:238;01;HEX;
208;R;15:39:05:300;10 FF FF 00 02 04 00 01 00 00 A8 9F;HEX;
209;R;15:39:05:521;01;HEX;
210;R;15:39:05:599;10 FF 04 00 01 02 00 00 A8 DB;HEX;
211;R;15:39:05:805;01;HEX;
212;R;15:39:05:867;10 FF F9 00 03 06 14 04 00 00 00 00 F2 AF;HEX;
213;R;15:39:06:094;01;HEX;
214;R;15:39:06:172;10 FF 9F 00 22 44 13 42 01 4D 82 81 00 00 02 10 02 80 00 00 03 10 02 80 00 00 04 10 02 80 00 00 05 10 02 80 00 00 06 10 02 80 00 00 07 10 02 80 00 00 08 10 02 80 00 00 09 10 02 80 00 00 0A 10 02 80 00 00 0B 10 02 80 00 00 EA 88;HEX;
215;R;15:39:06:424;01;HEX;
216;R;15:39:06:502;10 FF 05 00 08 10 19 0E 00 00 00 00 00 00 00 00 00 00 00 00 00 00 8B 06;HEX;
217;R;15:39:06:708;01;HEX;
218;R;15:39:06:771;10 FF FF 00 02 04 00 01 00 00 A8 9F;HEX;
219;R;15:39:06:990;01;HEX;
220;R;15:39:07:068;10 FF 04 00 01 02 00 00 A8 DB;HEX;
221;R;15:39:07:271;01;HEX;
222;R;15:39:07:349;10 FF F9 00 03 06 14 04 00 00 00 00 F2 AF;HEX;
223;R;15:39:07:568;01;HEX;
224;R;15:39:07:646;10 FF 9F 00 22 44 13 42 01 4D 82 81 00 00 02 10 02 80 00 00 03 10 02 80 00 00 04 10 02 80 00 00 05 10 02 80 00 00 06 10 02 80 00 00 07 10 02 80 00 00 08 10 02 80 00 00 09 10 02 80 00 00 0A 10 02 80 00 00 0B 10 02 80 00 00 EA 88;HEX;
225;R;15:39:07:880;01;HEX;
226;R;15:39:07:958;10 FF 05 00 08 10 19 0E 00 00 00 00 00 00 00 00 00 00 00 00 00 00 8B 06;HEX;
227;R;15:39:08:177;01;HEX;
228;R;15:39:08:255;10 FF FF 00 02 04 00 01 00 00 A8 9F;HEX;
229;R;15:39:08:458;01;HEX;
230;R;15:39:08:552;10 FF 04 00 01 02 00 00 A8 DB;HEX;
231;R;15:39:08:755;01;HEX;
232;R;15:39:08:818;10 FF F9 00 03 06 14 04 00 00 00 00 F2 AF;HEX;
233;R;15:39:09:037;01;HEX;
234;R;15:39:09:115;10 FF 9F 00 22 44 13 42 01 4D 82 81 00 00 02 10 02 80 00 00 03 10 02 80 00 00 04 10 02 80 00 00 05 10 02 80 00 00 06 10 02 80 00 00 07 10 02 80 00 00 08 10 02 80 00 00 09 10 02 80 00 00 0A 10 02 80 00 00 0B 10 02 80 00 00 EA 88;HEX;
235;R;15:39:09:355;01;HEX;
236;R;15:39:09:434;10 FF 05 00 08 10 19 0E 00 00 00 00 00 00 00 00 00 00 00 00 00 00 8B 06;HEX;
237;R;15:39:09:652;01;HEX;
238;R;15:39:09:730;10 FF FF 00 02 04 00 01 00 00 A8 9F;HEX;
239;R;15:39:09:934;01;HEX;
240;R;15:39:10:012;10 FF 04 00 01 02 00 00 A8 DB;HEX;
241;R;15:39:10:215;01;HEX;
242;R;15:39:10:293;10 FF F9 00 03 06 14 04 00 00 00 00 F2 AF;HEX;
243;R;15:39:10:512;01;HEX;
244;R;15:39:10:590;10 FF 9F 00 22 44 13 42 01 4D 82 81 00 00 02 10 02 80 00 00 03 10 02 80 00 00 04 10 02 80 00 00 05 10 02 80 00 00 06 10 02 80 00 00 07 10 02 80 00 00 08 10 02 80 00 00 09 10 02 80 00 00 0A 10 02 80 00 00 0B 10 02 80 00 00 EA 88;HEX;
245;R;15:39:10:824;01;HEX;
246;R;15:39:10:918;10 FF 05 00 08 10 19 0E 00 00 00 00 00 00 00 00 00 00 00 00 00 00 8B 06;HEX;
247;R;15:39:11:121;01;HEX;
248;R;15:39:11:199;10 FF FF 00 02 04 00 01 00 00 A8 9F;HEX;
249;R;15:39:11:402;01;HEX;
250;R;15:39:11:481;10 FF 04 00 01 02 00 00 A8 DB;HEX;
251;R;15:39:11:684;01;HEX;
252;R;15:39:11:762;10 FF F9 00 03 06 14 04 00 00 00 00 F2 AF;HEX;
253;R;15:39:11:981;01;HEX;
254;R;15:39:12:059;10 FF 9F 00 22 44 13 42 01 4D 82 81 00 00 02 10 02 80 00 00 03 10 02 80 00 00 04 10 02 80 00 00 05 10 02 80 00 00 06 10 02 80 00 00 07 10 02 80 00 00 08 10 02 80 00 00 09 10 02 80 00 00 0A 10 02 80 00 00 0B 10 02 80 00 00 EA 88;HEX;
255;R;15:39:12:306;01;HEX;
256;R;15:39:12:385;10 FF 05 00 08 10 19 0E 00 00 00 00 00 00 00 00 00 00 00 00 00 00 8B 06;HEX;
257;R;15:39:12:588;01;HEX;
258;R;15:39:12:666;10 FF FF 00 02 04 00 01 00 00 A8 9F;HEX;
259;R;15:39:12:885;01;HEX;
260;R;15:39:12:963;10 FF 04 00 01 02 00 00 A8 DB;HEX;
261;R;15:39:13:166;01;HEX;
262;R;15:39:13:229;10 FF F9 00 03 06 14 04 00 00 00 00 F2 AF;HEX;
263;R;15:39:13:455;01;HEX;
264;R;15:39:13:532;10 FF 9F 00 22 44 13 42 01 4D 82 81 00 00 02 10 02 80 00 00 03 10 02 80 00 00 04 10 02 80 00 00 05 10 02 80 00 00 06 10 02 80 00 00 07 10 02 80 00 00 08 10 02 80 00 00 09 10 02 80 00 00 0A 10 02 80 00 00 0B 10 02 80 00 00 EA 88;HEX;
265;R;15:39:13:766;01;HEX;
266;R;15:39:13:845;10 FF 05 00 08 10 19 0E 00 00 00 00 00 00 00 00 00 00 00 00 00 00 8B 06;HEX;
267;R;15:39:14:066;01;HEX;
268;R;15:39:14:144;10 FF FF 00 02 04 00 01 00 00 A8 9F;HEX;
269;R;15:39:14:347;01;HEX;
270;R;15:39:14:441;10 FF 04 00 01 02 00 00 A8 DB;HEX;
271;R;15:39:14:628;01;HEX;
272;R;15:39:14:707;10 FF F9 00 03 06 14 04 00 00 00 00 F2 AF;HEX;
273;R;15:39:14:925;01;HEX;
274;R;15:39:15:004;10 FF 9F 00 22 44 13 42 01 4D 82 81 00 00 02 10 02 80 00 00 03 10 02 80 00 00 04 10 02 80 00 00 05 10 02 80 00 00 06 10 02 80 00 00 07 10 02 80 00 00 08 10 02 80 00 00 09 10 02 80 00 00 0A 10 02 80 00 00 0B 10 02 80 00 00 EA 88;HEX;
