
01 10 05 D0 00 04 08 04 06 00 00 00 00 00 00 1F 32 							01 10 05 D0 00 04 C0 FF 
01 10 05 90 00 01 02 03 00 EE F0 									01 10 05 90 00 01 01 28 		
01 10 05 50 00 01 02 02 00 FE 60 									01 10 05 50 00 01 01 14 
01 10 05 45 00 01 02 54 F5 03 42 									01 10 05 45 00 01 10 D0 
01 10 05 46 00 08 10 19 0E 00 00 00 00 00 00 00 00 00 00 00 00 00 00 8F AF 				01 10 05 46 00 08 20 D6 
01 10 05 40 00 02 04 00 01 00 00 99 0F 									01 10 05 40 00 02 40 D0

01 10 05 43 00 02 04 33 02 02 00 27 3E 									01 10 05 43 00 02 B0 D0 
01 10 05 D0 00 04 08 04 06 00 00 00 00 00 00 1F 32 							01 10 05 D0 00 04 C0 FF 
01 10 05 90 00 01 02 03 00 EE F0 									01 10 05 90 00 01 01 28 
01 10 05 50 00 01 02 02 00 FE 60 									01 10 05 50 00 01 01 14 
01 10 05 45 00 01 02 54 F6 43 43 									01 10 05 45 00 01 10 D0 
01 10 05 46 00 08 10 19 0E 00 00 00 00 00 00 00 00 00 00 00 00 00 00 8F AF 				01 10 05 46 00 08 20 D6 
01 10 05 40 00 02 04 00 01 00 00 99 0F 									01 10 05 40 00 02 40 D0

01 10 05 43 00 02 04 33 02 02 00 27 3E 									01 10 05 43 00 02 B0 D0 
01 10 05 D0 00 04 08 04 06 00 00 00 00 00 00 1F 32 							01 10 05 D0 00 04 C0 FF 
01 10 05 90 00 01 02 03 00 EE F0 									01 10 05 90 00 01 01 28 
01 10 05 50 00 01 02 02 00 FE 60 									01 10 05 50 00 01 01 14 
01 10 05 45 00 01 02 54 F7 82 83 									01 10 05 45 00 01 10 D0 
01 10 05 46 00 08 10 19 0E 00 00 00 00 00 00 00 00 00 00 00 00 00 00 8F AF 				01 10 05 46 00 08 20 D6 
01 10 05 40 00 02 04 00 01 00 00 99 0F 									01 10 05 40 00 02 40 D0

01 10 05 43 00 02 04 33 02 02 00 27 3E 01 10 05 43 00 02 B0 D0 01 10 05 D0 00 04 08 04 06 00 00 00 00 00 00 1F 32 01 10 05 D0 00 04 C0 FF 01 10 05 90 00 01 02 03 00 EE F0 01 10 05 90 00 01 01 28 01 10 05 50 00 01 02 02 00 FE 60 01 10 05 50 00 01 01 14 01 10 05 45 00 01 02 54 F8 C2 87 01 10 05 45 00 01 10 D0 01 10 05 46 00 08 10 19 0E 00 00 00 00 00 00 00 00 00 00 00 00 00 00 8F AF 01 10 05 46 00 08 20 D6 01 10 05 40 00 02 04 00 01 00 00 99 0F 01 10 05 40 00 02 40 D0;HEX;
4;R;16:39:45:187;01 10 05 43 00 02 04 33 02 02 00 27 3E 01 10 05 43 00 02 B0 D0 01 10 05 D0 00 04 08 04 06 00 00 00 00 00 00 1F 32 01 10 05 D0 00 04 C0 FF 01 10 05 90 00 01 02 03 00 EE F0 01 10 05 90 00 01 01 28 01 10 05 50 00 01 02 02 00 FE 60 01 10 05 50 00 01 01 14 01 10 05 45 00 01 02 54 F9 03 47 01 10 05 45 00 01 10 D0 01 10 05 46 00 08 10 19 0E 00 00 00 00 00 00 00 00 00 00 00 00 00 00 8F AF 01 10 05 46 00 08 20 D6 01 10 05 40 00 02 04 00 01 00 00 99 0F 01 10 05 40 00 02 40 D0;HEX;
5;R;16:39:46:187;01 10 05 43 00 02 04 33 02 02 00 27 3E 01 10 05 43 00 02 B0 D0 01 10 05 D0 00 04 08 04 06 00 00 00 00 00 00 1F 32 01 10 05 D0 00 04 C0 FF 01 10 05 90 00 01 02 03 00 EE F0 01 10 05 90 00 01 01 28 01 10 05 50 00 01 02 02 00 FE 60 01 10 05 50 00 01 01 14 01 10 05 45 00 01 02 54 FA 43 46 01 10 05 45 00 01 10 D0 01 10 05 46 00 08 10 19 0E 00 00 00 00 00 00 00 00 00 00 00 00 00 00 8F AF 01 10 05 46 00 08 20 D6 01 10 05 40 00 02 04 00 01 00 00 99 0F 01 10 05 40 00 02 40 D0;HEX;
6;R;16:39:47:203;01 10 05 43 00 02 04 33 02 02 00 27 3E 01 10 05 43 00 02 B0 D0 01 10 05 D0 00 04 08 04 06 00 00 00 00 00 00 1F 32 01 10 05 D0 00 04 C0 FF 01 10 05 90 00 01 02 03 00 EE F0 01 10 05 90 00 01 01 28 01 10 05 50 00 01 02 02 00 FE 60 01 10 05 50 00 01 01 14 01 10 05 45 00 01 02 54 FB 82 86 01 10 05 45 00 01 10 D0 01 10 05 46 00 08 10 19 0E 00 00 00 00 00 00 00 00 00 00 00 00 00 00 8F AF 01 10 05 46 00 08 20 D6 01 10 05 40 00 02 04 00 01 00 00 99 0F 01 10 05 40 00 02 40 D0;HEX;
7;R;16:39:48:203;01 10 05 43 00 02 04 33 02 02 00 27 3E 01 10 05 43 00 02 B0 D0 01 10 05 D0 00 04 08 04 06 00 00 00 00 00 00 1F 32 01 10 05 D0 00 04 C0 FF 01 10 05 90 00 01 02 03 00 EE F0 01 10 05 90 00 01 01 28 01 10 05 50 00 01 02 02 00 FE 60 01 10 05 50 00 01 01 14 01 10 05 45 00 01 02 54 FC C3 44 01 10 05 45 00 01 10 D0 01 10 05 46 00 08 10 19 0E 00 00 00 00 00 00 00 00 00 00 00 00 00 00 8F AF 01 10 05 46 00 08 20 D6 01 10 05 40 00 02 04 00 01 00 00 99 0F 01 10 05 40 00 02 40 D0;HEX;
8;R;16:39:49:218;01 10 05 43 00 02 04 33 02 02 00 27 3E 01 10 05 43 00 02 B0 D0 01 10 05 D0 00 04 08 04 06 00 00 00 00 00 00 1F 32 01 10 05 D0 00 04 C0 FF 01 10 05 90 00 01 02 03 00 EE F0 01 10 05 90 00 01 01 28 01 10 05 50 00 01 02 02 00 FE 60 01 10 05 50 00 01 01 14 01 10 05 45 00 01 02 54 FD 02 84 01 10 05 45 00 01 10 D0 01 10 05 46 00 08 10 19 0E 00 00 00 00 00 00 00 00 00 00 00 00 00 00 8F AF 01 10 05 46 00 08 20 D6 01 10 05 40 00 02 04 00 01 00 00 99 0F 01 10 05 40 00 02 40 D0;HEX;
9;R;16:39:50:218;01 10 05 43 00 02 04 33 02 02 00 27 3E 01 10 05 43 00 02 B0 D0 01 10 05 D0 00 04 08 04 06 00 00 00 00 00 00 1F 32 01 10 05 D0 00 04 C0 FF 01 10 05 90 00 01 02 03 00 EE F0 01 10 05 90 00 01 01 28 01 10 05 50 00 01 02 02 00 FE 60 01 10 05 50 00 01 01 14 01 10 05 45 00 01 02 54 FE 42 85 01 10 05 45 00 01 10 D0 01 10 05 46 00 08 10 19 0E 00 00 00 00 00 00 00 00 00 00 00 00 00 00 8F AF 01 10 05 46 00 08 20 D6 01 10 05 40 00 02 04 00 01 00 00 99 0F 01 10 05 40 00 02 40 D0;HEX;
10;R;16:39:51:234;01 10 05 43 00 02 04 33 02 02 00 27 3E 01 10 05 43 00 02 B0 D0 01 10 05 D0 00 04 08 04 06 00 00 00 00 00 00 1F 32 01 10 05 D0 00 04 C0 FF 01 10 05 90 00 01 02 03 00 EE F0 01 10 05 90 00 01 01 28 01 10 05 50 00 01 02 02 00 FE 60 01 10 05 50 00 01 01 14 01 10 05 45 00 01 02 54 FF 83 45 01 10 05 45 00 01 10 D0 01 10 05 46 00 08 10 19 0E 00 00 00 00 00 00 00 00 00 00 00 00 00 00 8F AF 01 10 05 46 00 08 20 D6 01 10 05 40 00 02 04 00 01 00 00 99 0F 01 10 05 40 00 02 40 D0;HEX;
11;R;16:39:52:234;01 10 05 43 00 02 04 33 02 02 00 27 3E 01 10 05 43 00 02 B0 D0 01 10 05 D0 00 04 08 04 06 00 00 00 00 00 00 1F 32 01 10 05 D0 00 04 C0 FF 01 10 05 90 00 01 02 03 00 EE F0 01 10 05 90 00 01 01 28 01 10 05 50 00 01 02 02 00 FE 60 01 10 05 50 00 01 01 14 01 10 05 45 00 01 02 55 00 C2 95 01 10 05 45 00 01 10 D0 01 10 05 46 00 08 10 19 0E 00 00 00 00 00 00 00 00 00 00 00 00 00 00 8F AF 01 10 05 46 00 08 20 D6 01 10 05 40 00 02 04 00 01 00 00 99 0F 01 10 05 40 00 02 40 D0;HEX;
12;R;16:39:53:250;01 10 05 43 00 02 04 33 02 02 00 27 3E 01 10 05 43 00 02 B0 D0 01 10 05 D0 00 04 08 04 06 00 00 00 00 00 00 1F 32 01 10 05 D0 00 04 C0 FF 01 10 05 90 00 01 02 03 00 EE F0 01 10 05 90 00 01 01 28 01 10 05 50 00 01 02 02 00 FE 60 01 10 05 50 00 01 01 14 01 10 05 45 00 01 02 55 01 03 55 01 10 05 45 00 01 10 D0 01 10 05 46 00 08 10 19 0E 00 00 00 00 00 00 00 00 00 00 00 00 00 00 8F AF 01 10 05 46 00 08 20 D6 01 10 05 40 00 02 04 00 01 00 00 99 0F 01 10 05 40 00 02 40 D0;HEX;
13;R;16:39:54:250;01 10 05 43 00 02 04 33 02 02 00 27 3E 01 10 05 43 00 02 B0 D0 01 10 05 D0 00 04 08 04 06 00 00 00 00 00 00 1F 32 01 10 05 D0 00 04 C0 FF 01 10 05 90 00 01 02 03 00 EE F0 01 10 05 90 00 01 01 28 01 10 05 50 00 01 02 02 00 FE 60 01 10 05 50 00 01 01 14 01 10 05 45 00 01 02 55 02 43 54 01 10 05 45 00 01 10 D0 01 10 05 46 00 08 10 19 0E 00 00 00 00 00 00 00 00 00 00 00 00 00 00 8F AF 01 10 05 46 00 08 20 D6 01 10 05 40 00 02 04 00 01 00 00 99 0F 01 10 05 40 00 02 40 D0;HEX;
14;R;16:39:55:265;01 10 05 43 00 02 04 33 02 02 00 27 3E 01 10 05 43 00 02 B0 D0 01 10 05 D0 00 04 08 04 06 00 00 00 00 00 00 1F 32 01 10 05 D0 00 04 C0 FF 01 10 05 90 00 01 02 03 00 EE F0 01 10 05 90 00 01 01 28 01 10 05 50 00 01 02 02 00 FE 60 01 10 05 50 00 01 01 14 01 10 05 45 00 01 02 55 03 82 94 01 10 05 45 00 01 10 D0 01 10 05 46 00 08 10 19 0E 00 00 00 00 00 00 00 00 00 00 00 00 00 00 8F AF 01 10 05 46 00 08 20 D6 01 10 05 40 00 02 04 00 01 00 00 99 0F 01 10 05 40 00 02 40 D0;HEX;
15;R;16:39:56:265;01 10 05 43 00 02 04 33 02 02 00 27 3E 01 10 05 43 00 02 B0 D0 01 10 05 D0 00 04 08 04 06 00 00 00 00 00 00 1F 32 01 10 05 D0 00 04 C0 FF 01 10 05 90 00 01 02 03 00 EE F0 01 10 05 90 00 01 01 28 01 10 05 50 00 01 02 02 00 FE 60 01 10 05 50 00 01 01 14 01 10 05 45 00 01 02 55 04 C3 56 01 10 05 45 00 01 10 D0 01 10 05 46 00 08 10 19 0E 00 00 00 00 00 00 00 00 00 00 00 00 00 00 8F AF 01 10 05 46 00 08 20 D6 01 10 05 40 00 02 04 00 01 00 00 99 0F 01 10 05 40 00 02 40 D0;HEX;
16;R;16:39:57:281;01 10 05 43 00 02 04 33 02 02 00 27 3E 01 10 05 43 00 02 B0 D0 01 10 05 D0 00 04 08 04 06 00 00 00 00 00 00 1F 32 01 10 05 D0 00 04 C0 FF 01 10 05 90 00 01 02 03 00 EE F0 01 10 05 90 00 01 01 28 01 10 05 50 00 01 02 02 00 FE 60 01 10 05 50 00 01 01 14 01 10 05 45 00 01 02 55 05 02 96 01 10 05 45 00 01 10 D0 01 10 05 46 00 08 10 19 0E 00 00 00 00 00 00 00 00 00 00 00 00 00 00 8F AF 01 10 05 46 00 08 20 D6 01 10 05 40 00 02 04 00 01 00 00 99 0F 01 10 05 40 00 02 40 D0;HEX;
17;R;16:39:58:281;01 10 05 43 00 02 04 33 02 02 00 27 3E 01 10 05 43 00 02 B0 D0 01 10 05 D0 00 04 08 04 06 00 00 00 00 00 00 1F 32 01 10 05 D0 00 04 C0 FF 01 10 05 90 00 01 02 03 00 EE F0 01 10 05 90 00 01 01 28 01 10 05 50 00 01 02 02 00 FE 60 01 10 05 50 00 01 01 14 01 10 05 45 00 01 02 55 06 42 97 01 10 05 45 00 01 10 D0 01 10 05 46 00 08 10 19 0E 00 00 00 00 00 00 00 00 00 00 00 00 00 00 8F AF 01 10 05 46 00 08 20 D6 01 10 05 40 00 02 04 00 01 00 00 99 0F 01 10 05 40 00 02 40 D0;HEX;
18;R;16:39:59:296;01 10 05 43 00 02 04 33 02 02 00 27 3E 01 10 05 43 00 02 B0 D0 01 10 05 D0 00 04 08 04 06 00 00 00 00 00 00 1F 32 01 10 05 D0 00 04 C0 FF 01 10 05 90 00 01 02 03 00 EE F0 01 10 05 90 00 01 01 28 01 10 05 50 00 01 02 02 00 FE 60 01 10 05 50 00 01 01 14 01 10 05 45 00 01 02 55 07 83 57 01 10 05 45 00 01 10 D0 01 10 05 46 00 08 10 19 0E 00 00 00 00 00 00 00 00 00 00 00 00 00 00 8F AF 01 10 05 46 00 08 20 D6 01 10 05 40 00 02 04 00 01 00 00 99 0F 01 10 05 40 00 02 40 D0;HEX;
19;R;16:40:00:296;01 10 05 43 00 02 04 33 02 02 00 27 3E 01 10 05 43 00 02 B0 D0 01 10 05 D0 00 04 08 04 06 00 00 00 00 00 00 1F 32 01 10 05 D0 00 04 C0 FF 01 10 05 90 00 01 02 03 00 EE F0 01 10 05 90 00 01 01 28 01 10 05 50 00 01 02 02 00 FE 60 01 10 05 50 00 01 01 14 01 10 05 45 00 01 02 55 08 C3 53 01 10 05 45 00 01 10 D0 01 10 05 46 00 08 10 19 0E 00 00 00 00 00 00 00 00 00 00 00 00 00 00 8F AF 01 10 05 46 00 08 20 D6 01 10 05 40 00 02 04 00 01 00 00 99 0F 01 10 05 40 00 02 40 D0;HEX;
20;R;16:40:01:312;01 10 05 43 00 02 04 33 02 02 00 27 3E 01 10 05 43 00 02 B0 D0 01 10 05 D0 00 04 08 04 06 00 00 00 00 00 00 1F 32 01 10 05 D0 00 04 C0 FF 01 10 05 90 00 01 02 03 00 EE F0 01 10 05 90 00 01 01 28 01 10 05 50 00 01 02 02 00 FE 60 01 10 05 50 00 01 01 14 01 10 05 45 00 01 02 55 09 02 93 01 10 05 45 00 01 10 D0 01 10 05 46 00 08 10 19 0E 00 00 00 00 00 00 00 00 00 00 00 00 00 00 8F AF 01 10 05 46 00 08 20 D6 01 10 05 40 00 02 04 00 01 00 00 99 0F 01 10 05 40 00 02 40 D0;HEX;
21;R;16:40:02:312;01 10 05 43 00 02 04 33 02 02 00 27 3E 01 10 05 43 00 02 B0 D0 01 10 05 D0 00 04 08 04 06 00 00 00 00 00 00 1F 32 01 10 05 D0 00 04 C0 FF 01 10 05 90 00 01 02 03 00 EE F0 01 10 05 90 00 01 01 28 01 10 05 50 00 01 02 02 00 FE 60 01 10 05 50 00 01 01 14 01 10 05 45 00 01 02 55 0A 42 92 01 10 05 45 00 01 10 D0 01 10 05 46 00 08 10 19 0E 00 00 00 00 00 00 00 00 00 00 00 00 00 00 8F AF 01 10 05 46 00 08 20 D6 01 10 05 40 00 02 04 00 01 00 00 99 0F;HEX;
22;R;16:40:03:328;01 10 05 43 00 02 04 33 02 02 00 27 3E 01 10 05 43 00 02 B0 D0 01 10 05 D0 00 04 08 04 06 00 00 00 00 00 00 1F 32 01 10 05 D0 00 04 C0 FF 01 10 05 90 00 01 02 03 00 EE F0 01 10 05 90 00 01 01 28 01 10 05 50 00 01 02 02 00 FE 60 01 10 05 50 00 01 01 14 01 10 05 45 00 01 02 55 0A 42 92 01 10 05 45 00 01 10 D0 01 10 05 46 00 08 10 19 0E 00 00 00 00 00 00 00 00 00 00 00 00 00 00 8F AF 01 10 05 46 00 08 20 D6 01 10 05 40 00 02 04 00 01 00 00 99 0F 01 10 05 40 00 02 40 D0;HEX;
23;R;16:40:04:328;01 10 05 43 00 02 04 33 02 02 00 27 3E 01 10 05 43 00 02 B0 D0 01 10 05 D0 00 04 08 04 06 00 00 00 00 00 00 1F 32 01 10 05 D0 00 04 C0 FF 01 10 05 90 00 01 02 03 00 EE F0 01 10 05 90 00 01 01 28 01 10 05 50 00 01 02 02 00 FE 60 01 10 05 50 00 01 01 14 01 10 05 45 00 01 02 55 0B 83 52 01 10 05 45 00 01 10 D0 01 10 05 46 00 08 10 19 0E 00 00 00 00 00 00 00 00 00 00 00 00 00 00 8F AF 01 10 05 46 00 08 20 D6 01 10 05 40 00 02 04 00 01 00 00 99 0F 01 10 05 40 00 02 40 D0;HEX;
24;R;16:40:05:343;01 10 05 43 00 02 04 33 02 02 00 27 3E 01 10 05 43 00 02 B0 D0 01 10 05 D0 00 04 08 04 06 00 00 00 00 00 00 1F 32 01 10 05 D0 00 04 C0 FF 01 10 05 90 00 01 02 03 00 EE F0 01 10 05 90 00 01 01 28 01 10 05 50 00 01 02 02 00 FE 60 01 10 05 50 00 01 01 14 01 10 05 45 00 01 02 55 0C C2 90 01 10 05 45 00 01 10 D0 01 10 05 46 00 08 10 19 0E 00 00 00 00 00 00 00 00 00 00 00 00 00 00 8F AF 01 10 05 46 00 08 20 D6 01 10 05 40 00 02 04 00 01 00 00 99 0F 01 10 05 40 00 02 40 D0;HEX;
25;R;16:40:06:343;01 10 05 43 00 02 04 33 02 02 00 27 3E 01 10 05 43 00 02 B0 D0 01 10 05 D0 00 04 08 04 06 00 00 00 00 00 00 1F 32 01 10 05 D0 00 04 C0 FF 01 10 05 90 00 01 02 03 00 EE F0 01 10 05 90 00 01 01 28 01 10 05 50 00 01 02 02 00 FE 60 01 10 05 50 00 01 01 14 01 10 05 45 00 01 02 55 0D 03 50 01 10 05 45 00 01 10 D0 01 10 05 46 00 08 10 19 0E 00 00 00 00 00 00 00 00 00 00 00 00 00 00 8F AF 01 10 05 46 00 08 20 D6 01 10 05 40 00 02 04 00 01 00 00 99 0F 01 10 05 40 00 02 40 D0;HEX;
26;R;16:40:07:359;01 10 05 43 00 02 04 33 02 02 00 27 3E 01 10 05 43 00 02 B0 D0 01 10 05 D0 00 04 08 04 06 00 00 00 00 00 00 1F 32 01 10 05 D0 00 04 C0 FF 01 10 05 90 00 01 02 03 00 EE F0 01 10 05 90 00 01 01 28 01 10 05 50 00 01 02 02 00 FE 60 01 10 05 50 00 01 01 14 01 10 05 45 00 01 02 55 0E 43 51 01 10 05 45 00 01 10 D0 01 10 05 46 00 08 10 19 0E 00 00 00 00 00 00 00 00 00 00 00 00 00 00 8F AF 01 10 05 46 00 08 20 D6 01 10 05 40 00 02 04 00 01 00 00 99 0F 01 10 05 40 00 02 40 D0;HEX;
27;R;16:40:08:359;01 10 05 43 00 02 04 33 02 02 00 27 3E 01 10 05 43 00 02 B0 D0 01 10 05 D0 00 04 08 04 06 00 00 00 00 00 00 1F 32 01 10 05 D0 00 04 C0 FF 01 10 05 90 00 01 02 03 00 EE F0 01 10 05 90 00 01 01 28 01 10 05 50 00 01 02 02 00 FE 60 01 10 05 50 00 01 01 14 01 10 05 45 00 01 02 55 0F 82 91 01 10 05 45 00 01 10 D0 01 10 05 46 00 08 10 19 0E 00 00 00 00 00 00 00 00 00 00 00 00 00 00 8F AF 01 10 05 46 00 08 20 D6 01 10 05 40 00 02 04 00 01 00 00 99 0F 01 10 05 40 00 02 40 D0;HEX;
28;R;16:40:09:375;01 10 05 43 00 02 04 33 02 02 00 27 3E 01 10 05 43 00 02 B0 D0 01 10 05 D0 00 04 08 04 06 00 00 00 00 00 00 1F 32 01 10 05 D0 00 04 C0 FF 01 10 05 90 00 01 02 03 00 EE F0 01 10 05 90 00 01 01 28 01 10 05 50 00 01 02 02 00 FE 60 01 10 05 50 00 01 01 14 01 10 05 45 00 01 02 55 10 C3 59 01 10 05 45 00 01 10 D0 01 10 05 46 00 08 10 19 0E 00 00 00 00 00 00 00 00 00 00 00 00 00 00 8F AF 01 10 05 46 00 08 20 D6 01 10 05 40 00 02 04 00 01 00 00 99 0F 01 10 05 40 00 02 40 D0;HEX;
29;R;16:40:10:375;01 10 05 43 00 02 04 33 02 02 00 27 3E 01 10 05 43 00 02 B0 D0 01 10 05 D0 00 04 08 04 06 00 00 00 00 00 00 1F 32 01 10 05 D0 00 04 C0 FF 01 10 05 90 00 01 02 03 00 EE F0 01 10 05 90 00 01 01 28 01 10 05 50 00 01 02 02 00 FE 60 01 10 05 50 00 01 01 14 01 10 05 45 00 01 02 55 11 02 99 01 10 05 45 00 01 10 D0 01 10 05 46 00 08 10 19 0E 00 00 00 00 00 00 00 00 00 00 00 00 00 00 8F AF 01 10 05 46 00 08 20 D6 01 10 05 40 00 02 04 00 01 00 00 99 0F 01 10 05 40 00 02 40 D0;HEX;
30;R;16:40:11:390;01 10 05 43 00 02 04 33 02 02 00 27 3E 01 10 05 43 00 02 B0 D0 01 10 05 D0 00 04 08 04 06 00 00 00 00 00 00 1F 32 01 10 05 D0 00 04 C0 FF 01 10 05 90 00 01 02 03 00 EE F0 01 10 05 90 00 01 01 28 01 10 05 50 00 01 02 02 00 FE 60 01 10 05 50 00 01 01 14 01 10 05 45 00 01 02 55 12 42 98 01 10 05 45 00 01 10 D0 01 10 05 46 00 08 10 19 0E 00 00 00 00 00 00 00 00 00 00 00 00 00 00 8F AF 01 10 05 46 00 08 20 D6 01 10 05 40 00 02 04 00 01 00 00 99 0F 01 10 05 40 00 02 40 D0;HEX;
31;R;16:40:12:390;01 10 05 43 00 02 04 33 02 02 00 27 3E 01 10 05 43 00 02 B0 D0 01 10 05 D0 00 04 08 04 06 00 00 00 00 00 00 1F 32 01 10 05 D0 00 04 C0 FF 01 10 05 90 00 01 02 03 00 EE F0 01 10 05 90 00 01 01 28 01 10 05 50 00 01 02 02 00 FE 60 01 10 05 50 00 01 01 14 01 10 05 45 00 01 02 55 13 83 58 01 10 05 45 00 01 10 D0 01 10 05 46 00 08 10 19 0E 00 00 00 00 00 00 00 00 00 00 00 00 00 00 8F AF 01 10 05 46 00 08 20 D6 01 10 05 40 00 02 04 00 01 00 00 99 0F 01 10 05 40 00 02 40 D0;HEX;
