#;Тип операции;Время;Сообщение;Вид представления;
0;R;12:59:01:437;01 10 04 F0 00 05 0A 03 08 5F 00 13 00 85 00 13 00 01 27 01 10 04 F0 00 05 01 09 01 10 04 B0 00 05 0A 02 08 F8 00 01 00 67 01 01 00 32 96 01 10 04 B0 00 05 00 DD;HEX;
1;R;12:59:01:781;01 10 04 A5 00 01 02 00 3A 7B 76 01 10 04 A5 00 01 10 DA 01 10 04 A6 00 08 10 19 0E 09 00 00 00 00 00 00 00 00 00 00 00 00 00 00 01 01 10 04 A6 00 08 20 DC;HEX;
2;R;12:59:02:109;01 10 04 A0 00 02 04 00 01 00 00 9A D7 01 10 04 A0 00 02 40 DA 01 10 04 A3 00 02 04 33 02 02 06 A4 E4 01 10 04 A3 00 02 B0 DA;HEX;
3;R;12:59:02:437;01 10 04 30 00 04 08 04 06 2B 2C 01 5A 20 70 31 5B 01 10 04 30 00 04 C0 F5 01 10 04 F0 00 05 0A 03 08 5F 00 13 00 85 00 13 00 01 27 01 10 04 F0 00 05 01 09 01 10 04 B0 00 05 0A 02 08 F8 00 01 00 67 01 01 00 32 96 01 10 04 B0 00 05 00 DD;HEX;
4;R;12:59:02:828;01 10 04 A5 00 01 02 00 3A 7B 76 01 10 04 A5 00 01 10 DA 01 10 04 A6 00 08 10 19 0E 09 00 00 00 00 00 00 00 00 00 00 00 00 00 00 01 01 10 04 A6 00 08 20 DC;HEX;
5;R;12:59:03:156;01 10 04 A0 00 02 04 00 01 00 00 9A D7 01 10 04 A0 00 02 40 DA 01 10 04 A3 00 02 04 33 02 02 06 A4 E4 01 10 04 A3 00 02 B0 DA 01 10 04 30 00 04 08 04 06 2B 2C 01 5A 20 70 31 5B 01 10 04 30 00 04 C0 F5;HEX;
6;R;12:59:03:546;01 10 04 F0 00 05 0A 03 08 5F 00 13 00 85 00 13 00 01 27 01 10 04 F0 00 05 01 09 01 10 04 B0 00 05 0A 02 08 F8 00 01 00 67 01 01 00 32 96 01 10 04 B0 00 05 00 DD;HEX;
7;R;12:59:03:875;01 10 04 A5 00 01 02 00 3A 7B 76 01 10 04 A5 00 01 10 DA 01 10 04 A6 00 08 10 19 0E 09 00 00 00 00 00 00 00 00 00 00 00 00 00 00 01 01 10 04 A6 00 08 20 DC;HEX;
8;R;12:59:04:218;01 10 04 A0 00 02 04 00 01 00 00 9A D7 01 10 04 A0 00 02 40 DA 01 10 04 A3 00 02 04 33 02 02 06 A4 E4 01 10 04 A3 00 02 B0 DA;HEX;
9;R;12:59:04:546;01 10 04 30 00 04 08 04 06 2B 2C 01 5A 20 70 31 5B 01 10 04 30 00 04 C0 F5 01 10 04 F0 00 05 0A 03 08 5F 00 13 00 85 00 13 00 01 27 01 10 04 F0 00 05 01 09 01 10 04 B0 00 05 0A 02 08 F8 00 01 00 67 01 01 00 32 96 01 10 04 B0 00 05 00 DD;HEX;
10;R;12:59:04:953;01 10 04 A5 00 01 02 00 3A 7B 76 01 10 04 A5 00 01 10 DA 01 10 04 A6 00 08 10 19 0E 09 00 00 00 00 00 00 00 00 00 00 00 00 00 00 01 01 10 04 A6 00 08 20 DC;HEX;
11;R;12:59:05:281;01 10 04 A0 00 02 04 00 01 00 00 9A D7 01 10 04 A0 00 02 40 DA 01 10 04 A3 00 02 04 33 02 02 06 A4 E4 01 10 04 A3 00 02 B0 DA 01 10 04 30 00 04 08 04 06 2B 2C 01 5A 20 70 31 5B 01 10 04 30 00 04 C0 F5;HEX;
12;R;12:59:05:671;01 10 04 F0 00 05 0A 03 08 5F 00 13 00 85 00 13 00 01 27 01 10 04 F0 00 05 01 09 01 10 04 B0 00 05 0A 02 08 F8 00 01 00 67 01 01 00 32 96 01 10 04 B0 00 05 00 DD;HEX;
13;R;12:59:06:000;01 10 04 A5 00 01 02 00 3A 7B 76 01 10 04 A5 00 01 10 DA 01 10 04 A6 00 08 10 19 0E 09 00 00 00 00 00 00 00 00 00 00 00 00 00 00 01 01 10 04 A6 00 08 20 DC;HEX;
14;R;12:59:06:343;01 10 04 A0 00 02 04 00 01 00 00 9A D7 01 10 04 A0 00 02 40 DA 01 10 04 A3 00 02 04 33 02 02 06 A4 E4 01 10 04 A3 00 02 B0 DA;HEX;
15;R;12:59:06:671;01 10 04 30 00 04 08 04 06 2B 2C 01 5A 20 70 31 5B 01 10 04 30 00 04 C0 F5 01 10 04 F0 00 05 0A 03 08 5F 00 13 00 85 00 13 00 01 27 01 10 04 F0 00 05 01 09 01 10 04 B0 00 05 0A 02 08 F8 00 01 00 67 01 01 00 32 96 01 10 04 B0 00 05 00 DD;HEX;
16;R;12:59:07:062;01 10 04 A5 00 01 02 00 3A 7B 76 01 10 04 A5 00 01 10 DA 01 10 04 A6 00 08 10 19 0E 09 00 00 00 00 00 00 00 00 00 00 00 00 00 00 01 01 10 04 A6 00 08 20 DC;HEX;
17;R;12:59:07:390;01 10 04 A0 00 02 04 00 01 00 00 9A D7 01 10 04 A0 00 02 40 DA 01 10 04 A3 00 02 04 33 02 02 06 A4 E4 01 10 04 A3 00 02 B0 DA;HEX;
18;R;12:59:07:734;01 10 04 30 00 04 08 04 06 2B 2C 01 5A 20 70 31 5B 01 10 04 30 00 04 C0 F5 01 10 04 F0 00 05 0A 03 08 5F 00 13 00 85 00 13 00 01 27 01 10 04 F0 00 05 01 09 01 10 04 B0 00 05 0A 02 08 F8 00 01 00 67 01 01 00 32 96 01 10 04 B0 00 05 00 DD;HEX;
19;R;12:59:08:140;01 10 04 A5 00 01 02 00 3A 7B 76 01 10 04 A5 00 01 10 DA 01 10 04 A6 00 08 10 19 0E 09 00 00 00 00 00 00 00 00 00 00 00 00 00 00 01 01 10 04 A6 00 08 20 DC;HEX;
20;R;12:59:08:468;01 10 04 A0 00 02 04 00 01 00 00 9A D7 01 10 04 A0 00 02 40 DA 01 10 04 A3 00 02 04 33 02 02 06 A4 E4 01 10 04 A3 00 02 B0 DA 01 10 04 30 00 04 08 04 06 2B 2C 01 5A 20 70 31 5B 01 10 04 30 00 04 C0 F5;HEX;
21;R;12:59:08:859;01 10 04 F0 00 05 0A 03 08 5F 00 13 00 85 00 13 00 01 27 01 10 04 F0 00 05 01 09 01 10 04 B0 00 05 0A 02 08 F8 00 01 00 67 01 01 00 32 96 01 10 04 B0 00 05 00 DD;HEX;
22;R;12:59:09:187;01 10 04 A5 00 01 02 00 3A 7B 76 01 10 04 A5 00 01 10 DA 01 10 04 A6 00 08 10 19 0E 09 00 00 00 00 00 00 00 00 00 00 00 00 00 00 01 01 10 04 A6 00 08 20 DC;HEX;
23;R;12:59:09:531;01 10 04 A0 00 02 04 00 01 00 00 9A D7 01 10 04 A0 00 02 40 DA 01 10 04 A3 00 02 04 33 02 02 06 A4 E4 01 10 04 A3 00 02 B0 DA;HEX;
24;R;12:59:09:859;01 10 04 30 00 04 08 04 06 2B 2C 01 5A 20 70 31 5B 01 10 04 30 00 04 C0 F5 01 10 04 F0 00 05 0A 03 08 5F 00 13 00 85 00 13 00 01 27 01 10 04 F0 00 05 01 09 01 10 04 B0 00 05 0A 02 08 F8 00 01 00 67 01 01 00 32 96 01 10 04 B0 00 05 00 DD;HEX;
25;R;12:59:10:265;01 10 04 A5 00 01 02 00 3A 7B 76 01 10 04 A5 00 01 10 DA 01 10 04 A6 00 08 10 19 0E 09 00 00 00 00 00 00 00 00 00 00 00 00 00 00 01 01 10 04 A6 00 08 20 DC;HEX;
26;R;12:59:10:593;01 10 04 A0 00 02 04 00 01 00 00 9A D7 01 10 04 A0 00 02 40 DA 01 10 04 A3 00 02 04 33 02 02 06 A4 E4 01 10 04 A3 00 02 B0 DA 01 10 04 30 00 04 08 04 06 2B 2C 01 5A 20 70 31 5B 01 10 04 30 00 04 C0 F5;HEX;
27;R;12:59:10:984;01 10 04 F0 00 05 0A 03 08 5F 00 13 00 85 00 13 00 01 27 01 10 04 F0 00 05 01 09 01 10 04 B0 00 05 0A 02 08 F8 00 01 00 67 01 01 00 32 96 01 10 04 B0 00 05 00 DD;HEX;
28;R;12:59:11:328;01 10 04 A5 00 01 02 00 3A 7B 76 01 10 04 A5 00 01 10 DA 01 10 04 A6 00 08 10 19 0E 09 00 00 00 00 00 00 00 00 00 00 00 00 00 00 01 01 10 04 A6 00 08 20 DC;HEX;
29;R;12:59:11:656;01 10 04 A0 00 02 04 00 01 00 00 9A D7 01 10 04 A0 00 02 40 DA 01 10 04 A3 00 02 04 33 02 02 06 A4 E4 01 10 04 A3 00 02 B0 DA;HEX;
30;R;12:59:11:984;01 10 04 30 00 04 08 04 06 2B 2C 01 5A 20 70 31 5B 01 10 04 30 00 04 C0 F5 01 10 04 F0 00 05 0A 03 08 5F 00 13 00 85 00 13 00 01 27 01 10 04 F0 00 05 01 09 01 10 04 B0 00 05 0A 02 08 F8 00 01 00 67 01 01 00 32 96 01 10 04 B0 00 05 00 DD;HEX;
31;R;12:59:12:390;01 10 04 A5 00 01 02 00 3A 7B 76 01 10 04 A5 00 01 10 DA 01 10 04 A6 00 08 10 19 0E 09 00 00 00 00 00 00 00 00 00 00 00 00 00 00 01 01 10 04 A6 00 08 20 DC;HEX;
32;R;12:59:12:718;01 10 04 A0 00 02 04 00 01 00 00 9A D7 01 10 04 A0 00 02 40 DA 01 10 04 A3 00 02 04 33 02 02 06 A4 E4 01 10 04 A3 00 02 B0 DA 01 10 04 30 00 04 08 04 06 2B 2C 01 5A 20 70 31 5B 01 10 04 30 00 04 C0 F5;HEX;
33;R;12:59:13:109;01 10 04 F0 00 05 0A 03 08 5F 00 13 00 85 00 13 00 01 27 01 10 04 F0 00 05 01 09 01 10 04 B0 00 05 0A 02 08 F8 00 01 00 67 01 01 00 32 96 01 10 04 B0 00 05 00 DD;HEX;
34;R;12:59:13:453;01 10 04 A5 00 01 02 00 3A 7B 76 01 10 04 A5 00 01 10 DA 01 10 04 A6 00 08 10 19 0E 09 00 00 00 00 00 00 00 00 00 00 00 00 00 00 01 01 10 04 A6 00 08 20 DC;HEX;
35;R;12:59:13:796;01 10 04 A0 00 02 04 00 01 00 00 9A D7 01 10 04 A0 00 02 40 DA 01 10 04 A3 00 02 04 33 02 02 06 A4 E4 01 10 04 A3 00 02 B0 DA;HEX;
36;R;12:59:14:125;01 10 04 30 00 04 08 04 06 2B 2C 01 5A 20 70 31 5B 01 10 04 30 00 04 C0 F5 01 10 04 F0 00 05 0A 03 08 5F 00 13 00 85 00 13 00 01 27 01 10 04 F0 00 05 01 09 01 10 04 B0 00 05 0A 02 08 F8 00 01 00 67 01 01 00 32 96 01 10 04 B0 00 05 00 DD;HEX;
37;R;12:59:14:515;01 10 04 A5 00 01 02 00 3A 7B 76 01 10 04 A5 00 01 10 DA 01 10 04 A6 00 08 10 19 0E 09 00 00 00 00 00 00 00 00 00 00 00 00 00 00 01 01 10 04 A6 00 08 20 DC;HEX;
38;R;12:59:14:859;01 10 04 A0 00 02 04 00 01 00 00 9A D7 01 10 04 A0 00 02 40 DA 01 10 04 A3 00 02 04 33 02 02 06 A4 E4 01 10 04 A3 00 02 B0 DA 01 10 04 30 00 04 08 04 06 2B 2C 01 5A 20 70 31 5B 01 10 04 30 00 04 C0 F5;HEX;
39;R;12:59:15:234;01 10 04 F0 00 05 0A 03 08 5F 00 13 00 85 00 13 00 01 27 01 10 04 F0 00 05 01 09 01 10 04 B0 00 05 0A 02 08 F8 00 01 00 67 01 01 00 32 96 01 10 04 B0 00 05 00 DD;HEX;
40;R;12:59:15:578;01 10 04 A5 00 01 02 00 3A 7B 76 01 10 04 A5 00 01 10 DA 01 10 04 A6 00 08 10 19 0E 09 00 00 00 00 00 00 00 00 00 00 00 00 00 00 01 01 10 04 A6 00 08 20 DC;HEX;
41;R;12:59:15:906;01 10 04 A0 00 02 04 00 01 00 00 9A D7 01 10 04 A0 00 02 40 DA 01 10 04 A3 00 02 04 33 02 02 06 A4 E4 01 10 04 A3 00 02 B0 DA;HEX;
42;R;12:59:16:250;01 10 04 30 00 04 08 04 06 2B 2C 01 5A 20 70 31 5B 01 10 04 30 00 04 C0 F5 01 10 04 F0 00 05 0A 03 08 5F 00 13 00 85 00 13 00 01 27 01 10 04 F0 00 05 01 09 01 10 04 B0 00 05 0A 02 08 F8 00 01 00 67 01 01 00 32 96 01 10 04 B0 00 05 00 DD;HEX;
43;R;12:59:16:625;01 10 04 A5 00 01 02 00 3A 7B 76 01 10 04 A5 00 01 10 DA 01 10 04 A6 00 08 10 19 0E 09 00 00 00 00 00 00 00 00 00 00 00 00 00 00 01 01 10 04 A6 00 08 20 DC 01 10 04 A0 00 02 04 00 01 00 00 9A D7 01 10 04 A0 00 02 40 DA 01 10 04 A3 00 02 04 33 02 02 06 A4 E4 01 10 04 A3 00 02 B0 DA;HEX;
44;R;12:59:17:078;01 10 04 30 00 04 08 04 06 2B 2C 01 5A 20 70 31 5B 01 10 04 30 00 04 C0 F5 01 10 04 F0 00 05 0A 03 08 5F 00 13 00 85 00 13 00 01 27 01 10 04 F0 00 05 01 09 01 10 04 B0 00 05 0A 02 08 F8 00 01 00 67 01 01 00 32 96 01 10 04 B0 00 05 00 DD;HEX;
45;R;12:59:17:453;01 10 04 A5 00 01 02 00 3A 7B 76 01 10 04 A5 00 01 10 DA 01 10 04 A6 00 08 10 19 0E 09 00 00 00 00 00 00 00 00 00 00 00 00 00 00 01 01 10 04 A6 00 08 20 DC;HEX;
46;R;12:59:17:796;01 10 04 A0 00 02 04 00 01 00 00 9A D7 01 10 04 A0 00 02 40 DA 01 10 04 A3 00 02 04 33 02 02 06 A4 E4 01 10 04 A3 00 02 B0 DA;HEX;
