01 10 04 A3 00 02 04 33 02 02 04 25 25 							01 10 04 A3 00 02 B0 DA 
01 10 04 30 00 04 08 04 06 8B 2E A3 5A 60 76 C2 41 					01 10 04 30 00 04 C0 F5 
01 10 04 F0 00 01 02 03 00 F7 90 							01 10 04 F0 00 01 00 CA 
01 10 04 B0 00 01 02 02 00 F8 C0 							01 10 04 B0 00 01 01 1E 	
01 10 04 A5 00 01 02 00 B7 BB 13 							01 10 04 A5 00 01 10 DA 
01 10 04 A6 00 08 10 19 0E 09 00 00 00 00 00 00 00 00 00 00 00 00 00 00 01 		01 10 04 A6 00 08 20 DC 
01 10 04 A0 00 02 04 00 01 00 00 9A D7 							01 10 04 A0 00 02 40 DA

01 10 04 A3 00 02 04 33 02 02 04 25 25 							01 10 04 A3 00 02 B0 DA 
01 10 04 30 00 04 08 04 06 8B 2E A3 5A 60 76 C2 41 					01 10 04 30 00 04 C0 F5 
01 10 04 F0 00 01 02 03 00 F7 90 							01 10 04 F0 00 01 00 CA 
01 10 04 B0 00 01 02 02 00 F8 C0 							01 10 04 B0 00 01 01 1E 
01 10 04 A5 00 01 02 00 B8 FB 17 							01 10 04 A5 00 01 10 DA 
01 10 04 A6 00 08 10 19 0E 09 00 00 00 00 00 00 00 00 00 00 00 00 00 00 01 		01 10 04 A6 00 08 20 DC
01 10 04 A0 00 02 04 00 01 00 00 9A D7 							01 10 04 A0 00 02 40 DA

01 10 04 A3 00 02 04 33 02 02 04 25 25 							01 10 04 A3 00 02 B0 DA 
01 10 04 30 00 04 08 04 06 8B 2E A3 5A 60 76 C2 41 					01 10 04 30 00 04 C0 F5 
01 10 04 F0 00 01 02 03 00 F7 90 							01 10 04 F0 00 01 00 CA 
01 10 04 B0 00 01 02 02 00 F8 C0 							01 10 04 B0 00 01 01 1E 
01 10 04 A5 00 01 02 00 B8 FB 17 							01 10 04 A5 00 01 10 DA 
01 10 04 A6 00 08 10 19 0E 09 00 00 00 00 00 00 00 00 00 00 00 00 00 00 01 		01 10 04 A6 00 08 20 DC 
01 10 04 A0 00 02 04 00 01 00 00 9A D7 							01 10 04 A0 00 02 40 DA

01 10 04 A3 00 02 04 33 02 02 04 25 25 01 10 04 A3 00 02 B0 DA 01 10 04 30 00 04 08 04 06 8B 2E A3 5A 60 76 C2 41 01 10 04 30 00 04 C0 F5 01 10 04 F0 00 01 02 03 00 F7 90 01 10 04 F0 00 01 00 CA 01 10 04 B0 00 01 02 02 00 F8 C0 01 10 04 B0 00 01 01 1E 01 10 04 A5 00 01 02 00 B9 3A D7 01 10 04 A5 00 01 10 DA 01 10 04 A6 00 08 10 19 0E 09 00 00 00 00 00 00 00 00 00 00 00 00 00 00 01 01 10 04 A6 00 08 20 DC 01 10 04 A0 00 02 04 00 01 00 00 9A D7 01 10 04 A0 00 02 40 DA;HEX;
5;R;12:54:52:640;01 10 04 A3 00 02 04 33 02 02 04 25 25 01 10 04 A3 00 02 B0 DA;HEX;
6;R;12:54:52:906;01 10 04 30 00 04 08 04 06 8B 2E A3 5A 60 76 C2 41 01 10 04 30 00 04 C0 F5 01 10 04 F0 00 01 02 03 00 F7 90 01 10 04 F0 00 01 00 CA 01 10 04 B0 00 01 02 02 00 F8 C0 01 10 04 B0 00 01 01 1E 01 10 04 A5 00 01 02 00 BA 7A D6 01 10 04 A5 00 01 10 DA 01 10 04 A6 00 08 10 19 0E 09 00 00 00 00 00 00 00 00 00 00 00 00 00 00 01 01 10 04 A6 00 08 20 DC;HEX;
7;R;12:54:53:406;01 10 04 A0 00 02 04 00 01 00 00 9A D7 01 10 04 A0 00 02 40 DA;HEX;
8;R;12:54:53:656;01 10 04 A3 00 02 04 33 02 02 04 25 25 01 10 04 A3 00 02 B0 DA;HEX;
9;R;12:54:53:921;01 10 04 30 00 04 08 04 06 8B 2E A3 5A 61 76 C3 D1 01 10 04 30 00 04 C0 F5 01 10 04 F0 00 01 02 03 00 F7 90 01 10 04 F0 00 01 00 CA 01 10 04 B0 00 01 02 02 00 F8 C0 01 10 04 B0 00 01 01 1E 01 10 04 A5 00 01 02 00 BA 7A D6 01 10 04 A5 00 01 10 DA 01 10 04 A6 00 08 10 19 0E 09 00 00 00 00 00 00 00 00 00 00 00 00 00 00 01 01 10 04 A6 00 08 20 DC;HEX;
10;R;12:54:54:421;01 10 04 A0 00 02 04 00 01 00 00 9A D7 01 10 04 A0 00 02 40 DA;HEX;
11;R;12:54:54:656;01 10 04 A3 00 02 04 33 02 02 04 25 25 01 10 04 A3 00 02 B0 DA 01 10 04 30 00 04 08 04 06 8B 2E A3 5A 60 76 C2 41 01 10 04 30 00 04 C0 F5 01 10 04 F0 00 01 02 03 00 F7 90 01 10 04 F0 00 01 00 CA 01 10 04 B0 00 01 02 02 00 F8 C0 01 10 04 B0 00 01 01 1E 01 10 04 A5 00 01 02 00 BA 7A D6 01 10 04 A5 00 01 10 DA 01 10 04 A6 00 08 10 19 0E 09 00 00 00 00 00 00 00 00 00 00 00 00 00 00 01 01 10 04 A6 00 08 20 DC;HEX;
12;R;12:54:55:187;01 10 04 A0 00 02 04 00 01 00 00 9A D7 01 10 04 A0 00 02 40 DA;HEX;
13;R;12:54:55:671;01 10 04 A3 00 02 04 33 02 02 04 25 25 01 10 04 A3 00 02 B0 DA 01 10 04 30 00 04 08 04 06 8B 2E A3 5A 60 76 C2 41 01 10 04 30 00 04 C0 F5 01 10 04 F0 00 01 02 03 00 F7 90 01 10 04 F0 00 01 00 CA 01 10 04 B0 00 01 02 02 00 F8 C0 01 10 04 B0 00 01 01 1E 01 10 04 A5 00 01 02 00 BA 7A D6 01 10 04 A5 00 01 10 DA 01 10 04 A6 00 08 10 19 0E 09 00 00 00 00 00 00 00 00 00 00 00 00 00 00 01 01 10 04 A6 00 08 20 DC 01 10 04 A0 00 02 04 00 01 00 00 9A D7 01 10 04 A0 00 02 40 DA;HEX;
14;R;12:54:56:671;01 10 04 A3 00 02 04 33 02 02 04 25 25 01 10 04 A3 00 02 B0 DA 01 10 04 30 00 04 08 04 06 8B 2E A3 5A 60 76 C2 41 01 10 04 30 00 04 C0 F5 01 10 04 F0 00 01 02 03 00 F7 90 01 10 04 F0 00 01 00 CA 01 10 04 B0 00 01 02 02 00 F8 C0 01 10 04 B0 00 01 01 1E 01 10 04 A5 00 01 02 00 BB BB 16 01 10 04 A5 00 01 10 DA 01 10 04 A6 00 08 10 19 0E 09 00 00 00 00 00 00 00 00 00 00 00 00 00 00 01 01 10 04 A6 00 08 20 DC;HEX;
15;R;12:54:57:218;01 10 04 A0 00 02 04 00 01 00 00 9A D7 01 10 04 A0 00 02 40 DA;HEX;
16;R;12:54:57:687;01 10 04 A3 00 02 04 33 02 02 04 25 25 01 10 04 A3 00 02 B0 DA;HEX;
17;R;12:54:57:968;01 10 04 30 00 04 08 04 06 8B 2E A3 5A 60 76 C2 41 01 10 04 30 00 04 C0 F5 01 10 04 F0 00 01 02 03 00 F7 90 01 10 04 F0 00 01 00 CA 01 10 04 B0 00 01 02 02 00 F8 C0 01 10 04 B0 00 01 01 1E 01 10 04 A5 00 01 02 00 BB BB 16 01 10 04 A5 00 01 10 DA 01 10 04 A6 00 08 10 19 0E 09 00 00 00 00 00 00 00 00 00 00 00 00 00 00 01 01 10 04 A6 00 08 20 DC 01 10 04 A0 00 02 04 00 01 00 00 9A D7 01 10 04 A0 00 02 40 DA;HEX;
18;R;12:54:58:687;01 10 04 A3 00 02 04 33 02 02 04 25 25 01 10 04 A3 00 02 B0 DA;HEX;
19;R;12:54:58:968;01 10 04 30 00 04 08 04 06 8B 2E A3 5A 60 76 C2 41 01 10 04 30 00 04 C0 F5 01 10 04 F0 00 01 02 03 00 F7 90 01 10 04 F0 00 01 00 CA 01 10 04 B0 00 01 02 02 00 F8 C0 01 10 04 B0 00 01 01 1E 01 10 04 A5 00 01 02 00 BB BB 16 01 10 04 A5 00 01 10 DA 01 10 04 A6 00 08 10 19 0E 09 00 00 00 00 00 00 00 00 00 00 00 00 00 00 01 01 10 04 A6 00 08 20 DC;HEX;
20;R;12:54:59:453;01 10 04 A0 00 02 04 00 01 00 00 9A D7 01 10 04 A0 00 02 40 DA;HEX;
21;R;12:54:59:703;01 10 04 A3 00 02 04 33 02 02 04 25 25 01 10 04 A3 00 02 B0 DA 01 10 04 30 00 04 08 04 06 8B 2E A3 5A 60 76 C2 41 01 10 04 30 00 04 C0 F5 01 10 04 F0 00 01 02 03 00 F7 90 01 10 04 F0 00 01 00 CA 01 10 04 B0 00 01 02 02 00 F8 C0 01 10 04 B0 00 01 01 1E 01 10 04 A5 00 01 02 00 BB BB 16 01 10 04 A5 00 01 10 DA 01 10 04 A6 00 08 10 19 0E 09 00 00 00 00 00 00 00 00 00 00 00 00 00 00 01 01 10 04 A6 00 08 20 DC 01 10 04 A0 00 02 04 00 01 00 00 9A D7 01 10 04 A0 00 02 40 DA;HEX;
22;R;12:55:00:703;01 10 04 A3 00 02 04 33 02 02 04 25 25 01 10 04 A3 00 02 B0 DA 01 10 04 30 00 04 08 04 06 8B 2E A3 5A 60 76 C2 41 01 10 04 30 00 04 C0 F5 01 10 04 F0 00 01 02 03 00 F7 90 01 10 04 F0 00 01 00 CA 01 10 04 B0 00 01 02 02 00 F8 C0 01 10 04 B0 00 01 01 1E 01 10 04 A5 00 01 02 00 BC FA D4 01 10 04 A5 00 01 10 DA 01 10 04 A6 00 08 10 19 0E 09 00 00 00 00 00 00 00 00 00 00 00 00 00 00 01 01 10 04 A6 00 08 20 DC;HEX;
23;R;12:55:01:234;01 10 04 A0 00 02 04 00 01 00 00 9A D7 01 10 04 A0 00 02 40 DA;HEX;
24;R;12:55:01:718;01 10 04 A3 00 02 04 33 02 02 04 25 25 01 10 04 A3 00 02 B0 DA 01 10 04 30 00 04 08 04 06 8B 2E A3 5A 60 76 C2 41 01 10 04 30 00 04 C0 F5 01 10 04 F0 00 01 02 03 00 F7 90 01 10 04 F0 00 01 00 CA 01 10 04 B0 00 01 02 02 00 F8 C0 01 10 04 B0 00 01 01 1E 01 10 04 A5 00 01 02 00 BC FA D4 01 10 04 A5 00 01 10 DA 01 10 04 A6 00 08 10 19 0E 09 00 00 00 00 00 00 00 00 00 00 00 00 00 00 01 01 10 04 A6 00 08 20 DC 01 10 04 A0 00 02 04 00 01 00 00 9A D7 01 10 04 A0 00 02 40 DA;HEX;
