

01 10 06 83 00 02 04 33 02 02 04 3E 5D 								01 10 06 83 00 02 B0 A8
01 10 07 10 00 04 08 04 06 29 2D 01 5A 00 78 91 03 						01 10 07 10 00 04 C1 7B 
01 10 06 D0 00 01 02 03 00 D3 30 01 10 06 D0 00 01 00 B8 					
01 10 06 90 00 01 02 02 00 DC 60								01 10 06 90 00 01 01 6C 
01 10 06 85 00 01 02 00 74 DF E2 								01 10 06 85 00 01 10 A8 
01 10 06 86 00 08 10 19 0E 09 00 00 00 00 00 00 00 00 00 00 00 00 00 A4 84 			01 10 06 86 00 08 20 AE
01 10 06 80 00 02 04 00 01 00 00 81 AF 								01 10 06 80 00 02 40 A8

01 10 06 83 00 02 04 33 02 02 04 3E 5D 								01 10 06 83 00 02 B0 A8
01 10 07 10 00 04 08 04 06 29 2D 01 5A 00 78 91 03 						01 10 07 10 00 04 C1 7B 
01 10 06 D0 00 01 02 03 00 D3 30 								01 10 06 D0 00 01 00 B8 
01 10 06 90 00 01 02 02 00 DC 60 								01 10 06 90 00 01 01 6C 
01 10 06 85 00 01 02 00 74 DF E2 								01 10 06 85 00 01 10 A8 
01 10 06 86 00 08 10 19 0E 09 00 00 00 00 00 00 00 00 00 00 00 00 00 A4 84 			01 10 06 86 00 08 20 AE
01 10 06 80 00 02 04 00 01 00 00 81 AF 								01 10 06 80 00 02 40 A8

01 10 06 83 00 02 04 33 02 02 04 3E 5D 								01 10 06 83 00 02 B0 A8
01 10 07 10 00 04 08 04 06 29 2D 01 5A 00 78 91 03 						01 10 07 10 00 04 C1 7B 
01 10 06 D0 00 01 02 03 00 D3 30 								01 10 06 D0 00 01 00 B8 
01 10 06 90 00 01 02 02 00 DC 60 								01 10 06 90 00 01 01 6C 
01 10 06 85 00 01 02 00 74 DF E2 								01 10 06 85 00 01 10 A8 
01 10 06 86 00 08 10 19 0E 09 00 00 00 00 00 00 00 00 00 00 00 00 00 A4 84 			01 10 06 86 00 08 20 AE
01 10 06 80 00 02 04 00 01 00 00 81 AF 								01 10 06 80 00 02 40 A8

01 10 06 83 00 02 04 33 02 02 04 3E 5D 								01 10 06 83 00 02 B0 A8
01 10 07 10 00 04 08 04 06 29 2D 01 5A 00 78 91 03 						01 10 07 10 00 04 C1 7B 
01 10 06 D0 00 01 02 03 00 D3 30 								01 10 06 D0 00 01 00 B8 
01 10 06 90 00 01 02 02 00 DC 60 								01 10 06 90 00 01 01 6C 
01 10 06 85 00 01 02 00 74 DF E2 								01 10 06 85 00 01 10 A8 
01 10 06 86 00 08 10 19 0E 09 00 00 00 00 00 00 00 00 00 00 00 00 00 A4 84 			01 10 06 86 00 08 20 AE
01 10 06 80 00 02 04 00 01 00 00 81 AF 								01 10 06 80 00 02 40 A8

01 10 06 83 00 02 04 33 02 02 04 3E 5D 								01 10 06 83 00 02 B0 A8
13;R;11:21:35:453;01 10 07 10 00 04 08 04 06 29 2D 01 5A 00 78 91 03 01 10 07 10 00 04 C1 7B 01 10 06 D0 00 01 02 03 00 D3 30 01 10 06 D0 00 01 00 B8 01 10 06 90 00 01 02 02 00 DC 60 01 10 06 90 00 01 01 6C 01 10 06 85 00 01 02 00 74 DF E2 01 10 06 85 00 01 10 A8 01 10 06 86 00 08 10 19 0E 09 00 00 00 00 00 00 00 00 00 00 00 00 00 A4 84 01 10 06 86 00 08 20 AE;HEX;
14;R;11:21:35:953;01 10 06 80 00 02 04 00 01 00 00 81 AF 01 10 06 80 00 02 40 A8;HEX;
15;R;11:21:36:203;01 10 06 83 00 02 04 33 02 02 04 3E 5D 01 10 06 83 00 02 B0 A8;HEX;
16;R;11:21:36:468;01 10 07 10 00 04 08 04 06 29 2D 01 5A 00 78 91 03 01 10 07 10 00 04 C1 7B 01 10 06 D0 00 01 02 03 00 D3 30 01 10 06 D0 00 01 00 B8 01 10 06 90 00 01 02 02 00 DC 60 01 10 06 90 00 01 01 6C 01 10 06 85 00 01 02 00 74 DF E2 01 10 06 85 00 01 10 A8 01 10 06 86 00 08 10 19 0E 09 00 00 00 00 00 00 00 00 00 00 00 00 00 A4 84 01 10 06 86 00 08 20 AE;HEX;
17;R;11:21:36:968;01 10 06 80 00 02 04 00 01 00 00 81 AF 01 10 06 80 00 02 40 A8;HEX;
18;R;11:21:37:203;01 10 06 83 00 02 04 33 02 02 04 3E 5D 01 10 06 83 00 02 B0 A8 01 10 07 10 00 04 08 04 06 29 2D 01 5A 00 78 91 03 01 10 07 10 00 04 C1 7B 01 10 06 D0 00 01 02 03 00 D3 30 01 10 06 D0 00 01 00 B8 01 10 06 90 00 01 02 02 00 DC 60 01 10 06 90 00 01 01 6C 01 10 06 85 00 01 02 00 74 DF E2 01 10 06 85 00 01 10 A8 01 10 06 86 00 08 10 19 0E 09 00 00 00 00 00 00 00 00 00 00 00 00 00 A4 84 01 10 06 86 00 08 20 AE;HEX;
19;R;11:21:37:750;01 10 06 80 00 02 04 00 01 00 00 81 AF 01 10 06 80 00 02 40 A8;HEX;
20;R;11:21:38:203;01 10 06 83 00 02 04 33 02 02 04 3E 5D 01 10 06 83 00 02 B0 A8 01 10 07 10 00 04 08 04 06 29 2D 01 5A 00 78 91 03 01 10 07 10 00 04 C1 7B;HEX;
21;R;11:21:38:546;01 10 06 D0 00 01 02 03 00 D3 30 01 10 06 D0 00 01 00 B8 01 10 06 90 00 01 02 02 00 DC 60 01 10 06 90 00 01 01 6C 01 10 06 85 00 01 02 00 74 DF E2 01 10 06 85 00 01 10 A8 01 10 06 86 00 08 10 19 0E 09 00 00 00 00 00 00 00 00 00 00 00 00 00 A4 84 01 10 06 86 00 08 20 AE;HEX;
22;R;11:21:38:984;01 10 06 80 00 02 04 00 01 00 00 81 AF 01 10 06 80 00 02 40 A8;HEX;
23;R;11:21:39:218;01 10 06 83 00 02 04 33 02 02 04 3E 5D 01 10 06 83 00 02 B0 A8;HEX;
24;R;11:21:39:500;01 10 07 10 00 04 08 04 06 29 2D 01 5A 00 78 91 03 01 10 07 10 00 04 C1 7B 01 10 06 D0 00 01 02 03 00 D3 30 01 10 06 D0 00 01 00 B8 01 10 06 90 00 01 02 02 00 DC 60 01 10 06 90 00 01 01 6C 01 10 06 85 00 01 02 00 74 DF E2 01 10 06 85 00 01 10 A8 01 10 06 86 00 08 10 19 0E 09 00 00 00 00 00 00 00 00 00 00 00 00 00 A4 84 01 10 06 86 00 08 20 AE;HEX;
25;R;11:21:39:984;01 10 06 80 00 02 04 00 01 00 00 81 AF 01 10 06 80 00 02 40 A8;HEX;
26;R;11:21:40:234;01 10 06 83 00 02 04 33 02 02 04 3E 5D 01 10 06 83 00 02 B0 A8;HEX;
27;R;11:21:40:515;01 10 07 10 00 04 08 04 06 29 2D 01 5A 00 78 91 03 01 10 07 10 00 04 C1 7B 01 10 06 D0 00 01 02 03 00 D3 30 01 10 06 D0 00 01 00 B8 01 10 06 90 00 01 02 02 00 DC 60 01 10 06 90 00 01 01 6C 01 10 06 85 00 01 02 00 74 DF E2 01 10 06 85 00 01 10 A8 01 10 06 86 00 08 10 19 0E 09 00 00 00 00 00 00 00 00 00 00 00 00 00 A4 84 01 10 06 86 00 08 20 AE;HEX;
28;R;11:21:41:000;01 10 06 80 00 02 04 00 01 00 00 81 AF 01 10 06 80 00 02 40 A8;HEX;
29;R;11:21:41:234;01 10 06 83 00 02 04 33 02 02 04 3E 5D 01 10 06 83 00 02 B0 A8;HEX;
30;R;11:21:41:515;01 10 07 10 00 04 08 04 06 29 2D 01 5A 00 78 91 03 01 10 07 10 00 04 C1 7B 01 10 06 D0 00 01 02 03 00 D3 30 01 10 06 D0 00 01 00 B8 01 10 06 90 00 01 02 02 00 DC 60 01 10 06 90 00 01 01 6C 01 10 06 85 00 01 02 00 74 DF E2 01 10 06 85 00 01 10 A8 01 10 06 86 00 08 10 19 0E 09 00 00 00 00 00 00 00 00 00 00 00 00 00 A4 84 01 10 06 86 00 08 20 AE;HEX;
31;R;11:21:42:000;01 10 06 80 00 02 04 00 01 00 00 81 AF 01 10 06 80 00 02 40 A8;HEX;
32;R;11:21:42:234;01 10 06 83 00 02 04 33 02 02 04 3E 5D 01 10 06 83 00 02 B0 A8;HEX;
33;R;11:21:42:531;01 10 07 10 00 04 08 04 06 29 2D 01 5A 00 78 91 03 01 10 07 10 00 04 C1 7B 01 10 06 D0 00 01 02 03 00 D3 30 01 10 06 D0 00 01 00 B8 01 10 06 90 00 01 02 02 00 DC 60 01 10 06 90 00 01 01 6C 01 10 06 85 00 01 02 00 74 DF E2 01 10 06 85 00 01 10 A8 01 10 06 86 00 08 10 19 0E 09 00 00 00 00 00 00 00 00 00 00 00 00 00 A4 84 01 10 06 86 00 08 20 AE;HEX;
34;R;11:21:43:015;01 10 06 80 00 02 04 00 01 00 00 81 AF 01 10 06 80 00 02 40 A8;HEX;
35;R;11:21:43:250;01 10 06 83 00 02 04 33 02 02 04 3E 5D 01 10 06 83 00 02 B0 A8 01 10 07 10 00 04 08 04 06 29 2D 01 5A 00 78 91 03 01 10 07 10 00 04 C1 7B 01 10 06 D0 00 01 02 03 00 D3 30 01 10 06 D0 00 01 00 B8 01 10 06 90 00 01 02 02 00 DC 60 01 10 06 90 00 01 01 6C 01 10 06 85 00 01 02 00 74 DF E2 01 10 06 85 00 01 10 A8 01 10 06 86 00 08 10 19 0E 09 00 00 00 00 00 00 00 00 00 00 00 00 00 A4 84 01 10 06 86 00 08 20 AE;HEX;
36;R;11:21:43:796;01 10 06 80 00 02 04 00 01 00 00 81 AF 01 10 06 80 00 02 40 A8;HEX;
37;R;11:21:44:250;01 10 06 83 00 02 04 33 02 02 04 3E 5D 01 10 06 83 00 02 B0 A8;HEX;
38;R;11:21:44:546;01 10 07 10 00 04 08 04 06 29 2D 01 5A 00 78 91 03 01 10 07 10 00 04 C1 7B 01 10 06 D0 00 01 02 03 00 D3 30 01 10 06 D0 00 01 00 B8 01 10 06 90 00 01 02 02 00 DC 60 01 10 06 90 00 01 01 6C 01 10 06 85 00 01 02 00 74 DF E2 01 10 06 85 00 01 10 A8 01 10 06 86 00 08 10 19 0E 09 00 00 00 00 00 00 00 00 00 00 00 00 00 A4 84 01 10 06 86 00 08 20 AE;HEX;
39;R;11:21:45:031;01 10 06 80 00 02 04 00 01 00 00 81 AF 01 10 06 80 00 02 40 A8;HEX;
40;R;11:21:45:265;01 10 06 83 00 02 04 33 02 02 04 3E 5D 01 10 06 83 00 02 B0 A8;HEX;
41;R;11:21:45:546;01 10 07 10 00 04 08 04 06 29 2D 01 5A 00 78 91 03 01 10 07 10 00 04 C1 7B 01 10 06 D0 00 01 02 03 00 D3 30 01 10 06 D0 00 01 00 B8 01 10 06 90 00 01 02 02 00 DC 60 01 10 06 90 00 01 01 6C 01 10 06 85 00 01 02 00 74 DF E2 01 10 06 85 00 01 10 A8 01 10 06 86 00 08 10 19 0E 09 00 00 00 00 00 00 00 00 00 00 00 00 00 A4 84 01 10 06 86 00 08 20 AE;HEX;
42;R;11:21:46:031;01 10 06 80 00 02 04 00 01 00 00 81 AF 01 10 06 80 00 02 40 A8;HEX;
43;R;11:21:46:281;01 10 06 83 00 02 04 33 02 02 04 3E 5D 01 10 06 83 00 02 B0 A8;HEX;
44;R;11:21:46:562;01 10 07 10 00 04 08 04 06 29 2D 01 5A 00 78 91 03 01 10 07 10 00 04 C1 7B 01 10 06 D0 00 01 02 03 00 D3 30 01 10 06 D0 00 01 00 B8 01 10 06 90 00 01 02 02 00 DC 60;HEX;
