#;Тип операции;Время;Сообщение;Вид представления;
0;R;17:10:27:250;01 10 04 A0 00 02 04 00 01 00 00 9A D7 01 10 04 A0 00 02 40 DA;HEX;
1;R;17:10:27:718;01 10 04 A3 00 02 04 33 02 02 05 E4 E5 01 10 04 A3 00 02 B0 DA;HEX;
2;R;17:10:28:000;01 10 05 30 00 04 08 04 06 8F 26 03 5E 20 78 F3 40 01 10 05 30 00 04 C1 09 01 10 04 F0 00 03 06 03 04 0E 00 16 00 0B 08 01 10 04 F0 00 03 81 0B 01 10 04 B0 00 03 06 02 04 24 00 04 00 0C B5 01 10 04 B0 00 03 80 DF 01 10 04 A5 00 01 02 00 3D 3A B4 01 10 04 A5 00 01 10 DA 01 10 04 A6 00 08 10 19 0E 09 00 00 00 00 00 00 00 00 00 00 00 00 00 00 01 01 10 04 A6 00 08 20 DC 01 10 04 A0 00 02 04 00 01 00 00 9A D7 01 10 04 A0 00 02 40 DA;HEX;
3;R;17:10:28:718;01 10 04 A3 00 02 04 33 02 02 05 E4 E5 01 10 04 A3 00 02 B0 DA;HEX;
4;R;17:10:29:015;01 10 05 30 00 04 08 04 06 8F 26 03 5E 20 78 F3 40 01 10 05 30 00 04 C1 09 01 10 04 F0 00 03 06 03 04 0E 00 16 00 0B 08 01 10 04 F0 00 03 81 0B 01 10 04 B0 00 03 06 02 04 24 00 04 00 0C B5 01 10 04 B0 00 03 80 DF 01 10 04 A5 00 01 02 00 3D 3A B4 01 10 04 A5 00 01 10 DA 01 10 04 A6 00 08 10 19 0E 09 00 00 00 00 00 00 00 00 00 00 00 00 00 00 01 01 10 04 A6 00 08 20 DC;HEX;
5;R;17:10:29:484;01 10 04 A0 00 02 04 00 01 00 00 9A D7 01 10 04 A0 00 02 40 DA;HEX;
6;R;17:10:29:734;01 10 04 A3 00 02 04 33 02 02 05 E4 E5 01 10 04 A3 00 02 B0 DA;HEX;
7;R;17:10:30:015;01 10 05 30 00 04 08 04 06 8F 26 03 5E 20 78 F3 40 01 10 05 30 00 04 C1 09 01 10 04 F0 00 03 06 03 04 0E 00 16 00 0B 08 01 10 04 F0 00 03 81 0B 01 10 04 B0 00 03 06 02 04 24 00 04 00 0C B5 01 10 04 B0 00 03 80 DF 01 10 04 A5 00 01 02 00 3D 3A B4 01 10 04 A5 00 01 10 DA 01 10 04 A6 00 08 10 19 0E 09 00 00 00 00 00 00 00 00 00 00 00 00 00 00 01 01 10 04 A6 00 08 20 DC 01 10 04 A0 00 02 04 00 01 00 00 9A D7 01 10 04 A0 00 02 40 DA;HEX;
8;R;17:10:30:734;01 10 04 A3 00 02 04 33 02 02 05 E4 E5 01 10 04 A3 00 02 B0 DA;HEX;
9;R;17:10:31:031;01 10 05 30 00 04 08 04 06 8F 26 03 5E 20 78 F3 40 01 10 05 30 00 04 C1 09 01 10 04 F0 00 03 06 03 04 0E 00 16 00 0B 08 01 10 04 F0 00 03 81 0B 01 10 04 B0 00 03 06 02 04 24 00 04 00 0C B5 01 10 04 B0 00 03 80 DF 01 10 04 A5 00 01 02 00 3D 3A B4 01 10 04 A5 00 01 10 DA 01 10 04 A6 00 08 10 19 0E 09 00 00 00 00 00 00 00 00 00 00 00 00 00 00 01 01 10 04 A6 00 08 20 DC 01 10 04 A0 00 02 04 00 01 00 00 9A D7 01 10 04 A0 00 02 40 DA;HEX;
10;R;17:10:31:750;01 10 04 A3 00 02 04 33 02 02 05 E4 E5 01 10 04 A3 00 02 B0 DA;HEX;
11;R;17:10:32:031;01 10 05 30 00 04 08 04 06 0F 26 03 5E 20 78 EC 80 01 10 05 30 00 04 C1 09 01 10 04 F0 00 03 06 03 04 0E 00 16 00 0B 08 01 10 04 F0 00 03 81 0B 01 10 04 B0 00 03 06 02 04 24 00 04 00 0C B5 01 10 04 B0 00 03 80 DF 01 10 04 A5 00 01 02 00 3D 3A B4 01 10 04 A5 00 01 10 DA 01 10 04 A6 00 08 10 19 0E 09 00 00 00 00 00 00 00 00 00 00 00 00 00 00 01 01 10 04 A6 00 08 20 DC 01 10 04 A0 00 02 04 00 01 00 00 9A D7 01 10 04 A0 00 02 40 DA;HEX;
12;R;17:10:32:750;01 10 04 A3 00 02 04 33 02 02 05 E4 E5 01 10 04 A3 00 02 B0 DA;HEX;
13;R;17:10:33:046;01 10 05 30 00 04 08 04 06 0F 26 03 5E 20 78 EC 80 01 10 05 30 00 04 C1 09 01 10 04 F0 00 03 06 03 04 0E 00 16 00 0B 08 01 10 04 F0 00 03 81 0B 01 10 04 B0 00 03 06 02 04 24 00 04 00 0C B5 01 10 04 B0 00 03 80 DF 01 10 04 A5 00 01 02 00 3D 3A B4 01 10 04 A5 00 01 10 DA 01 10 04 A6 00 08 10 19 0E 09 00 00 00 00 00 00 00 00 00 00 00 00 00 00 01 01 10 04 A6 00 08 20 DC 01 10 04 A0 00 02 04 00 01 00 00 9A D7 01 10 04 A0 00 02 40 DA;HEX;
14;R;17:10:33:765;01 10 04 A3 00 02 04 33 02 02 05 E4 E5 01 10 04 A3 00 02 B0 DA;HEX;
15;R;17:10:34:046;01 10 05 30 00 04 08 04 06 0F 26 03 5E 20 78 EC 80 01 10 05 30 00 04 C1 09 01 10 04 F0 00 03 06 03 04 0E 00 16 00 0B 08 01 10 04 F0 00 03 81 0B 01 10 04 B0 00 03 06 02 04 24 00 04 00 0C B5 01 10 04 B0 00 03 80 DF 01 10 04 A5 00 01 02 00 3D 3A B4 01 10 04 A5 00 01 10 DA 01 10 04 A6 00 08 10 19 0E 09 00 00 00 00 00 00 00 00 00 00 00 00 00 00 01 01 10 04 A6 00 08 20 DC 01 10 04 A0 00 02 04 00 01 00 00 9A D7 01 10 04 A0 00 02 40 DA;HEX;
16;R;17:10:34:765;01 10 04 A3 00 02 04 33 02 02 05 E4 E5 01 10 04 A3 00 02 B0 DA;HEX;
17;R;17:10:35:062;01 10 05 30 00 04 08 04 06 0F 26 03 5E 20 78 EC 80 01 10 05 30 00 04 C1 09 01 10 04 F0 00 03 06 03 04 0E 00 16 00 0B 08 01 10 04 F0 00 03 81 0B 01 10 04 B0 00 03 06 02 04 24 00 04 00 0C B5 01 10 04 B0 00 03 80 DF 01 10 04 A5 00 01 02 00 3D 3A B4 01 10 04 A5 00 01 10 DA 01 10 04 A6 00 08 10 19 0E 09 00 00 00 00 00 00 00 00 00 00 00 00 00 00 01 01 10 04 A6 00 08 20 DC;HEX;
18;R;17:10:35:562;01 10 04 A0 00 02 04 00 01 00 00 9A D7 01 10 04 A0 00 02 40 DA;HEX;
19;R;17:10:35:781;01 10 04 A3 00 02 04 33 02 02 05 E4 E5 01 10 04 A3 00 02 B0 DA;HEX;
20;R;17:10:36:062;01 10 05 30 00 04 08 04 06 0F 26 03 5E 20 78 EC 80 01 10 05 30 00 04 C1 09 01 10 04 F0 00 03 06 03 04 0E 00 16 00 0B 08 01 10 04 F0 00 03 81 0B 01 10 04 B0 00 03 06 02 04 24 00 04 00 0C B5 01 10 04 B0 00 03 80 DF 01 10 04 A5 00 01 02 00 3D 3A B4 01 10 04 A5 00 01 10 DA 01 10 04 A6 00 08 10 19 0E 09 00 00 00 00 00 00 00 00 00 00 00 00 00 00 01 01 10 04 A6 00 08 20 DC;HEX;
21;R;17:10:36:562;01 10 04 A0 00 02 04 00 01 00 00 9A D7 01 10 04 A0 00 02 40 DA;HEX;
22;R;17:10:36:781;01 10 04 A3 00 02 04 33 02 02 05 E4 E5 01 10 04 A3 00 02 B0 DA;HEX;
23;R;17:10:37:078;01 10 05 30 00 04 08 04 06 0F 26 03 5E 20 78 EC 80 01 10 05 30 00 04 C1 09 01 10 04 F0 00 03 06 03 04 0E 00 16 00 0B 08 01 10 04 F0 00 03 81 0B 01 10 04 B0 00 03 06 02 04 24 00 04 00 0C B5 01 10 04 B0 00 03 80 DF 01 10 04 A5 00 01 02 00 3D 3A B4 01 10 04 A5 00 01 10 DA 01 10 04 A6 00 08 10 19 0E 09 00 00 00 00 00 00 00 00 00 00 00 00 00 00 01 01 10 04 A6 00 08 20 DC;HEX;
24;R;17:10:37:578;01 10 04 A0 00 02 04 00 01 00 00 9A D7 01 10 04 A0 00 02 40 DA;HEX;
25;R;17:10:37:796;01 10 04 A3 00 02 04 33 02 02 05 E4 E5 01 10 04 A3 00 02 B0 DA;HEX;
26;R;17:10:38:078;01 10 05 30 00 04 08 04 06 0F 26 03 5E 20 78 EC 80 01 10 05 30 00 04 C1 09 01 10 04 F0 00 03 06 03 04 0E 00 16 00 0B 08 01 10 04 F0 00 03 81 0B 01 10 04 B0 00 03 06 02 04 24 00 04 00 0C B5 01 10 04 B0 00 03 80 DF 01 10 04 A5 00 01 02 00 3D 3A B4 01 10 04 A5 00 01 10 DA 01 10 04 A6 00 08 10 19 0E 09 00 00 00 00 00 00 00 00 00 00 00 00 00 00 01 01 10 04 A6 00 08 20 DC;HEX;
27;R;17:10:38:562;01 10 04 A0 00 02 04 00 01 00 00 9A D7 01 10 04 A0 00 02 40 DA;HEX;
28;R;17:10:38:796;01 10 04 A3 00 02 04 33 02 02 05 E4 E5 01 10 04 A3 00 02 B0 DA;HEX;
29;R;17:10:39:093;01 10 05 30 00 04 08 04 06 0F 26 03 5E 20 78 EC 80 01 10 05 30 00 04 C1 09 01 10 04 F0 00 03 06 03 04 0E 00 16 00 0B 08 01 10 04 F0 00 03 81 0B 01 10 04 B0 00 03 06 02 04 24 00 04 00 0C B5 01 10 04 B0 00 03 80 DF 01 10 04 A5 00 01 02 00 3D 3A B4 01 10 04 A5 00 01 10 DA 01 10 04 A6 00 08 10 19 0E 09 00 00 00 00 00 00 00 00 00 00 00 00 00 00 01 01 10 04 A6 00 08 20 DC;HEX;
30;R;17:10:39:593;01 10 04 A0 00 02 04 00 01 00 00 9A D7 01 10 04 A0 00 02 40 DA;HEX;
31;R;17:10:39:812;01 10 04 A3 00 02 04 33 02 02 05 E4 E5 01 10 04 A3 00 02 B0 DA;HEX;
32;R;17:10:40:093;01 10 05 30 00 04 08 04 06 0F 26 03 5E 20 78 EC 80 01 10 05 30 00 04 C1 09 01 10 04 F0 00 03 06 03 04 0E 00 16 00 0B 08 01 10 04 F0 00 03 81 0B 01 10 04 B0 00 03 06 02 04 24 00 04 00 0C B5 01 10 04 B0 00 03 80 DF 01 10 04 A5 00 01 02 00 3D 3A B4 01 10 04 A5 00 01 10 DA 01 10 04 A6 00 08 10 19 0E 09 00 00 00 00 00 00 00 00 00 00 00 00 00 00 01 01 10 04 A6 00 08 20 DC 01 10 04 A0 00 02 04 00 01 00 00 9A D7 01 10 04 A0 00 02 40 DA;HEX;
33;R;17:10:44:562;01 10 04 A3 00 02 04 33 02 00 00 25 86 01 10 04 A3 00 02 B0 DA 01 10 05 30 00 01 02 04 00 F4 60 01 10 05 30 00 01 01 0A 01 10 04 F0 00 01 02 03 00 F7 90 01 10 04 F0 00 01 00 CA 01 10 04 B0 00 01 02 02 00 F8 C0 01 10 04 B0 00 01 01 1E 01 10 04 A5 00 01 02 00 00 FB 65 01 10 04 A5 00 01 10 DA 01 10 04 A6 00 08 10 19 0E 00 00 00 00 00 00 00 00 00 00 00 00 00 00 09 08 01 10 04 A6 00 08 20 DC;HEX;
34;R;17:10:45:109;01 10 04 A0 00 02 04 77 01 00 00 81 63 01 10 04 A0 00 02 40 DA;HEX;
35;R;17:10:45:578;01 10 04 A3 00 02 04 33 02 00 00 25 86 01 10 04 A3 00 02 B0 DA;HEX;
36;R;17:10:45:843;01 10 05 30 00 04 08 04 06 00 00 00 00 00 00 9D CC 01 10 05 30 00 04 C1 09 01 10 04 F0 00 01 02 03 00 F7 90 01 10 04 F0 00 01 00 CA 01 10 04 B0 00 01 02 02 00 F8 C0 01 10 04 B0 00 01 01 1E 01 10 04 A5 00 01 02 00 00 FB 65 01 10 04 A5 00 01 10 DA 01 10 04 A6 00 08 10 19 0E 00 00 00 00 00 00 00 00 00 00 00 00 00 00 09 08 01 10 04 A6 00 08 20 DC;HEX;
37;R;17:10:46:343;01 10 04 A0 00 02 04 77 01 00 00 81 63 01 10 04 A0 00 02 40 DA;HEX;
38;R;17:10:46:578;01 10 04 A3 00 02 04 33 02 02 00 24 E6 01 10 04 A3 00 02 B0 DA;HEX;
39;R;17:10:46:843;01 10 05 30 00 04 08 04 06 00 00 00 00 00 00 9D CC 01 10 05 30 00 04 C1 09 01 10 04 F0 00 01 02 03 00 F7 90 01 10 04 F0 00 01 00 CA 01 10 04 B0 00 01 02 02 00 F8 C0 01 10 04 B0 00 01 01 1E 01 10 04 A5 00 01 02 00 00 FB 65 01 10 04 A5 00 01 10 DA 01 10 04 A6 00 08 10 19 0E 00 00 00 00 00 00 00 00 00 00 00 00 00 00 09 08 01 10 04 A6 00 08 20 DC;HEX;
40;R;17:10:47:343;01 10 04 A0 00 02 04 77 01 00 00 81 63 01 10 04 A0 00 02 40 DA;HEX;
41;R;17:10:47:578;01 10 04 A3 00 02 04 33 02 02 00 24 E6 01 10 04 A3 00 02 B0 DA;HEX;
42;R;17:10:47:875;01 10 05 30 00 04 08 04 06 00 00 00 00 00 00 9D CC 01 10 05 30 00 04 C1 09 01 10 04 F0 00 01 02 03 00 F7 90 01 10 04 F0 00 01 00 CA 01 10 04 B0 00 01 02 02 00 F8 C0 01 10 04 B0 00 01 01 1E 01 10 04 A5 00 01 02 00 00 FB 65 01 10 04 A5 00 01 10 DA 01 10 04 A6 00 08 10 19 0E 00 00 00 00 00 00 00 00 00 00 00 00 00 00 09 08 01 10 04 A6 00 08 20 DC 01 10 04 A0 00 02 04 77 01 00 00 81 63 01 10 04 A0 00 02 40 DA;HEX;
43;R;17:10:48:593;01 10 04 A3 00 02 04 33 02 02 00 24 E6 01 10 04 A3 00 02 B0 DA;HEX;
44;R;17:10:48:875;01 10 05 30 00 04 08 04 06 00 00 00 00 00 00 9D CC 01 10 05 30 00 04 C1 09 01 10 04 F0 00 01 02 03 00 F7 90 01 10 04 F0 00 01 00 CA 01 10 04 B0 00 01 02 02 00 F8 C0 01 10 04 B0 00 01 01 1E 01 10 04 A5 00 01 02 00 00 FB 65 01 10 04 A5 00 01 10 DA 01 10 04 A6 00 08 10 19 0E 00 00 00 00 00 00 00 00 00 00 00 00 00 00 09 08 01 10 04 A6 00 08 20 DC;HEX;
