
01 10 04 A3 00 02 04 33 02 02 04 25 25 								01 10 04 A3 00 02 B0 DA 
01 10 05 30 00 04 08 04 06 8F 26 03 5E 20 78 F3 40 						01 10 05 30 00 04 C1 09 
01 10 04 F0 00 01 02 03 00 F7 90 								01 10 04 F0 00 01 00 CA 
01 10 04 B0 00 01 02 02 00 F8 C0 								01 10 04 B0 00 01 01 1E 
01 10 04 A5 00 01 02 06 2C F9 18 								01 10 04 A5 00 01 10 DA 
01 10 04 A6 00 08 10 19 0E 09 00 00 00 00 00 00 00 00 00 00 00 00 00 00 01 			01 10 04 A6 00 08 20 DC 
01 10 04 A0 00 02 04 00 01 00 00 9A D7 01 10 04 A0 00 02 40 DA

01 10 04 A3 00 02 04 33 02 02 04 25 25 								01 10 04 A3 00 02 B0 DA 
01 10 05 30 00 04 08 04 06 8F 26 03 5E 20 78 F3 40 						01 10 05 30 00 04 C1 09 
01 10 04 F0 00 01 02 03 00 F7 90 								01 10 04 F0 00 01 00 CA 
01 10 04 B0 00 01 02 02 00 F8 C0 								01 10 04 B0 00 01 01 1E 
01 10 04 A5 00 01 02 06 2D 38 D8 								01 10 04 A5 00 01 10 DA 
01 10 04 A6 00 08 10 19 0E 09 00 00 00 00 00 00 00 00 00 00 00 00 00 00 01 			01 10 04 A6 00 08 20 DC 
01 10 04 A0 00 02 04 00 01 00 00 9A D7 								01 10 04 A0 00 02 40 DA

01 10 04 A3 00 02 04 33 02 02 04 25 25 								01 10 04 A3 00 02 B0 DA

01 10 05 30 00 04 08 04 06 8F 26 03 5E 20 78 F3 40 						01 10 05 30 00 04 C1 09 
01 10 04 F0 00 01 02 03 00 F7 90 								01 10 04 F0 00 01 00 CA 
01 10 04 B0 00 01 02 02 00 F8 C0 								01 10 04 B0 00 01 01 1E 
01 10 04 A5 00 01 02 06 2D 38 D8 								01 10 04 A5 00 01 10 DA 
01 10 04 A6 00 08 10 19 0E 09 00 00 00 00 00 00 00 00 00 00 00 00 00 00 01 			01 10 04 A6 00 08 20 DC

01 10 04 A0 00 02 04 00 01 00 00 9A D7 								01 10 04 A0 00 02 40 DA

01 10 04 A3 00 02 04 33 02 02 04 25 25 								01 10 04 A3 00 02 B0 DA

01 10 05 30 00 04 08 04 06 8F 26 03 5E 20 78 F3 40 						01 10 05 30 00 04 C1 09 
01 10 04 F0 00 01 02 03 00 F7 90 								01 10 04 F0 00 01 00 CA 
01 10 04 B0 00 01 02 02 00 F8 C0 								01 10 04 B0 00 01 01 1E 
01 10 04 A5 00 01 02 06 2D 38 D8 								01 10 04 A5 00 01 10 DA 
01 10 04 A6 00 08 10 19 0E 09 00 00 00 00 00 00 00 00 00 00 00 00 00 00 01 			01 10 04 A6 00 08 20 DC
8;R;17:03:18:375;01 10 04 A0 00 02 04 00 01 00 00 9A D7 01 10 04 A0 00 02 40 DA;HEX;
9;R;17:03:18:593;01 10 04 A3 00 02 04 33 02 02 04 25 25 01 10 04 A3 00 02 B0 DA;HEX;
10;R;17:03:18:890;01 10 05 30 00 04 08 04 06 8F 26 03 5E 20 78 F3 40 01 10 05 30 00 04 C1 09 01 10 04 F0 00 01 02 03 00 F7 90 01 10 04 F0 00 01 00 CA 01 10 04 B0 00 01 02 02 00 F8 C0 01 10 04 B0 00 01 01 1E 01 10 04 A5 00 01 02 06 2D 38 D8 01 10 04 A5 00 01 10 DA 01 10 04 A6 00 08 10 19 0E 09 00 00 00 00 00 00 00 00 00 00 00 00 00 00 01 01 10 04 A6 00 08 20 DC 01 10 04 A0 00 02 04 00 01 00 00 9A D7 01 10 04 A0 00 02 40 DA;HEX;
11;R;17:03:19:609;01 10 04 A3 00 02 04 33 02 02 04 25 25 01 10 04 A3 00 02 B0 DA;HEX;
12;R;17:03:19:890;01 10 05 30 00 04 08 04 06 8F 26 03 5E 20 78 F3 40 01 10 05 30 00 04 C1 09 01 10 04 F0 00 01 02 03 00 F7 90 01 10 04 F0 00 01 00 CA 01 10 04 B0 00 01 02 02 00 F8 C0 01 10 04 B0 00 01 01 1E 01 10 04 A5 00 01 02 06 2D 38 D8 01 10 04 A5 00 01 10 DA 01 10 04 A6 00 08 10 19 0E 09 00 00 00 00 00 00 00 00 00 00 00 00 00 00 01 01 10 04 A6 00 08 20 DC;HEX;
13;R;17:03:20:375;01 10 04 A0 00 02 04 00 01 00 00 9A D7 01 10 04 A0 00 02 40 DA;HEX;
14;R;17:03:20:609;01 10 04 A3 00 02 04 33 02 02 04 25 25 01 10 04 A3 00 02 B0 DA 01 10 05 30 00 04 08 04 06 8F 26 03 5E 20 78 F3 40 01 10 05 30 00 04 C1 09 01 10 04 F0 00 01 02 03 00 F7 90 01 10 04 F0 00 01 00 CA 01 10 04 B0 00 01 02 02 00 F8 C0 01 10 04 B0 00 01 01 1E 01 10 04 A5 00 01 02 06 2D 38 D8 01 10 04 A5 00 01 10 DA 01 10 04 A6 00 08 10 19 0E 09 00 00 00 00 00 00 00 00 00 00 00 00 00 00 01 01 10 04 A6 00 08 20 DC 01 10 04 A0 00 02 04 00 01 00 00 9A D7 01 10 04 A0 00 02 40 DA;HEX;
15;R;17:03:21:625;01 10 04 A3 00 02 04 33 02 02 04 25 25 01 10 04 A3 00 02 B0 DA;HEX;
16;R;17:03:21:906;01 10 05 30 00 04 08 04 06 0F 26 03 5E 20 78 EC 80 01 10 05 30 00 04 C1 09 01 10 04 F0 00 01 02 03 00 F7 90 01 10 04 F0 00 01 00 CA 01 10 04 B0 00 01 02 02 00 F8 C0 01 10 04 B0 00 01 01 1E 01 10 04 A5 00 01 02 06 2E 78 D9 01 10 04 A5 00 01 10 DA 01 10 04 A6 00 08 10 19 0E 09 00 00 00 00 00 00 00 00 00 00 00 00 00 00 01 01 10 04 A6 00 08 20 DC;HEX;
17;R;17:03:22:406;01 10 04 A0 00 02 04 00 01 00 00 9A D7 01 10 04 A0 00 02 40 DA;HEX;
18;R;17:03:22:625;01 10 04 A3 00 02 04 33 02 02 05 E4 E5 01 10 04 A3 00 02 B0 DA;HEX;
19;R;17:03:22:921;01 10 05 30 00 04 08 04 06 0F 26 03 5E 20 78 EC 80 01 10 05 30 00 04 C1 09 01 10 04 F0 00 03 06 03 04 15 00 16 00 0D EC 01 10 04 F0 00 03 81 0B 01 10 04 B0 00 01 02 02 00 F8 C0 01 10 04 B0 00 01 01 1E 01 10 04 A5 00 01 02 06 2E 78 D9 01 10 04 A5 00 01 10 DA 01 10 04 A6 00 08 10 19 0E 09 00 00 00 00 00 00 00 00 00 00 00 00 00 00 01 01 10 04 A6 00 08 20 DC;HEX;
20;R;17:03:23:406;01 10 04 A0 00 02 04 00 01 00 00 9A D7 01 10 04 A0 00 02 40 DA;HEX;
21;R;17:03:23:640;01 10 04 A3 00 02 04 33 02 02 05 E4 E5 01 10 04 A3 00 02 B0 DA 01 10 05 30 00 04 08 04 06 0F 26 03 5E 20 78 EC 80 01 10 05 30 00 04 C1 09 01 10 04 F0 00 03 06 03 04 15 00 16 00 0D EC 01 10 04 F0 00 03 81 0B 01 10 04 B0 00 03 06 02 04 30 00 81 00 6B D5 01 10 04 B0 00 03 80 DF 01 10 04 A5 00 01 02 06 2E 78 D9 01 10 04 A5 00 01 10 DA 01 10 04 A6 00 08 10 19 0E 09 00 00 00 00 00 00 00 00 00 00 00 00 00 00 01 01 10 04 A6 00 08 20 DC;HEX;
22;R;17:03:24:187;01 10 04 A0 00 02 04 00 01 00 00 9A D7 01 10 04 A0 00 02 40 DA;HEX;
23;R;17:03:24:640;01 10 04 A3 00 02 04 33 02 02 05 E4 E5 01 10 04 A3 00 02 B0 DA;HEX;
24;R;17:03:24:937;01 10 05 30 00 04 08 04 06 0F 26 03 5E 20 78 EC 80 01 10 05 30 00 04 C1 09 01 10 04 F0 00 03 06 03 04 15 00 16 00 0D EC 01 10 04 F0 00 03 81 0B 01 10 04 B0 00 03 06 02 04 30 00 81 00 6B D5 01 10 04 B0 00 03 80 DF 01 10 04 A5 00 01 02 06 2E 78 D9 01 10 04 A5 00 01 10 DA 01 10 04 A6 00 08 10 19 0E 09 00 00 00 00 00 00 00 00 00 00 00 00 00 00 01 01 10 04 A6 00 08 20 DC 01 10 04 A0 00 02 04 00 01 00 00 9A D7 01 10 04 A0 00 02 40 DA;HEX;
25;R;17:03:25:656;01 10 04 A3 00 02 04 33 02 02 05 E4 E5 01 10 04 A3 00 02 B0 DA;HEX;
26;R;17:03:25:937;01 10 05 30 00 04 08 04 06 0F 26 03 5E 20 78 EC 80 01 10 05 30 00 04 C1 09 01 10 04 F0 00 03 06 03 04 15 00 16 00 0D EC 01 10 04 F0 00 03 81 0B 01 10 04 B0 00 03 06 02 04 30 00 81 00 6B D5 01 10 04 B0 00 03 80 DF 01 10 04 A5 00 01 02 06 2E 78 D9 01 10 04 A5 00 01 10 DA 01 10 04 A6 00 08 10 19 0E 09 00 00 00 00 00 00 00 00 00 00 00 00 00 00 01 01 10 04 A6 00 08 20 DC;HEX;
27;R;17:03:26:421;01 10 04 A0 00 02 04 00 01 00 00 9A D7 01 10 04 A0 00 02 40 DA;HEX;
28;R;17:03:26:656;01 10 04 A3 00 02 04 33 02 02 05 E4 E5 01 10 04 A3 00 02 B0 DA;HEX;
29;R;17:03:26:953;01 10 05 30 00 04 08 04 06 0F 26 03 5E 20 78 EC 80 01 10 05 30 00 04 C1 09 01 10 04 F0 00 03 06 03 04 15 00 16 00 0D EC 01 10 04 F0 00 03 81 0B 01 10 04 B0 00 03 06 02 04 30 00 81 00 6B D5 01 10 04 B0 00 03 80 DF 01 10 04 A5 00 01 02 06 2E 78 D9 01 10 04 A5 00 01 10 DA 01 10 04 A6 00 08 10 19 0E 09 00 00 00 00 00 00 00 00 00 00 00 00 00 00 01 01 10 04 A6 00 08 20 DC 01 10 04 A0 00 02 04 00 01 00 00 9A D7 01 10 04 A0 00 02 40 DA;HEX;
30;R;17:03:27:671;01 10 04 A3 00 02 04 33 02 02 05 E4 E5 01 10 04 A3 00 02 B0 DA 01 10 05 30 00 04 08 04 06 0F 26 03 5E 20 78 EC 80 01 10 05 30 00 04 C1 09 01 10 04 F0 00 03 06 03 04 15 00 16 00 0D EC 01 10 04 F0 00 03 81 0B 01 10 04 B0 00 03 06 02 04 30 00 81 00 6B D5 01 10 04 B0 00 03 80 DF 01 10 04 A5 00 01 02 06 2E 78 D9 01 10 04 A5 00 01 10 DA 01 10 04 A6 00 08 10 19 0E 09 00 00 00 00 00 00 00 00 00 00 00 00 00 00 01 01 10 04 A6 00 08 20 DC;HEX;
31;R;17:03:28:218;01 10 04 A0 00 02 04 00 01 00 00 9A D7 01 10 04 A0 00 02 40 DA;HEX;
32;R;17:03:28:671;01 10 04 A3 00 02 04 33 02 02 05 E4 E5 01 10 04 A3 00 02 B0 DA;HEX;
33;R;17:03:28:968;01 10 05 30 00 04 08 04 06 0F 26 03 5E 20 78 EC 80 01 10 05 30 00 04 C1 09 01 10 04 F0 00 03 06 03 04 15 00 16 00 0D EC 01 10 04 F0 00 03 81 0B 01 10 04 B0 00 03 06 02 04 30 00 81 00 6B D5 01 10 04 B0 00 03 80 DF 01 10 04 A5 00 01 02 06 2E 78 D9 01 10 04 A5 00 01 10 DA 01 10 04 A6 00 08 10 19 0E 09 00 00 00 00 00 00 00 00 00 00 00 00 00 00 01 01 10 04 A6 00 08 20 DC;HEX;
34;R;17:03:29:437;01 10 04 A0 00 02 04 00 01 00 00 9A D7 01 10 04 A0 00 02 40 DA;HEX;
35;R;17:03:29:687;01 10 04 A3 00 02 04 33 02 02 05 E4 E5 01 10 04 A3 00 02 B0 DA 01 10 05 30 00 04 08 04 06 0F 26 03 5E 20 78 EC 80 01 10 05 30 00 04 C1 09 01 10 04 F0 00 03 06 03 04 15 00 16 00 0D EC 01 10 04 F0 00 03 81 0B 01 10 04 B0 00 03 06 02 04 30 00 81 00 6B D5 01 10 04 B0 00 03 80 DF 01 10 04 A5 00 01 02 06 2E 78 D9 01 10 04 A5 00 01 10 DA 01 10 04 A6 00 08 10 19 0E 09 00 00 00 00 00 00 00 00 00 00 00 00 00 00 01 01 10 04 A6 00 08 20 DC 01 10 04 A0 00 02 04 00 01 00 00 9A D7 01 10 04 A0 00 02 40 DA;HEX;
36;R;17:03:30:687;01 10 04 A3 00 02 04 33 02 02 05 E4 E5 01 10 04 A3 00 02 B0 DA;HEX;
37;R;17:03:30:984;01 10 05 30 00 04 08 04 06 0F 26 03 5E 20 78 EC 80 01 10 05 30 00 04 C1 09 01 10 04 F0 00 03 06 03 04 15 00 16 00 0D EC 01 10 04 F0 00 03 81 0B 01 10 04 B0 00 03 06 02 04 30 00 81 00 6B D5 01 10 04 B0 00 03 80 DF 01 10 04 A5 00 01 02 06 2F B9 19 01 10 04 A5 00 01 10 DA 01 10 04 A6 00 08 10 19 0E 09 00 00 00 00 00 00 00 00 00 00 00 00 00 00 01 01 10 04 A6 00 08 20 DC;HEX;
38;R;17:03:31:484;01 10 04 A0 00 02 04 00 01 00 00 9A D7 01 10 04 A0 00 02 40 DA;HEX;
39;R;17:03:31:703;01 10 04 A3 00 02 04 33 02 02 05 E4 E5 01 10 04 A3 00 02 B0 DA;HEX;
40;R;17:03:31:984;01 10 05 30 00 04 08 04 06 0F 26 03 5E 20 78 EC 80 01 10 05 30 00 04 C1 09 01 10 04 F0 00 03 06 03 04 15 00 16 00 0D EC 01 10 04 F0 00 03 81 0B 01 10 04 B0 00 03 06 02 04 30 00 81 00 6B D5 01 10 04 B0 00 03 80 DF 01 10 04 A5 00 01 02 06 2F B9 19 01 10 04 A5 00 01 10 DA 01 10 04 A6 00 08 10 19 0E 09 00 00 00 00 00 00 00 00 00 00 00 00 00 00 01 01 10 04 A6 00 08 20 DC 01 10 04 A0 00 02 04 00 01 00 00 9A D7 01 10 04 A0 00 02 40 DA;HEX;
41;R;17:03:32:703;01 10 04 A3 00 02 04 33 02 02 05 E4 E5 01 10 04 A3 00 02 B0 DA;HEX;
42;R;17:03:33:000;01 10 05 30 00 04 08 04 06 0F 26 03 5E 20 78 EC 80 01 10 05 30 00 04 C1 09 01 10 04 F0 00 03 06 03 04 15 00 16 00 0D EC 01 10 04 F0 00 03 81 0B 01 10 04 B0 00 03 06 02 04 30 00 81 00 6B D5 01 10 04 B0 00 03 80 DF 01 10 04 A5 00 01 02 06 2F B9 19 01 10 04 A5 00 01 10 DA 01 10 04 A6 00 08 10 19 0E 09 00 00 00 00 00 00 00 00 00 00 00 00 00 00 01 01 10 04 A6 00 08 20 DC;HEX;
43;R;17:03:33:484;01 10 04 A0 00 02 04 00 01 00 00 9A D7 01 10 04 A0 00 02 40 DA;HEX;

01 10 04 A3 00 02 04 33 02 02 05 E4 E5 							01 10 04 A3 00 02 B0 DA
01 10 05 30 00 04 08 04 06 0F 26 03 5E 20 78 EC 80 					01 10 05 30 00 04 C1 09 
01 10 04 F0 00 03 06 03 04 15 00 16 00 0D EC 						01 10 04 F0 00 03 81 0B 
01 10 04 B0 00 03 06 02 04 30 00 81 00 6B D5 						01 10 04 B0 00 03 80 DF 
01 10 04 A5 00 01 02 06 2F B9 19 							01 10 04 A5 00 01 10 DA 
01 10 04 A6 00 08 10 19 0E 09 00 00 00 00 00 00 00 00 00 00 00 00 00 00 01 		01 10 04 A6 00 08 20 DC 
01 10 04 A0 00 02 04 00 01 00 00 9A D7 							01 10 04 A0 00 02 40 DA

01 10 04 A3 00 02 04 33 02 02 05 E4 E5 							01 10 04 A3 00 02 B0 DA 01 10 05 30 00 04 08 04 06 0F 26 03 5E 20 78 EC 80 01 10 05 30 00 04 C1 09 01 10 04 F0 00 03 06 03 04 15 00 16 00 0D EC 01 10 04 F0 00 03 81 0B 01 10 04 B0 00 03 06 02 04 30 00 81 00 6B D5 01 10 04 B0 00 03 80 DF 01 10 04 A5 00 01 02 06 2F B9 19 01 10 04 A5 00 01 10 DA 01 10 04 A6 00 08 10 19 0E 09 00 00 00 00 00 00 00 00 00 00 00 00 00 00 01 01 10 04 A6 00 08 20 DC;HEX;
01 10 04 A0 00 02 04 00 01 00 00 9A D7 01 10 04 A0 00 02 40 DA;HEX;
48;R;17:03:35:734;01 10 04 A3 00 02 04 33 02 02 05 E4 E5 01 10 04 A3 00 02 B0 DA;HEX;
49;R;17:03:36:015;01 10 05 30 00 04 08 04 06 0F 26 03 5E 20 78 EC 80 01 10 05 30 00 04 C1 09 01 10 04 F0 00 03 06 03 04 15 00 16 00 0D EC 01 10 04 F0 00 03 81 0B 01 10 04 B0 00 03 06 02 04 30 00 81 00 6B D5 01 10 04 B0 00 03 80 DF 01 10 04 A5 00 01 02 06 2F B9 19 01 10 04 A5 00 01 10 DA 01 10 04 A6 00 08 10 19 0E 09 00 00 00 00 00 00 00 00 00 00 00 00 00 00 01 01 10 04 A6 00 08 20 DC 01 10 04 A0 00 02 04 00 01 00 00 9A D7 01 10 04 A0 00 02 40 DA;HEX;
50;R;17:03:36:734;01 10 04 A3 00 02 04 33 02 02 05 E4 E5 01 10 04 A3 00 02 B0 DA 01 10 05 30 00 04 08 04 06 0F 26 03 5E 20 78 EC 80 01 10 05 30 00 04 C1 09 01 10 04 F0 00 03 06 03 04 15 00 16 00 0D EC 01 10 04 F0 00 03 81 0B 01 10 04 B0 00 03 06 02 04 30 00 81 00 6B D5 01 10 04 B0 00 03 80 DF 01 10 04 A5 00 01 02 06 2F B9 19 01 10 04 A5 00 01 10 DA 01 10 04 A6 00 08 10 19 0E 09 00 00 00 00 00 00 00 00 00 00 00 00 00 00 01 01 10 04 A6 00 08 20 DC 01 10 04 A0 00 02 04 00 01 00 00 9A D7 01 10 04 A0 00 02 40 DA;HEX;
51;R;17:03:37:750;01 10 04 A3 00 02 04 33 02 02 05 E4 E5 01 10 04 A3 00 02 B0 DA;HEX;
52;R;17:03:38:031;01 10 05 30 00 04 08 04 06 0F 26 03 5E 20 78 EC 80 01 10 05 30 00 04 C1 09 01 10 04 F0 00 03 06 03 04 15 00 16 00 0D EC 01 10 04 F0 00 03 81 0B 01 10 04 B0 00 03 06 02 04 30 00 81 00 6B D5 01 10 04 B0 00 03 80 DF 01 10 04 A5 00 01 02 06 30 F8 D1 01 10 04 A5 00 01 10 DA 01 10 04 A6 00 08 10 19 0E 09 00 00 00 00 00 00 00 00 00 00 00 00 00 00 01 01 10 04 A6 00 08 20 DC 01 10 04 A0 00 02 04 00 01 00 00 9A D7 01 10 04 A0 00 02 40 DA;HEX;
53;R;17:03:38:750;01 10 04 A3 00 02 04 33 02 02 05 E4 E5 01 10 04 A3 00 02 B0 DA;HEX;
54;R;17:03:39:046;01 10 05 30 00 04 08 04 06 0F 26 03 5E 20 78 EC 80 01 10 05 30 00 04 C1 09 01 10 04 F0 00 03 06 03 04 15 00 16 00 0D EC 01 10 04 F0 00 03 81 0B 01 10 04 B0 00 03 06 02 04 30 00 81 00 6B D5 01 10 04 B0 00 03 80 DF 01 10 04 A5 00 01 02 06 30 F8 D1 01 10 04 A5 00 01 10 DA 01 10 04 A6 00 08 10 19 0E 09 00 00 00 00 00 00 00 00 00 00 00 00 00 00 01 01 10 04 A6 00 08 20 DC;HEX;
55;R;17:03:39:515;01 10 04 A0 00 02 04 00 01 00 00 9A D7 01 10 04 A0 00 02 40 DA;HEX;
56;R;17:03:39:765;01 10 04 A3 00 02 04 33 02 02 05 E4 E5 01 10 04 A3 00 02 B0 DA;HEX;
57;R;17:03:40:046;01 10 05 30 00 04 08 04 06 0F 26 03 5E 20 78 EC 80 01 10 05 30 00 04 C1 09 01 10 04 F0 00 03 06 03 04 15 00 16 00 0D EC 01 10 04 F0 00 03 81 0B 01 10 04 B0 00 03 06 02 04 30 00 81 00 6B D5 01 10 04 B0 00 03 80 DF 01 10 04 A5 00 01 02 06 30 F8 D1 01 10 04 A5 00 01 10 DA 01 10 04 A6 00 08 10 19 0E 09 00 00 00 00 00 00 00 00 00 00 00 00 00 00 01 01 10 04 A6 00 08 20 DC;HEX;
58;R;17:03:40:546;01 10 04 A0 00 02 04 00 01 00 00 9A D7 01 10 04 A0 00 02 40 DA;HEX;
59;R;17:03:40:765;01 10 04 A3 00 02 04 33 02 02 05 E4 E5 01 10 04 A3 00 02 B0 DA;HEX;
60;R;17:03:41:062;01 10 05 30 00 04 08 04 06 0F 26 03 5E 20 78 EC 80 01 10 05 30 00 04 C1 09 01 10 04 F0 00 03 06 03 04 15 00 16 00 0D EC 01 10 04 F0 00 03 81 0B 01 10 04 B0 00 03 06 02 04 30 00 81 00 6B D5 01 10 04 B0 00 03 80 DF 01 10 04 A5 00 01 02 06 30 F8 D1 01 10 04 A5 00 01 10 DA 01 10 04 A6 00 08 10 19 0E 09 00 00 00 00 00 00 00 00 00 00 00 00 00 00 01 01 10 04 A6 00 08 20 DC;HEX;
61;R;17:03:41:562;01 10 04 A0 00 02 04 00 01 00 00 9A D7 01 10 04 A0 00 02 40 DA;HEX;
62;R;17:03:41:781;01 10 04 A3 00 02 04 33 02 02 05 E4 E5 01 10 04 A3 00 02 B0 DA;HEX;
63;R;17:03:42:062;01 10 05 30 00 04 08 04 06 0F 26 03 5E 20 78 EC 80 01 10 05 30 00 04 C1 09 01 10 04 F0 00 03 06 03 04 15 00 16 00 0D EC 01 10 04 F0 00 03 81 0B 01 10 04 B0 00 03 06 02 04 30 00 81 00 6B D5 01 10 04 B0 00 03 80 DF 01 10 04 A5 00 01 02 06 30 F8 D1 01 10 04 A5 00 01 10 DA 01 10 04 A6 00 08 10 19 0E 09 00 00 00 00 00 00 00 00 00 00 00 00 00 00 01 01 10 04 A6 00 08 20 DC;HEX;
64;R;17:03:42:562;01 10 04 A0 00 02 04 00 01 00 00 9A D7 01 10 04 A0 00 02 40 DA;HEX;
65;R;17:03:42:781;01 10 04 A3 00 02 04 33 02 02 05 E4 E5 01 10 04 A3 00 02 B0 DA;HEX;
66;R;17:03:43:078;01 10 05 30 00 04 08 04 06 0F 26 03 5E 20 78 EC 80 01 10 05 30 00 04 C1 09 01 10 04 F0 00 03 06 03 04 15 00 16 00 0D EC 01 10 04 F0 00 03 81 0B 01 10 04 B0 00 03 06 02 04 30 00 81 00 6B D5 01 10 04 B0 00 03 80 DF 01 10 04 A5 00 01 02 06 30 F8 D1 01 10 04 A5 00 01 10 DA 01 10 04 A6 00 08 10 19 0E 09 00 00 00 00 00 00 00 00 00 00 00 00 00 00 01 01 10 04 A6 00 08 20 DC 01 10 04 A0 00 02 04 00 01 00 00 9A D7 01 10 04 A0 00 02 40 DA;HEX;
67;R;17:03:47:531;01 10 04 A3 00 02 04 33 02 00 00 25 86 01 10 04 A3 00 02 B0 DA 01 10 05 30 00 01 02 04 00 F4 60 01 10 05 30 00 01 01 0A 01 10 04 F0 00 01 02 03 00 F7 90 01 10 04 F0 00 01 00 CA 01 10 04 B0 00 01 02 02 00 F8 C0 01 10 04 B0 00 01 01 1E 01 10 04 A5 00 01 02 00 00 FB 65 01 10 04 A5 00 01 10 DA 01 10 04 A6 00 08 10 19 0E 00 00 00 00 00 00 00 00 00 00 00 00 00 00 09 08 01 10 04 A6 00 08 20 DC;HEX;
68;R;17:03:48:078;01 10 04 A0 00 02 04 77 01 00 00 81 63 01 10 04 A0 00 02 40 DA;HEX;
69;R;17:03:48:546;01 10 04 A3 00 02 04 33 02 00 00 25 86 01 10 04 A3 00 02 B0 DA 01 10 05 30 00 04 08 04 06 00 00 00 00 00 00 9D CC 01 10 05 30 00 04 C1 09 01 10 04 F0 00 01 02 03 00 F7 90 01 10 04 F0 00 01 00 CA 01 10 04 B0 00 01 02 02 00 F8 C0 01 10 04 B0 00 01 01 1E 01 10 04 A5 00 01 02 00 00 FB 65 01 10 04 A5 00 01 10 DA 01 10 04 A6 00 08 10 19 0E 00 00 00 00 00 00 00 00 00 00 00 00 00 00 09 08 01 10 04 A6 00 08 20 DC 01 10 04 A0 00 02 04 77 01 00 00 81 63 01 10 04 A0 00 02 40 DA;HEX;
70;R;17:03:49:546;01 10 04 A3 00 02 04 33 02 02 00 24 E6 01 10 04 A3 00 02 B0 DA;HEX;
71;R;17:03:49:843;01 10 05 30 00 04 08 04 06 00 00 00 00 00 00 9D CC 01 10 05 30 00 04 C1 09 01 10 04 F0 00 01 02 03 00 F7 90 01 10 04 F0 00 01 00 CA 01 10 04 B0 00 01 02 02 00 F8 C0 01 10 04 B0 00 01 01 1E 01 10 04 A5 00 01 02 00 01 3A A5 01 10 04 A5 00 01 10 DA 01 10 04 A6 00 08 10 19 0E 00 00 00 00 00 00 00 00 00 00 00 00 00 00 09 08 01 10 04 A6 00 08 20 DC;HEX;
72;R;17:03:50:343;01 10 04 A0 00 02 04 77 01 00 00 81 63 01 10 04 A0 00 02 40 DA;HEX;
73;R;17:03:50:562;01 10 04 A3 00 02 04 33 02 02 00 24 E6 01 10 04 A3 00 02 B0 DA;HEX;
74;R;17:03:50:843;01 10 05 30 00 04 08 04 06 00 00 00 00 00 00 9D CC 01 10 05 30 00 04 C1 09 01 10 04 F0 00 01 02 03 00 F7 90 01 10 04 F0 00 01 00 CA 01 10 04 B0 00 01 02 02 00 F8 C0 01 10 04 B0 00 01 01 1E 01 10 04 A5 00 01 02 00 01 3A A5 01 10 04 A5 00 01 10 DA 01 10 04 A6 00 08 10 19 0E 00 00 00 00 00 00 00 00 00 00 00 00 00 00 09 08 01 10 04 A6 00 08 20 DC 01 10 04 A0 00 02 04 77 01 00 00 81 63 01 10 04 A0 00 02 40 DA;HEX;
75;R;17:03:51:562;01 10 04 A3 00 02 04 33 02 02 00 24 E6 01 10 04 A3 00 02 B0 DA;HEX;
76;R;17:03:51:859;01 10 05 30 00 04 08 04 06 00 00 00 00 00 00 9D CC 01 10 05 30 00 04 C1 09 01 10 04 F0 00 01 02 03 00 F7 90 01 10 04 F0 00 01 00 CA 01 10 04 B0 00 01 02 02 00 F8 C0 01 10 04 B0 00 01 01 1E 01 10 04 A5 00 01 02 00 01 3A A5 01 10 04 A5 00 01 10 DA 01 10 04 A6 00 08 10 19 0E 00 00 00 00 00 00 00 00 00 00 00 00 00 00 09 08 01 10 04 A6 00 08 20 DC;HEX;
77;R;17:03:52:359;01 10 04 A0 00 02 04 77 01 00 00 81 63 01 10 04 A0 00 02 40 DA;HEX;
78;R;17:03:52:578;01 10 04 A3 00 02 04 33 02 02 00 24 E6 01 10 04 A3 00 02 B0 DA;HEX;
79;R;17:03:52:859;01 10 05 30 00 04 08 04 06 00 00 00 00 00 00 9D CC 01 10 05 30 00 04 C1 09 01 10 04 F0 00 01 02 03 00 F7 90 01 10 04 F0 00 01 00 CA 01 10 04 B0 00 01 02 02 00 F8 C0 01 10 04 B0 00 01 01 1E 01 10 04 A5 00 01 02 00 01 3A A5 01 10 04 A5 00 01 10 DA 01 10 04 A6 00 08 10 19 0E 00 00 00 00 00 00 00 00 00 00 00 00 00 00 09 08 01 10 04 A6 00 08 20 DC 01 10 04 A0 00 02 04 77 01 00 00 81 63 01 10 04 A0 00 02 40 DA;HEX;
80;R;17:03:53:578;01 10 04 A3 00 02 04 33 02 02 00 24 E6 01 10 04 A3 00 02 B0 DA;HEX;
81;R;17:03:53:875;01 10 05 30 00 04 08 04 06 00 00 00 00 00 00 9D CC 01 10 05 30 00 04 C1 09 01 10 04 F0 00 01 02 03 00 F7 90 01 10 04 F0 00 01 00 CA 01 10 04 B0 00 01 02 02 00 F8 C0 01 10 04 B0 00 01 01 1E 01 10 04 A5 00 01 02 00 01 3A A5 01 10 04 A5 00 01 10 DA 01 10 04 A6 00 08 10 19 0E 00 00 00 00 00 00 00 00 00 00 00 00 00 00 09 08 01 10 04 A6 00 08 20 DC;HEX;
82;R;17:03:54:359;01 10 04 A0 00 02 04 77 01 00 00 81 63 01 10 04 A0 00 02 40 DA;HEX;
83;R;17:03:54:593;01 10 04 A3 00 02 04 33 02 02 00 24 E6 01 10 04 A3 00 02 B0 DA;HEX;
84;R;17:03:54:875;01 10 05 30 00 04 08 04 06 00 00 00 00 00 00 9D CC 01 10 05 30 00 04 C1 09 01 10 04 F0 00 01 02 03 00 F7 90 01 10 04 F0 00 01 00 CA 01 10 04 B0 00 01 02 02 00 F8 C0 01 10 04 B0 00 01 01 1E 01 10 04 A5 00 01 02 00 01 3A A5 01 10 04 A5 00 01 10 DA 01 10 04 A6 00 08 10 19 0E 00 00 00 00 00 00 00 00 00 00 00 00 00 00 09 08 01 10 04 A6 00 08 20 DC 01 10 04 A0 00 02 04 77 01 00 00 81 63 01 10 04 A0 00 02 40 DA;HEX;
85;R;17:03:55:593;01 10 04 A3 00 02 04 33 02 02 00 24 E6 01 10 04 A3 00 02 B0 DA 01 10 05 30 00 04 08 04 06 00 00 00 00 00 00 9D CC 01 10 05 30 00 04 C1 09 01 10 04 F0 00 01 02 03 00 F7 90 01 10 04 F0 00 01 00 CA 01 10 04 B0 00 01 02 02 00 F8 C0 01 10 04 B0 00 01 01 1E 01 10 04 A5 00 01 02 00 01 3A A5 01 10 04 A5 00 01 10 DA 01 10 04 A6 00 08 10 19 0E 00 00 00 00 00 00 00 00 00 00 00 00 00 00 09 08 01 10 04 A6 00 08 20 DC;HEX;
86;R;17:03:56:140;01 10 04 A0 00 02 04 77 01 00 00 81 63 01 10 04 A0 00 02 40 DA;HEX;
87;R;17:03:56:609;01 10 04 A3 00 02 04 33 02 02 00 24 E6 01 10 04 A3 00 02 B0 DA;HEX;
88;R;17:03:56:890;01 10 05 30 00 04 08 04 06 00 00 00 00 00 00 9D CC 01 10 05 30 00 04 C1 09 01 10 04 F0 00 01 02 03 00 F7 90 01 10 04 F0 00 01 00 CA 01 10 04 B0 00 01 02 02 00 F8 C0 01 10 04 B0 00 01 01 1E 01 10 04 A5 00 01 02 00 01 3A A5 01 10 04 A5 00 01 10 DA 01 10 04 A6 00 08 10 19 0E 00 00 00 00 00 00 00 00 00 00 00 00 00 00 09 08 01 10 04 A6 00 08 20 DC 01 10 04 A0 00 02 04 00 01 00 00 9A D7 01 10 04 A0 00 02 40 DA;HEX;
89;R;17:03:57:609;01 10 04 A3 00 02 04 33 02 02 00 24 E6 01 10 04 A3 00 02 B0 DA;HEX;
90;R;17:03:57:906;01 10 05 30 00 04 08 04 06 00 00 00 00 00 00 9D CC 01 10 05 30 00 04 C1 09 01 10 04 F0 00 01 02 03 00 F7 90 01 10 04 F0 00 01 00 CA 01 10 04 B0 00 01 02 02 00 F8 C0 01 10 04 B0 00 01 01 1E 01 10 04 A5 00 01 02 00 01 3A A5 01 10 04 A5 00 01 10 DA 01 10 04 A6 00 08 10 19 0E 00 00 00 00 00 00 00 00 00 00 00 00 00 00 09 08 01 10 04 A6 00 08 20 DC;HEX;
91;R;17:03:58:390;01 10 04 A0 00 02 04 00 01 00 00 9A D7 01 10 04 A0 00 02 40 DA;HEX;
92;R;17:03:58:625;01 10 04 A3 00 02 04 33 02 02 00 24 E6 01 10 04 A3 00 02 B0 DA;HEX;
93;R;17:03:58:906;01 10 05 30 00 04 08 04 06 00 00 00 00 00 00 9D CC 01 10 05 30 00 04 C1 09 01 10 04 F0 00 01 02 03 00 F7 90 01 10 04 F0 00 01 00 CA 01 10 04 B0 00 01 02 02 00 F8 C0 01 10 04 B0 00 01 01 1E 01 10 04 A5 00 01 02 00 01 3A A5 01 10 04 A5 00 01 10 DA 01 10 04 A6 00 08 10 19 0E 00 00 00 00 00 00 00 00 00 00 00 00 00 00 09 08 01 10 04 A6 00 08 20 DC 01 10 04 A0 00 02 04 00 01 00 00 9A D7 01 10 04 A0 00 02 40 DA;HEX;
94;R;17:03:59:625;01 10 04 A3 00 02 04 33 02 02 00 24 E6 01 10 04 A3 00 02 B0 DA;HEX;
95;R;17:03:59:921;01 10 05 30 00 04 08 04 06 00 00 00 00 00 00 9D CC 01 10 05 30 00 04 C1 09 01 10 04 F0 00 01 02 03 00 F7 90 01 10 04 F0 00 01 00 CA 01 10 04 B0 00 01 02 02 00 F8 C0 01 10 04 B0 00 01 01 1E 01 10 04 A5 00 01 02 00 01 3A A5 01 10 04 A5 00 01 10 DA 01 10 04 A6 00 08 10 19 0E 00 00 00 00 00 00 00 00 00 00 00 00 00 00 09 08 01 10 04 A6 00 08 20 DC 01 10 04 A0 00 02 04 00 01 00 00 9A D7 01 10 04 A0 00 02 40 DA;HEX;
