#;Тип операции;Время;Сообщение;Вид представления;
0;R;10:35:19:109;01 10 04 03 00 02 04 33 02 02 00 2E 9E;HEX;
1;R;10:35:19:406;01 10 04 90 00 04 08 04 06 2A 2E 02 5B 00 72 03 0E;HEX;
2;R;10:35:19:687;01 10 04 50 00 01 02 03 00 EF 30;HEX;
3;R;10:35:19:984;01 10 04 10 00 01 02 02 00 E0 60;HEX;
4;R;10:35:20:265;01 10 04 05 00 01 02 00 00 E3 C5;HEX;
5;R;10:35:20:531;01 10 04 06 00 08 10 19 0E 00 00 00 00 00 00 00 00 00 00 00 00 00 00 91 B1;HEX;
6;R;10:35:20:843;01 10 04 00 00 02 04 00 01 00 00 90 AF;HEX;
7;R;10:35:21:125;01 10 04 03 00 02 04 33 02 02 00 2E 9E;HEX;
8;R;10:35:21:406;01 10 04 90 00 04 08 04 06 2A 2E 02 5B 00 72 03 0E;HEX;
9;R;10:35:21:687;01 10 04 50 00 01 02 03 00 EF 30;HEX;
10;R;10:35:21:984;01 10 04 10 00 01 02 02 00 E0 60;HEX;
11;R;10:35:22:265;01 10 04 05 00 01 02 00 00 E3 C5;HEX;
12;R;10:35:22:546;01 10 04 06 00 08 10 19 0E 00 00 00 00 00 00 00 00 00 00 00 00 00 00 91 B1;HEX;
13;R;10:35:22:843;01 10 04 00 00 02 04 00 01 00 00 90 AF;HEX;
14;R;10:35:23:125;01 10 04 03 00 02 04 33 02 02 00 2E 9E;HEX;
15;R;10:35:23:421;01 10 04 90 00 04 08 04 06 2A 2E 02 DB 00 72 02 E6;HEX;
16;R;10:35:23:703;01 10 04 50 00 01 02 03 00 EF 30;HEX;
17;R;10:35:23:984;01 10 04 10 00 01 02 02 00 E0 60;HEX;
18;R;10:35:24:265;01 10 04 05 00 01 02 00 00 E3 C5;HEX;
19;R;10:35:24:546;01 10 04 06 00 08 10 19 0E 00 00 00 00 00 00 00 00 00 00 00 00 00 00 91 B1;HEX;
20;R;10:35:24:843;01 10 04 00 00 02 04 00 01 00 00 90 AF;HEX;
21;R;10:35:25:125;01 10 04 03 00 02 04 33 02 02 00 2E 9E;HEX;
22;R;10:35:25:421;01 10 04 90 00 04 08 04 06 2A 2E 02 DB 00 76 03 25;HEX;
23;R;10:35:25:703;01 10 04 50 00 01 02 03 00 EF 30;HEX;
24;R;10:35:26:000;01 10 04 10 00 01 02 02 00 E0 60;HEX;
25;R;10:35:26:265;01 10 04 05 00 01 02 00 00 E3 C5;HEX;
26;R;10:35:26:546;01 10 04 06 00 08 10 19 0E 00 00 00 00 00 00 00 00 00 00 00 00 00 00 91 B1;HEX;
27;R;10:35:26:843;01 10 04 00 00 02 04 00 01 00 00 90 AF;HEX;
28;R;10:35:27:125;01 10 04 03 00 02 04 33 02 02 00 2E 9E;HEX;
29;R;10:35:27:421;01 10 04 90 00 04 08 04 06 2A 2E 02 DB 00 76 03 25;HEX;
30;R;10:35:27:703;01 10 04 50 00 01 02 03 00 EF 30;HEX;
31;R;10:35:28:000;01 10 04 10 00 01 02 02 00 E0 60;HEX;
32;R;10:35:28:265;01 10 04 05 00 01 02 00 00 E3 C5;HEX;
33;R;10:35:28:546;01 10 04 06 00 08 10 19 0E 00 00 00 00 00 00 00 00 00 00 00 00 00 00 91 B1;HEX;
34;R;10:35:28:843;01 10 04 00 00 02 04 00 01 00 00 90 AF;HEX;
35;R;10:35:29:125;01 10 04 03 00 02 04 33 02 02 00 2E 9E;HEX;
36;R;10:35:29:421;01 10 04 90 00 04 08 04 06 2A 2E 02 DB 00 76 03 25;HEX;
37;R;10:35:29:703;01 10 04 50 00 01 02 03 00 EF 30;HEX;
