#;Тип операции;Время;Сообщение;Вид представления;
0;R;10:33:54:342;1F 16 01 24 00 01 00 04 06 00 00 00 00 00 00 19 01 00 97 5B 2F 55;HEX;
1;R;10:33:55:373;1F 16 01 24 00 01 00 04 06 00 00 00 00 00 00 19 01 00 97 5B 2F 55;HEX;
2;R;10:33:56:373;1F 16 01 24 00 01 00 04 06 00 00 00 00 00 00 19 01 00 97 5B 2F 55;HEX;
3;R;10:33:57:389;1F 16 01 24 00 01 00 04 06 00 00 00 00 00 00 19 01 00 97 5B 2F 55;HEX;
4;R;10:33:58:389;1F 16 01 24 00 01 00 04 06 00 00 00 00 00 00 19 01 00 97 5B 2F 55;HEX;
5;R;10:33:59:404;1F 16 01 24 00 01 00 04 06 00 00 00 00 00 00 19 01 00 97 5B 2F 55;HEX;
6;R;10:34:00:404;1F 16 01 24 00 01 00 04 06 00 00 00 00 00 00 19 01 00 97 5B 2F 55;HEX;
7;R;10:34:01:420;1F 16 01 24 00 01 00 04 06 00 00 00 00 00 00 19 01 00 97 5B 2F 55;HEX;
8;R;10:34:02:420;1F 16 01 24 00 01 00 04 06 00 00 00 00 00 00 19 01 00 97 5B 2F 55;HEX;
9;R;10:34:03:436;1F 16 01 24 00 01 00 04 06 00 00 00 00 00 00 19 01 00 97 5B 2F 55;HEX;
10;R;10:34:04:436;1F 16 01 24 00 01 00 04 06 00 00 00 00 00 00 19 01 00 97 5B 2F 55;HEX;
11;R;10:34:05:451;1F 16 01 24 00 01 00 02 03 8E 01 FF 03 03 8F 00 16 04 06 00 00 00 00 00 00 19 01 00 47 5A 2F 55;HEX;
12;R;10:34:06:451;1F 16 01 24 00 01 00 02 03 8E 01 FF 03 03 8F 00 16 04 06 00 00 00 00 00 00 19 01 00 47 5A 2F 55;HEX;
13;R;10:34:07:467;1F 16 01 24 00 01 00 02 03 8E 01 FF 03 03 8F 00 16 04 06 00 00 00 00 00 00 19 01 00 47 5A 2F 55;HEX;
14;R;10:34:08:467;1F 16 01 24 00 01 00 02 03 8E 01 FF 03 03 8F 00 16 04 06 00 00 00 00 00 00 19 01 00 47 5A 2F 55;HEX;
15;R;10:34:09:483;1F 16 01 24 00 01 00 02 03 8E 01 FF 03 03 8F 00 16 04 06 00 00 00 00 00 00 19 01 00 47 5A 2F 55;HEX;
16;R;10:34:10:483;1F 16 01 24 00 01 00 02 03 8E 01 FF 03 03 8F 00 16 04 06 00 00 00 00 00 00 19 01 00 47 5A 2F 55;HEX;
17;R;10:34:11:498;1F 16 01 24 00 01 00 02 03 8E 01 FF 03 03 8F 00 16 04 06 00 00 00 00 00 00 19 01 00 47 5A 2F 55;HEX;
18;R;10:34:12:498;1F 16 01 24 00 01 00 02 03 8E 01 FF 03 03 8F 00 16 04 06 00 00 00 00 00 00 19 01 00 47 5A 2F 55;HEX;
19;R;10:34:13:514;1F 16 01 24 00 01 00 02 03 8E 01 FF 03 03 8F 00 16 04 06 00 00 00 00 00 00 19 01 00 47 5A 2F 55;HEX;
20;R;10:34:14:514;1F 16 01 24 00 01 00 02 03 8E 01 FF 03 03 8F 00 16 04 06 00 00 00 00 00 00 19 01 00 47 5A 2F 55;HEX;
21;R;10:34:15:529;1F 16 01 24 00 01 00 02 03 8E 01 FF 03 03 8F 00 16 04 06 00 00 00 00 00 00 19 01 00 47 5A 2F 55;HEX;
22;R;10:34:16:529;1F 16 01 24 00 01 00 02 03 8E 01 FF 03 03 8F 00 16 04 06 00 00 00 00 00 00 19 01 00 47 5A 2F 55;HEX;
23;R;10:34:17:545;1F 16 01 24 00 01 00 02 03 8E 01 FF 03 03 8F 00 16 04 06 00 00 00 00 00 00 19 01 00 47 5A 2F 55;HEX;
24;R;10:34:18:545;1F 16 01 24 00 01 00 02 03 8E 01 FF 03 03 8F 00 16 04 06 00 00 00 00 00 00 19 01 00 47 5A 2F 55;HEX;
25;R;10:34:19:561;1F 16 01 24 00 01 00 02 03 8E 01 FF 03 03 8F 00 16 04 06 00 00 00 00 00 00 19 01 00 47 5A 2F 55;HEX;
26;R;10:34:20:561;1F 16 01 24 00 01 00 02 03 8D 01 04 03 03 8F 00 16 04 06 00 00 00 00 00 00 19 01 00 7E 34 2F 55;HEX;
27;R;10:34:21:576;1F 16 01 24 00 01 00 02 06 8E 01 FF 8D 01 04 03 03 8F 00 16 04 06 00 00 00 00 00 00 19 01 00 EE 99 2F 55;HEX;
28;R;10:34:22:576;1F 16 01 24 00 01 00 02 06 8E 01 FF 8D 01 04 03 03 8F 00 16 04 06 00 00 00 00 00 00 19 01 00 EE 99 2F 55;HEX;
29;R;10:34:23:592;1F 16 01 24 00 01 00 02 06 8E 01 FF 8D 01 04 03 03 8F 00 16 04 06 00 00 00 00 00 00 19 01 00 EE 99 2F 55;HEX;
30;R;10:34:24:592;1F 16 01 24 00 01 00 02 06 8E 01 FF 8D 01 04 03 03 8F 00 16 04 06 00 00 00 00 00 00 19 01 00 EE 99 2F 55;HEX;
31;R;10:34:25:608;1F 16 01 24 00 01 00 02 06 8E 01 FF 8D 01 04 03 03 8F 00 16 04 06 00 00 00 00 00 00 19 01 00 EE 99 2F 55;HEX;
32;R;10:34:26:608;1F 16 01 24 00 01 00 02 06 8E 01 FF 8D 01 04 03 03 8F 00 16 04 06 00 00 00 00 00 00 19 01 00 EE 99 2F 55;HEX;
33;R;10:34:27:623;1F 16 01 24 00 01 00 02 06 8E 01 FF 8D 01 04 03 03 8F 00 16 04 06 00 00 00 00 00 00 19 01 00 EE 99 2F 55;HEX;
34;R;10:34:28:623;1F 16 01 24 00 01 00 02 06 8E 01 FF 8D 01 04 03 03 8F 00 16 04 06 00 00 00 00 00 00 19 01 00 EE 99 2F 55;HEX;
