#;Тип операции;Время;Сообщение;Вид представления;
0;R;10:19:07:889;1F 16 01 24 00 01 00 04 06 00 00 00 00 00 00 19 01 00 97 5B 2F 55;HEX;
1;R;10:19:08:904;1F 16 01 24 00 01 00 04 06 00 00 00 00 00 00 19 01 00 97 5B 2F 55;HEX;
2;R;10:19:09:920;1F 16 01 24 00 01 00 04 06 00 00 00 00 00 00 19 01 00 97 5B 2F 55;HEX;
3;R;10:19:10:920;1F 16 01 24 00 01 00 04 06 00 00 00 00 00 00 19 01 00 97 5B 2F 55;HEX;
4;R;10:19:11:936;1F 16 01 24 00 01 00 04 06 00 00 00 00 00 00 19 01 00 97 5B 2F 55;HEX;
5;R;10:19:12:936;1F 16 01 24 00 01 00 04 06 00 00 00 00 00 00 19 01 00 97 5B 2F 55;HEX;
6;R;10:19:13:951;1F 16 01 24 00 01 00 04 06 00 00 00 00 00 00 19 01 00 97 5B 2F 55;HEX;
7;R;10:19:14:951;1F 16 01 24 00 01 00 04 06 00 00 00 00 00 00 19 01 00 97 5B 2F 55;HEX;
8;R;10:19:15:967;1F 16 01 24 00 01 00 04 06 00 00 00 00 00 00 19 01 00 97 5B 2F 55;HEX;
9;R;10:19:16:967;1F 16 01 24 00 01 00 04 06 00 00 00 00 00 00 19 01 00 97 5B 2F 55;HEX;
