#;Тип операции;Время;Сообщение;Вид представления;
0;R;10:18:04:170;1F 16 01 24 00 01 00 04 06 00 00 00 00 00 00 19 01 00 97 5B 2F 55;HEX;
1;R;10:18:05:186;1F 16 01 24 00 01 00 04 06 00 00 00 00 00 00 19 01 00 97 5B 2F 55;HEX;
2;R;10:18:06:186;1F 16 01 24 00 01 00 04 06 00 00 00 00 00 00 19 01 00 97 5B 2F 55;HEX;
3;R;10:18:07:201;1F 16 01 24 00 01 00 04 06 00 00 00 00 00 00 19 01 00 97 5B 2F 55;HEX;
4;R;10:18:08:201;1F 16 01 24 00 01 00 04 06 00 00 00 00 00 00 19 01 00 97 5B 2F 55;HEX;
5;R;10:18:09:217;1F 16 01 24 00 01 00 04 06 00 00 00 00 00 00 19 01 00 97 5B 2F 55;HEX;
6;R;10:18:10:217;1F 16 01 24 00 01 00 04 06 00 00 00 00 00 00 19 01 00 97 5B 2F 55;HEX;
7;R;10:18:11:233;1F 16 01 24 00 01 00 04 06 00 00 00 00 00 00 19 01 00 97 5B 2F 55;HEX;
8;R;10:18:12:233;1F 16 01 24 00 01 00 04 06 00 00 00 00 00 00 19 01 00 97 5B 2F 55;HEX;
9;R;10:18:13:248;1F 16 01 24 00 01 00 04 06 00 00 00 00 00 00 19 01 00 97 5B 2F 55;HEX;
