#;Тип операции;Время;Сообщение;Вид представления;
0;R;10:27:31:092;1F 16 01 24 00 01 00 04 06 00 00 00 00 00 00 19 01 00 97 5B 2F 55;HEX;
1;R;10:27:32:108;1F 16 01 24 00 01 00 04 06 00 00 00 00 00 00 19 01 00 97 5B 2F 55;HEX;
2;R;10:27:33:108;1F 16 01 24 00 01 00 04 06 00 00 00 00 00 00 19 01 00 97 5B 2F 55;HEX;
3;R;10:27:34:123;1F 16 01 24 00 01 00 04 06 00 00 00 00 00 00 19 01 00 97 5B 2F 55;HEX;
4;R;10:27:35:123;1F 16 01 24 00 01 00 04 06 00 00 00 00 00 00 19 01 00 97 5B 2F 55;HEX;
5;R;10:27:36:139;1F 16 01 24 00 01 00 04 06 00 00 00 00 00 00 19 01 00 97 5B 2F 55;HEX;
6;R;10:27:37:139;1F 16 01 24 00 01 00 04 06 00 00 00 00 00 00 19 01 00 97 5B 2F 55;HEX;
7;R;10:27:38:154;1F 16 01 24 00 01 00 04 06 00 00 00 00 00 00 19 01 00 97 5B 2F 55;HEX;
8;R;10:27:39:154;1F 16 01 24 00 01 00 04 06 00 00 00 00 00 00 19 01 00 97 5B 2F 55;HEX;
9;R;10:27:40:186;1F 16 01 24 00 01 00 04 06 00 00 00 00 00 00 19 01 00 97 5B 2F 55;HEX;
10;R;10:27:41:186;1F 16 01 24 00 01 00 04 06 00 00 00 00 00 00 19 01 00 97 5B 2F 55;HEX;
11;R;10:27:42:201;1F 16 01 24 00 01 00 04 06 00 00 00 00 00 00 19 01 00 97 5B 2F 55;HEX;
12;R;10:27:43:201;1F 16 01 24 00 01 00 04 06 00 00 00 00 00 00 19 01 00 97 5B 2F 55;HEX;
13;R;10:27:44:217;1F 16 01 24 00 01 00 04 06 00 00 00 00 00 00 19 01 00 97 5B 2F 55;HEX;
14;R;10:27:45:217;1F 16 01 24 00 01 00 04 06 00 00 00 00 00 00 19 01 00 97 5B 2F 55;HEX;
15;R;10:27:46:233;1F 16 01 24 00 01 00 04 06 00 00 00 00 00 00 19 01 00 97 5B 2F 55;HEX;
16;R;10:27:47:233;1F 16 01 24 00 01 00 04 06 00 00 00 00 00 00 19 01 00 97 5B 2F 55;HEX;
17;R;10:27:48:248;1F 16 01 24 00 01 00 04 06 00 00 00 00 00 00 19 01 00 97 5B 2F 55;HEX;
18;R;10:27:49:248;1F 16 01 24 00 01 00 04 06 00 00 00 00 00 00 19 01 00 97 5B 2F 55;HEX;
19;R;10:27:50:264;1F 16 01 24 00 01 00 04 06 00 00 00 00 00 00 19 01 00 97 5B 2F 55;HEX;
20;R;10:27:51:264;1F 16 01 24 00 01 00 04 06 00 00 00 00 00 00 19 01 00 97 5B 2F 55;HEX;
21;R;10:27:52:279;1F 16 01 24 00 01 00 04 06 00 00 00 00 00 00 19 01 00 97 5B 2F 55;HEX;
22;R;10:27:53:279;1F 16 01 24 00 01 00 04 06 00 00 00 00 00 00 19 01 00 97 5B 2F 55;HEX;
23;R;10:27:54:295;1F 16 01 24 00 01 00 04 06 00 00 00 00 00 00 19 01 00 97 5B 2F 55;HEX;
24;R;10:27:55:295;1F 16 01 24 00 01 00 04 06 00 00 00 00 00 00 19 01 00 97 5B 2F 55;HEX;
25;R;10:27:56:311;1F 16 01 24 00 01 00 04 06 00 00 00 00 00 00 19 01 00 97 5B 2F 55;HEX;
26;R;10:27:57:311;1F 16 01 24 00 01 00 04 06 00 00 00 00 00 00 19 01 00 97 5B 2F 55;HEX;
27;R;10:27:58:326;1F 16 01 24 00 01 00 04 06 00 00 00 00 00 00 19 01 00 97 5B 2F 55;HEX;
28;R;10:27:59:326;1F 16 01 24 00 01 00 04 06 00 00 00 00 00 00 19 01 00 97 5B 2F 55;HEX;
29;R;10:28:00:342;1F 16 01 24 00 01 00 04 06 00 00 00 00 00 00 19 01 00 97 5B 2F 55;HEX;
30;R;10:28:01:342;1F 16 01 24 00 01 00 04 06 00 00 00 00 00 00 19 01 00 97 5B 2F 55;HEX;
31;R;10:28:02:358;1F 16 01 24 00 01 00 04 06 00 00 00 00 00 00 19 01 00 97 5B 2F 55;HEX;
32;R;10:28:03:358;1F 16 01 24 00 01 00 04 06 00 00 00 00 00 00 19 01 00 97 5B 2F 55;HEX;
33;R;10:28:04:373;1F 16 01 24 00 01 00 04 06 00 00 00 00 00 00 19 01 00 97 5B 2F 55;HEX;
34;R;10:28:05:373;1F 16 01 24 00 01 00 04 06 00 00 00 00 00 00 19 01 00 97 5B 2F 55;HEX;
35;R;10:28:06:389;1F 16 01 24 00 01 00 04 06 00 00 00 00 00 00 19 01 00 97 5B 2F 55;HEX;
36;R;10:28:07:389;1F 16 01 24 00 01 00 04 06 00 00 00 00 00 00 19 01 00 97 5B 2F 55;HEX;
37;R;10:28:08:404;1F 16 01 24 00 01 00 04 06 00 00 00 00 00 00 19 01 00 97 5B 2F 55;HEX;
38;R;10:28:09:404;1F 16 01 24 00 01 00 04 06 00 00 00 00 00 00 19 01 00 97 5B 2F 55;HEX;
39;R;10:28:10:420;1F 16 01 24 00 01 00 04 06 00 00 00 00 00 00 19 01 00 97 5B 2F 55;HEX;
40;R;10:28:11:420;1F 16 01 24 00 01 00 04 06 00 00 00 00 00 00 19 01 00 97 5B 2F 55;HEX;
41;R;10:28:12:436;1F 16 01 24 00 01 00 04 06 00 00 00 00 00 00 19 01 00 97 5B 2F 55;HEX;
42;R;10:28:13:436;1F 16 01 24 00 01 00 04 06 00 00 00 00 00 00 19 01 00 97 5B 2F 55;HEX;
43;R;10:28:14:451;1F 16 01 24 00 01 00 04 06 00 00 00 00 00 00 19 01 00 97 5B 2F 55;HEX;
44;R;10:28:15:451;1F 16 01 24 00 01 00 04 06 00 00 00 00 00 00 19 01 00 97 5B 2F 55;HEX;
45;R;10:28:16:467;1F 16 01 24 00 01 00 04 06 00 00 00 00 00 00 19 01 00 97 5B 2F 55;HEX;
46;R;10:28:17:467;1F 16 01 24 00 01 00 02 03 88 01 04 03 03 8E 00 16 04 06 00 00 00 00 00 00 19 01 00 1F 1F D9 2F 55;HEX;
47;R;10:28:18:483;1F 16 01 24 00 01 00 02 03 88 01 04 03 03 8E 00 16 04 06 00 00 00 00 00 00 19 01 00 1F 1F D9 2F 55;HEX;
48;R;10:28:19:483;1F 16 01 24 00 01 00 02 03 88 01 04 03 03 8E 00 16 04 06 00 00 00 00 00 00 19 01 00 1F 1F D9 2F 55;HEX;
49;R;10:28:20:498;1F 16 01 24 00 01 00 02 03 88 01 04 03 03 8E 00 16 04 06 00 00 00 00 00 00 19 01 00 1F 1F D9 2F 55;HEX;
50;R;10:28:21:498;1F 16 01 24 00 01 00 02 03 88 01 04 03 03 8E 00 16 04 06 00 00 00 00 00 00 19 01 00 1F 1F D9 2F 55;HEX;
51;R;10:28:22:514;1F 16 01 24 00 01 00 02 03 88 01 04 03 03 8E 00 16 04 06 00 00 00 00 00 00 19 01 00 1F 1F D9 2F 55;HEX;
52;R;10:28:23:514;1F 16 01 24 00 01 00 02 03 88 01 04 03 03 8E 00 16 04 06 00 00 00 00 00 00 19 01 00 1F 1F D9 2F 55;HEX;
53;R;10:28:24:529;1F 16 01 24 00 01 00 02 03 88 01 04 03 03 8E 00 16 04 06 00 00 00 00 00 00 19 01 00 1F 1F D9 2F 55;HEX;
54;R;10:28:25:529;1F 16 01 24 00 01 00 02 03 88 01 04 03 03 8E 00 16 04 06 00 00 00 00 00 00 19 01 00 1F 1F D9 2F 55;HEX;
55;R;10:28:26:545;1F 16 01 24 00 01 00 02 03 88 01 04 03 03 8E 00 16 04 06 00 00 00 00 00 00 19 01 00 1F 1F D9 2F 55;HEX;
56;R;10:28:27:545;1F 16 01 24 00 01 00 02 03 88 01 04 03 03 8E 00 16 04 06 00 00 00 00 00 00 19 01 00 1F 1F D9 2F 55;HEX;
57;R;10:28:28:561;1F 16 01 24 00 01 00 02 03 88 01 04 03 03 8E 00 16 04 06 00 00 00 00 00 00 19 01 00 1F 1F D9 2F 55;HEX;
58;R;10:28:29:561;1F 16 01 24 00 01 00 02 03 88 01 04 03 03 8E 00 16 04 06 00 00 00 00 00 00 19 01 00 1F 1F D9 2F 55;HEX;
59;R;10:28:30:576;1F 16 01 24 00 01 00 02 03 88 01 04 03 03 8E 00 16 04 06 00 00 00 00 00 00 19 01 00 1F 1F D9 2F 55;HEX;
60;R;10:28:31:576;1F 16 01 24 00 01 00 02 03 88 01 04 03 03 8E 00 16 04 06 00 00 00 00 00 00 19 01 00 1F 1F D9 2F 55;HEX;
61;R;10:28:32:592;1F 16 01 24 00 01 00 02 03 88 01 04 03 03 8E 00 16 04 06 00 00 00 00 00 00 19 01 00 1F 1F D9 2F 55;HEX;
62;R;10:28:33:592;1F 16 01 24 00 01 00 02 03 88 01 04 03 03 8E 00 16 04 06 00 00 00 00 00 00 19 01 00 1F 1F D9 2F 55;HEX;
63;R;10:28:34:608;1F 16 01 24 00 01 00 02 03 88 01 04 03 03 8E 00 16 04 06 00 00 00 00 00 00 19 01 00 1F 1F D9 2F 55;HEX;
64;R;10:28:35:608;1F 16 01 24 00 01 00 02 03 88 01 04 03 03 8E 00 16 04 06 00 00 00 00 00 00 19 01 00 1F 1F D9 2F 55;HEX;
65;R;10:28:36:623;1F 16 01 24 00 01 00 02 03 88 01 04 03 03 8E 00 16 04 06 00 00 00 00 00 00 19 01 00 1F 1F D9 2F 55;HEX;
66;R;10:28:37:623;1F 16 01 24 00 01 00 02 03 88 01 04 03 03 8E 00 16 04 06 00 00 00 00 00 00 19 01 00 1F 1F D9 2F 55;HEX;
67;R;10:28:38:639;1F 16 01 24 00 01 00 02 03 88 01 04 03 03 8E 00 16 04 06 00 00 00 00 00 00 19 01 00 1F 1F D9 2F 55;HEX;
68;R;10:28:39:639;1F 16 01 24 00 01 00 02 03 8B 01 04 03 03 8E 00 16 04 06 00 00 00 00 00 00 19 01 00 1F 1F AB 2F 55;HEX;
69;R;10:28:40:654;1F 16 01 24 00 01 00 02 06 88 01 04 8B 01 04 03 03 8E 00 16 04 06 00 00 00 00 00 00 19 01 00 71 F3 2F 55;HEX;
70;R;10:28:41:654;1F 16 01 24 00 01 00 02 06 88 01 04 8B 01 04 03 03 8E 00 16 04 06 00 00 00 00 00 00 19 01 00 71 F3 2F 55;HEX;
71;R;10:28:42:670;1F 16 01 24 00 01 00 02 06 88 01 04 8B 01 04 03 03 8E 00 16 04 06 00 00 00 00 00 00 19 01 00 71 F3 2F 55;HEX;
72;R;10:28:43:670;1F 16 01 24 00 01 00 02 06 88 01 04 8B 01 04 03 03 8E 00 16 04 06 00 00 00 00 00 00 19 01 00 71 F3 2F 55;HEX;
73;R;10:28:44:686;1F 16 01 24 00 01 00 02 06 88 01 04 8B 01 04 03 03 8E 00 16 04 06 00 00 00 00 00 00 19 01 00 71 F3 2F 55;HEX;
74;R;10:28:45:686;1F 16 01 24 00 01 00 02 06 88 01 04 8B 01 04 03 03 8E 00 16 04 06 00 00 00 00 00 00 19 01 00 71 F3 2F 55;HEX;
75;R;10:28:46:701;1F 16 01 24 00 01 00 02 06 88 01 04 8B 01 04 03 03 8E 00 16 04 06 00 00 00 00 00 00 19 01 00 71 F3 2F 55;HEX;
76;R;10:28:47:701;1F 16 01 24 00 01 00 02 06 88 01 04 8B 01 04 03 03 8E 00 16 04 06 00 00 00 00 00 00 19 01 00 71 F3 2F 55;HEX;
77;R;10:28:48:717;1F 16 01 24 00 01 00 02 06 88 01 04 8B 01 04 03 03 8E 00 16 04 06 00 00 00 00 00 00 19 01 00 71 F3 2F 55;HEX;
78;R;10:28:49:717;1F 16 01 24 00 01 00 02 06 88 01 04 8B 01 04 03 03 8E 00 16 04 06 00 00 00 00 00 00 19 01 00 71 F3 2F 55;HEX;
79;R;10:28:50:733;1F 16 01 24 00 01 00 02 06 88 01 04 8B 01 04 03 03 8E 00 16 04 06 00 00 00 00 00 00 19 01 00 71 F3 2F 55;HEX;
80;R;10:28:51:733;1F 16 01 24 00 01 00 02 06 88 01 04 8B 01 04 03 03 8E 00 16 04 06 00 00 00 00 00 00 19 01 00 71 F3 2F 55;HEX;
81;R;10:28:52:748;1F 16 01 24 00 01 00 02 06 88 01 04 8B 01 04 03 03 8E 00 16 04 06 00 00 00 00 00 00 19 01 00 71 F3 2F 55;HEX;
82;R;10:28:53:748;1F 16 01 24 00 01 00 02 06 88 01 04 8B 01 04 03 03 8E 00 16 04 06 00 00 00 00 00 00 19 01 00 71 F3 2F 55;HEX;
83;R;10:28:54:764;1F 16 01 24 00 01 00 02 06 88 01 04 8B 01 04 03 03 8E 00 16 04 06 00 00 00 00 00 00 19 01 00 71 F3 2F 55;HEX;
84;R;10:28:55:764;1F 16 01 24 00 01 00 02 06 88 01 04 8B 01 04 03 03 8E 00 16 04 06 00 00 00 00 00 00 19 01 00 71 F3 2F 55;HEX;
85;R;10:28:56:779;1F 16 01 24 00 01 00 02 06 88 01 04 8B 01 04 03 03 8E 00 16 04 06 00 00 00 00 00 00 19 01 00 71 F3 2F 55;HEX;
86;R;10:28:57:779;1F 16 01 24 00 01 00 02 06 88 01 04 8B 01 04 03 03 8E 00 16 04 06 00 00 00 00 00 00 19 01 00 71 F3 2F 55;HEX;
87;R;10:28:58:795;1F 16 01 24 00 01 00 02 06 88 01 04 8B 01 04 03 03 8E 00 16 04 06 00 00 00 00 00 00 19 01 00 71 F3 2F 55;HEX;
88;R;10:28:59:811;1F 16 01 24 00 01 00 02 06 88 01 04 8B 01 04 03 03 8E 00 16 04 06 00 00 00 00 00 00 19 01 00 71 F3 2F 55;HEX;
89;R;10:29:00:811;1F 16 01 24 00 01 00 02 06 88 01 04 8B 01 04 03 03 8E 00 16 04 06 00 00 00 00 00 00 19 01 00 71 F3 2F 55;HEX;
90;R;10:29:01:811;1F 16 01 24 00 01 00 02 06 88 01 04 8B 01 04 03 03 8E 00 16 04 06 00 00 00 00 00 00 19 01 00 71 F3 2F 55;HEX;
91;R;10:29:02:826;1F 16 01 24 00 01 00 02 06 88 01 04 8B 01 04 03 03 8E 00 16 04 06 00 00 00 00 00 00 19 01 00 71 F3 2F 55;HEX;
92;R;10:29:03:842;1F 16 01 24 00 01 00 02 06 88 01 04 8B 01 04 03 03 8E 00 16 04 06 00 00 00 00 00 00 19 01 00 71 F3 2F 55;HEX;
93;R;10:29:04:842;1F 16 01 24 00 01 00 02 06 88 01 04 8B 01 04 03 03 8E 00 16 04 06 00 00 00 00 00 00 19 01 00 71 F3 2F 55;HEX;
94;R;10:29:05:858;1F 16 01 24 00 01 00 02 06 88 01 04 8B 01 04 03 03 8E 00 16 04 06 00 00 00 00 00 00 19 01 00 71 F3 2F 55;HEX;
95;R;10:29:06:858;1F 16 01 24 00 01 00 02 06 88 01 04 8B 01 04 03 03 8E 00 16 04 06 00 00 00 00 00 00 19 01 00 71 F3 2F 55;HEX;
96;R;10:29:07:858;1F 16 01 24 00 01 00 02 06 88 01 04 8B 01 04 03 03 8E 00 16 04 06 00 00 00 00 00 00 19 01 00 71 F3 2F 55;HEX;
97;R;10:29:08:873;1F 16 01 24 00 01 00 02 06 88 01 04 8B 01 04 03 03 8E 00 16 04 06 00 00 00 00 00 00 19 01 00 71 F3 2F 55;HEX;
98;R;10:29:09:889;1F 16 01 24 00 01 00 02 06 88 01 04 8B 01 04 03 03 8E 00 16 04 06 00 00 00 00 00 00 19 01 00 71 F3 2F 55;HEX;
99;R;10:29:10:889;1F 16 01 24 00 01 00 02 06 88 01 04 8B 01 04 03 03 8E 00 16 04 06 00 00 00 00 00 00 19 01 00 71 F3 2F 55;HEX;
100;R;10:29:11:920;1F 16 01 24 00 01 00 02 06 88 01 04 8B 01 04 03 03 8E 00 16 04 06 00 00 00 00 00 00 19 01 00 71 F3 2F 55;HEX;
101;R;10:29:12:920;1F 16 01 24 00 01 00 02 06 88 01 04 8B 01 04 03 03 8E 00 16 04 06 00 00 00 00 00 00 19 01 00 71 F3 2F 55;HEX;
102;R;10:29:13:936;1F 16 01 24 00 01 00 02 06 88 01 04 8B 01 04 03 03 8E 00 16 04 06 00 00 00 00 00 00 19 01 00 71 F3 2F 55;HEX;
103;R;10:29:14:936;1F 16 01 24 00 01 00 02 06 88 01 04 8B 01 04 03 03 8E 00 16 04 06 00 00 00 00 00 00 19 01 00 71 F3 2F 55;HEX;
104;R;10:29:15:951;1F 16 01 24 00 01 00 02 06 88 01 04 8B 01 04 03 03 8E 00 16 04 06 00 00 00 00 00 00 19 01 00 71 F3 2F 55;HEX;
105;R;10:29:16:951;1F 16 01 24 00 01 00 02 06 88 01 04 8B 01 04 03 03 8E 00 16 04 06 00 00 00 00 00 00 19 01 00 71 F3 2F 55;HEX;
106;R;10:29:17:967;1F 16 01 24 00 01 00 02 06 88 01 04 8B 01 04 03 03 8E 00 16 04 06 00 00 00 00 00 00 19 01 00 71 F3 2F 55;HEX;
107;R;10:29:18:967;1F 16 01 24 00 01 00 02 06 88 01 04 8B 01 04 03 03 8E 00 16 04 06 00 00 00 00 00 00 19 01 00 71 F3 2F 55;HEX;
108;R;10:29:19:983;1F 16 01 24 00 01 00 02 06 88 01 04 8B 01 04 03 03 8E 00 16 04 06 00 00 00 00 00 00 19 01 00 71 F3 2F 55;HEX;
109;R;10:29:20:983;1F 16 01 24 00 01 00 02 06 88 01 04 8B 01 04 03 03 8E 00 16 04 06 00 00 00 00 00 00 19 01 00 71 F3 2F 55;HEX;
110;R;10:29:21:998;1F 16 01 24 00 01 00 02 06 88 01 04 8B 01 04 03 03 8E 00 16 04 06 00 00 00 00 00 00 19 01 00 71 F3 2F 55;HEX;
111;R;10:29:22:998;1F 16 01 24 00 01 00 02 06 88 01 04 8B 01 04 03 03 8E 00 16 04 06 00 00 00 00 00 00 19 01 00 71 F3 2F 55;HEX;
112;R;10:29:24:014;1F 16 01 24 00 01 00 02 06 88 01 04 8B 01 04 03 03 8E 00 16 04 06 00 00 00 00 00 00 19 01 00 71 F3 2F 55;HEX;
113;R;10:29:25:014;1F 16 01 24 00 01 00 02 06 88 01 04 8B 01 04 03 03 8E 00 16 04 06 00 00 00 00 00 00 19 01 00 71 F3 2F 55;HEX;
114;R;10:29:26:029;1F 16 01 24 00 01 00 02 06 88 01 04 8B 01 04 03 03 8E 00 16 04 06 00 00 00 00 00 00 19 01 00 71 F3 2F 55;HEX;
115;R;10:29:27:029;1F 16 01 24 00 01 00 02 06 88 01 04 8B 01 04 03 03 8E 00 16 04 06 00 00 00 00 00 00 19 01 00 71 F3 2F 55;HEX;
116;R;10:29:28:045;1F 16 01 24 00 01 00 02 06 88 01 04 8B 01 04 03 03 8E 00 16 04 06 00 00 00 00 00 00 19 01 00 71 F3 2F 55;HEX;
117;R;10:29:29:045;1F 16 01 24 00 01 00 02 06 88 01 04 8B 01 04 03 03 8E 00 16 04 06 00 00 00 00 00 00 19 01 00 71 F3 2F 55;HEX;
118;R;10:29:30:061;1F 16 01 24 00 01 00 02 06 88 01 04 8B 01 04 03 03 8E 00 16 04 06 00 00 00 00 00 00 19 01 00 71 F3 2F 55;HEX;
119;R;10:29:31:061;1F 16 01 24 00 01 00 02 06 88 01 04 8B 01 04 03 03 8E 00 16 04 06 00 00 00 00 00 00 19 01 00 71 F3 2F 55;HEX;
120;R;10:29:32:076;1F 16 01 24 00 01 00 02 06 88 01 04 8B 01 04 03 03 8E 00 16 04 06 00 00 00 00 00 00 19 01 00 71 F3 2F 55;HEX;
