#;Тип операции;Время;Сообщение;Вид представления;
0;R;10:21:30:108;1F 16 01 24 00 01 00 04 06 00 00 00 00 00 00 19 01 00 97 5B 2F 55;HEX;
1;R;10:21:31:108;1F 16 01 24 00 01 00 04 06 00 00 00 00 00 00 19 01 00 97 5B 2F 55;HEX;
2;R;10:21:32:123;1F 16 01 24 00 01 00 04 06 00 00 00 00 00 00 19 01 00 97 5B 2F 55;HEX;
3;R;10:21:33:123;1F 16 01 24 00 01 00 04 06 00 00 00 00 00 00 19 01 00 97 5B 2F 55;HEX;
4;R;10:21:34:139;1F 16 01 24 00 01 00 04 06 00 00 00 00 00 00 19 01 00 97 5B 2F 55;HEX;
5;R;10:21:35:139;1F 16 01 24 00 01 00 04 06 00 00 00 00 00 00 19 01 00 97 5B 2F 55;HEX;
6;R;10:21:36:154;1F 16 01 24 00 01 00 04 06 00 00 00 00 00 00 19 01 00 97 5B 2F 55;HEX;
7;R;10:21:37:154;1F 16 01 24 00 01 00 04 06 00 00 00 00 00 00 19 01 00 97 5B 2F 55;HEX;
8;R;10:21:38:170;1F 16 01 24 00 01 00 04 06 00 00 00 00 00 00 19 01 00 97 5B 2F 55;HEX;
