#;Тип операции;Время;Сообщение;Вид представления;
0;R;10:37:24:045;1F 16 01 24 00 01 00 04 06 00 00 00 00 00 00 19 01 00 97 5B 2F 55;HEX;
1;R;10:37:25:045;1F 16 01 24 00 01 00 04 06 00 00 00 00 00 00 19 01 00 97 5B 2F 55;HEX;
2;R;10:37:26:061;1F 16 01 24 00 01 00 04 06 00 00 00 00 00 00 19 01 00 97 5B 2F 55;HEX;
3;R;10:37:27:061;1F 16 01 24 00 01 00 04 06 00 00 00 00 00 00 19 01 00 97 5B 2F 55;HEX;
4;R;10:37:28:076;1F 16 01 24 00 01 00 04 06 00 00 00 00 00 00 19 01 00 97 5B 2F 55;HEX;
5;R;10:37:29:076;1F 16 01 24 00 01 00 04 06 00 00 00 00 00 00 19 01 00 97 5B 2F 55;HEX;
6;R;10:37:30:092;1F 16 01 24 00 01 00 04 06 00 00 00 00 00 00 19 01 00 97 5B 2F 55;HEX;
7;R;10:37:31:092;1F 16 01 24 00 01 00 04 06 00 00 00 00 00 00 19 01 00 97 5B 2F 55;HEX;
8;R;10:37:32:108;1F 16 01 24 00 01 00 04 06 00 00 00 00 00 00 19 01 00 97 5B 2F 55;HEX;
9;R;10:37:33:108;1F 16 01 24 00 01 00 04 06 00 00 00 00 00 00 19 01 00 97 5B 2F 55;HEX;
10;R;10:37:34:123;1F 16 01 24 00 01 00 04 06 00 00 00 00 00 00 19 01 00 97 5B 2F 55;HEX;
11;R;10:37:35:123;1F 16 01 24 00 01 00 04 06 00 00 00 00 00 00 19 01 00 97 5B 2F 55;HEX;
12;R;10:37:36:139;1F 16 01 24 00 01 00 04 06 00 00 00 00 00 00 19 01 00 97 5B 2F 55;HEX;
13;R;10:37:37:139;1F 16 01 24 00 01 00 04 06 00 00 00 00 00 00 19 01 00 97 5B 2F 55;HEX;
14;R;10:37:38:154;1F 16 01 24 00 01 00 04 06 00 00 00 00 00 00 19 01 00 97 5B 2F 55;HEX;
15;R;10:37:39:154;1F 16 01 24 00 01 00 04 06 00 00 00 00 00 00 19 01 00 97 5B 2F 55;HEX;
16;R;10:37:40:170;1F 16 01 24 00 01 00 04 06 00 00 00 00 00 00 19 01 00 97 5B 2F 55;HEX;
17;R;10:37:41:170;1F 16 01 24 00 01 00 04 06 00 00 00 00 00 00 19 01 00 97 5B 2F 55;HEX;
18;R;10:37:42:186;1F 16 01 24 00 01 00 04 06 00 00 00 00 00 00 19 01 00 97 5B 2F 55;HEX;
19;R;10:37:43:186;1F 16 01 24 00 01 00 04 06 00 00 00 00 00 00 19 01 00 97 5B 2F 55;HEX;
20;R;10:37:44:201;1F 16 01 24 00 01 00 04 06 00 00 00 00 00 00 19 01 00 97 5B 2F 55;HEX;
21;R;10:37:45:201;1F 16 01 24 00 01 00 04 06 00 00 00 00 00 00 19 01 00 97 5B 2F 55;HEX;
22;R;10:37:46:217;1F 16 01 24 00 01 00 04 06 00 00 00 00 00 00 19 01 00 97 5B 2F 55;HEX;
23;R;10:37:47:217;1F 16 01 24 00 01 00 04 06 00 00 00 00 00 00 19 01 00 97 5B 2F 55;HEX;
24;R;10:37:48:233;1F 16 01 24 00 01 00 04 06 00 00 00 00 00 00 19 01 00 97 5B 2F 55;HEX;
25;R;10:37:49:233;1F 16 01 24 00 01 00 04 06 00 00 00 00 00 00 19 01 00 97 5B 2F 55;HEX;
26;R;10:37:50:248;1F 16 01 24 00 01 00 04 06 00 00 00 00 00 00 19 01 00 97 5B 2F 55;HEX;
27;R;10:37:51:248;1F 16 01 24 00 01 00 04 06 00 00 00 00 00 00 19 01 00 97 5B 2F 55;HEX;
28;R;10:37:52:264;1F 16 01 24 00 01 00 04 06 00 00 00 00 00 00 19 01 00 97 5B 2F 55;HEX;
29;R;10:37:53:264;1F 16 01 24 00 01 00 04 06 00 00 00 00 00 00 19 01 00 97 5B 2F 55;HEX;
30;R;10:37:54:279;1F 16 01 24 00 01 00 04 06 00 00 00 00 00 00 19 01 00 97 5B 2F 55;HEX;
31;R;10:37:55:279;1F 16 01 24 00 01 00 04 06 00 00 00 00 00 00 19 01 00 97 5B 2F 55;HEX;
32;R;10:37:56:295;1F 16 01 24 00 01 00 04 06 00 00 00 00 00 00 19 01 00 97 5B 2F 55;HEX;
33;R;10:37:57:295;1F 16 01 24 00 01 00 04 06 00 00 00 00 00 00 19 01 00 97 5B 2F 55;HEX;
34;R;10:37:58:311;1F 16 01 24 00 01 00 04 06 00 00 00 00 00 00 19 01 00 97 5B 2F 55;HEX;
35;R;10:37:59:311;1F 16 01 24 00 01 00 04 06 00 00 00 00 00 00 19 01 00 97 5B 2F 55;HEX;
36;R;10:38:00:326;1F 16 01 24 00 01 00 04 06 00 00 00 00 00 00 19 01 00 97 5B 2F 55;HEX;
37;R;10:38:01:326;1F 16 01 24 00 01 00 04 06 00 00 00 00 00 00 19 01 00 97 5B 2F 55;HEX;
38;R;10:38:02:342;1F 16 01 24 00 01 00 04 06 00 00 00 00 00 00 19 01 00 97 5B 2F 55;HEX;
39;R;10:38:03:342;1F 16 01 24 00 01 00 04 06 00 00 00 00 00 00 19 01 00 97 5B 2F 55;HEX;
40;R;10:38:04:358;1F 16 01 24 00 01 00 04 06 00 00 00 00 00 00 19 01 00 97 5B 2F 55;HEX;
41;R;10:38:05:358;1F 16 01 24 00 01 00 04 06 00 00 00 00 00 00 19 01 00 97 5B 2F 55;HEX;
42;R;10:38:06:373;1F 16 01 24 00 01 00 04 06 00 00 00 00 00 00 19 01 00 97 5B 2F 55;HEX;
43;R;10:38:07:373;1F 16 01 24 00 01 00 04 06 00 00 00 00 00 00 19 01 00 97 5B 2F 55;HEX;
44;R;10:38:08:389;1F 16 01 24 00 01 00 04 06 00 00 00 00 00 00 19 01 00 97 5B 2F 55;HEX;
45;R;10:38:09:389;1F 16 01 24 00 01 00 04 06 00 00 00 00 00 00 19 01 00 97 5B 2F 55;HEX;
46;R;10:38:10:404;1F 16 01 24 00 01 00 04 06 00 00 00 00 00 00 19 01 00 97 5B 2F 55;HEX;
47;R;10:38:11:404;1F 16 01 24 00 01 00 04 06 00 00 00 00 00 00 19 01 00 97 5B 2F 55;HEX;
48;R;10:38:24:498;1F 16 01 24 00 01 00 04 06 00 00 00 00 00 00 19 01 00 97 5B 2F 55;HEX;
49;R;10:38:25:498;1F 16 01 24 00 01 00 04 06 00 00 00 00 00 00 19 01 00 97 5B 2F 55;HEX;
50;R;10:38:26:514;1F 16 01 24 00 01 00 04 06 00 00 00 00 00 00 19 01 00 97 5B 2F 55;HEX;
51;R;10:38:27:514;1F 16 01 24 00 01 00 04 06 00 00 00 00 00 00 19 01 00 97 5B 2F 55;HEX;
52;R;10:38:28:529;1F 16 01 24 00 01 00 04 06 00 00 00 00 00 00 19 01 00 97 5B 2F 55;HEX;
53;R;10:38:29:529;1F 16 01 24 00 01 00 04 06 00 00 00 00 00 00 19 01 00 97 5B 2F 55;HEX;
54;R;10:38:30:545;1F 16 01 24 00 01 00 04 06 00 00 00 00 00 00 19 01 00 97 5B 2F 55;HEX;
55;R;10:38:31:545;1F 16 01 24 00 01 00 04 06 00 00 00 00 00 00 19 01 00 97 5B 2F 55;HEX;
56;R;10:38:32:561;1F 16 01 24 00 01 00 04 06 00 00 00 00 00 00 19 01 00 97 5B 2F 55;HEX;
57;R;10:38:33:561;1F 16 01 24 00 01 00 04 06 00 00 00 00 00 00 19 01 00 97 5B 2F 55;HEX;
58;R;10:38:34:576;1F 16 01 24 00 01 00 04 06 00 00 00 00 00 00 19 01 00 97 5B 2F 55;HEX;
59;R;10:38:35:576;1F 16 01 24 00 01 00 04 06 00 00 00 00 00 00 19 01 00 97 5B 2F 55;HEX;
60;R;10:38:36:592;1F 16 01 24 00 01 00 04 06 00 00 00 00 00 00 19 01 00 97 5B 2F 55;HEX;
61;R;10:38:37:592;1F 16 01 24 00 01 00 04 06 00 00 00 00 00 00 19 01 00 97 5B 2F 55;HEX;
62;R;10:38:38:608;1F 16 01 24 00 01 00 04 06 00 00 00 00 00 00 19 01 00 97 5B 2F 55;HEX;
63;R;10:38:39:608;1F 16 01 24 00 01 00 04 06 00 00 00 00 00 00 19 01 00 97 5B 2F 55;HEX;
64;R;10:38:40:623;1F 16 01 24 00 01 00 04 06 00 00 00 00 00 00 19 01 00 97 5B 2F 55;HEX;
65;R;10:38:41:623;1F 16 01 24 00 01 00 04 06 00 00 00 00 00 00 19 01 00 97 5B 2F 55;HEX;
66;R;10:38:42:639;1F 16 01 24 00 01 00 04 06 00 00 00 00 00 00 19 01 00 97 5B 2F 55;HEX;
67;R;10:38:43:639;1F 16 01 24 00 01 00 04 06 00 00 00 00 00 00 19 01 00 97 5B 2F 55;HEX;
68;R;10:38:44:654;1F 16 01 24 00 01 00 04 06 00 00 00 00 00 00 19 01 00 97 5B 2F 55;HEX;
69;R;10:38:45:654;1F 16 01 24 00 01 00 04 06 00 00 00 00 00 00 19 01 00 97 5B 2F 55;HEX;
70;R;10:38:46:670;1F 16 01 24 00 01 00 04 06 00 00 00 00 00 00 19 01 00 97 5B 2F 55;HEX;
71;R;10:38:47:670;1F 16 01 24 00 01 00 04 06 00 00 00 00 00 00 19 01 00 97 5B 2F 55;HEX;
72;R;10:38:48:686;1F 16 01 24 00 01 00 04 06 00 00 00 00 00 00 19 01 00 97 5B 2F 55;HEX;
73;R;10:38:49:686;1F 16 01 24 00 01 00 04 06 00 00 00 00 00 00 19 01 00 97 5B 2F 55;HEX;
74;R;10:38:50:701;1F 16 01 24 00 01 00 04 06 00 00 00 00 00 00 19 01 00 97 5B 2F 55;HEX;
75;R;10:38:51:701;1F 16 01 24 00 01 00 04 06 00 00 00 00 00 00 19 01 00 97 5B 2F 55;HEX;
76;R;10:38:52:717;1F 16 01 24 00 01 00 04 06 00 00 00 00 00 00 19 01 00 97 5B 2F 55;HEX;
77;R;10:38:53:717;1F 16 01 24 00 01 00 04 06 00 00 00 00 00 00 19 01 00 97 5B 2F 55;HEX;
78;R;10:38:54:733;1F 16 01 24 00 01 00 04 06 00 00 00 00 00 00 19 01 00 97 5B 2F 55;HEX;
79;R;10:38:55:733;1F 16 01 24 00 01 00 04 06 00 00 00 00 00 00 19 01 00 97 5B 2F 55;HEX;
80;R;10:38:56:748;1F 16 01 24 00 01 00 04 06 00 00 00 00 00 00 19 01 00 97 5B 2F 55;HEX;
81;R;10:38:57:748;1F 16 01 24 00 01 00 04 06 00 00 00 00 00 00 19 01 00 97 5B 2F 55;HEX;
82;R;10:38:58:764;1F 16 01 24 00 01 00 04 06 00 00 00 00 00 00 19 01 00 97 5B 2F 55;HEX;
83;R;10:38:59:764;1F 16 01 24 00 01 00 04 06 00 00 00 00 00 00 19 01 00 97 5B 2F 55;HEX;
84;R;10:39:00:779;1F 16 01 24 00 01 00 04 06 00 00 00 00 00 00 19 01 00 97 5B 2F 55;HEX;
85;R;10:39:01:779;1F 16 01 24 00 01 00 04 06 00 00 00 00 00 00 19 01 00 97 5B 2F 55;HEX;
86;R;10:39:02:795;1F 16 01 24 00 01 00 04 06 00 00 00 00 00 00 19 01 00 97 5B 2F 55;HEX;
87;R;10:39:03:795;1F 16 01 24 00 01 00 04 06 00 00 00 00 00 00 19 01 00 97 5B 2F 55;HEX;
88;R;10:39:04:826;1F 16 01 24 00 01 00 04 06 00 00 00 00 00 00 19 01 00 97 5B 2F 55;HEX;
89;R;10:39:05:826;1F 16 01 24 00 01 00 04 06 00 00 00 00 00 00 19 01 00 97 5B 2F 55;HEX;
90;R;10:39:06:842;1F 16 01 24 00 01 00 04 06 00 00 00 00 00 00 19 01 00 97 5B 2F 55;HEX;
91;R;10:39:07:842;1F 16 01 24 00 01 00 04 06 00 00 00 00 00 00 19 01 00 97 5B 2F 55;HEX;
92;R;10:39:08:858;1F 16 01 24 00 01 00 04 06 00 00 00 00 00 00 19 01 00 97 5B 2F 55;HEX;
93;R;10:39:09:858;1F 16 01 24 00 01 00 04 06 00 00 00 00 00 00 19 01 00 97 5B 2F 55;HEX;
94;R;10:39:10:873;1F 16 01 24 00 01 00 04 06 00 00 00 00 00 00 19 01 00 97 5B 2F 55;HEX;
95;R;10:39:11:873;1F 16 01 24 00 01 00 04 06 00 00 00 00 00 00 19 01 00 97 5B 2F 55;HEX;
96;R;10:39:12:889;1F 16 01 24 00 01 00 04 06 00 00 00 00 00 00 19 01 00 97 5B 2F 55;HEX;
97;R;10:39:13:889;1F 16 01 24 00 01 00 04 06 00 00 00 00 00 00 19 01 00 97 5B 2F 55;HEX;
98;R;10:39:14:904;1F 16 01 24 00 01 00 04 06 00 00 00 00 00 00 19 01 00 97 5B 2F 55;HEX;
99;R;10:39:15:904;1F 16 01 24 00 01 00 04 06 00 00 00 00 00 00 19 01 00 97 5B 2F 55;HEX;
100;R;10:39:16:920;1F 16 01 24 00 01 00 04 06 00 00 00 00 00 00 19 01 00 97 5B 2F 55;HEX;
101;R;10:39:17:920;1F 16 01 24 00 01 00 04 06 00 00 00 00 00 00 19 01 00 97 5B 2F 55;HEX;
102;R;10:39:18:936;1F 16 01 24 00 01 00 04 06 00 00 00 00 00 00 19 01 00 97 5B 2F 55;HEX;
103;R;10:39:19:936;1F 16 01 24 00 01 00 04 06 00 00 00 00 00 00 19 01 00 97 5B 2F 55;HEX;
104;R;10:39:20:951;1F 16 01 24 00 01 00 04 06 00 00 00 00 00 00 19 01 00 97 5B 2F 55;HEX;
105;R;10:39:21:951;1F 16 01 24 00 01 00 04 06 00 00 00 00 00 00 19 01 00 97 5B 2F 55;HEX;
106;R;10:39:22:967;1F 16 01 24 00 01 00 04 06 00 00 00 00 00 00 19 01 00 97 5B 2F 55;HEX;
107;R;10:39:23:967;1F 16 01 24 00 01 00 04 06 00 00 00 00 00 00 19 01 00 97 5B 2F 55;HEX;
108;R;10:39:24:983;1F 16 01 24 00 01 00 04 06 00 00 00 00 00 00 19 01 00 97 5B 2F 55;HEX;
109;R;10:39:25:983;1F 16 01 24 00 01 00 04 06 00 00 00 00 00 00 19 01 00 97 5B 2F 55;HEX;
110;R;10:39:26:998;1F 16 01 24 00 01 00 04 06 00 00 00 00 00 00 19 01 00 97 5B 2F 55;HEX;
111;R;10:39:27:998;1F 16 01 24 00 01 00 04 06 00 00 00 00 00 00 19 01 00 97 5B 2F 55;HEX;
112;R;10:39:29:014;1F 16 01 24 00 01 00 04 06 00 00 00 00 00 00 19 01 00 97 5B 2F 55;HEX;
113;R;10:39:30:014;1F 16 01 24 00 01 00 04 06 00 00 00 00 00 00 19 01 00 97 5B 2F 55;HEX;
114;R;10:39:31:029;1F 16 01 24 00 01 00 04 06 00 00 00 00 00 00 19 01 00 97 5B 2F 55;HEX;
115;R;10:39:32:029;1F 16 01 24 00 01 00 04 06 00 00 00 00 00 00 19 01 00 97 5B 2F 55;HEX;
116;R;10:39:33:045;1F 16 01 24 00 01 00 04 06 00 00 00 00 00 00 19 01 00 97 5B 2F 55;HEX;
117;R;10:39:34:045;1F 16 01 24 00 01 00 04 06 00 00 00 00 00 00 19 01 00 97 5B 2F 55;HEX;
118;R;10:39:35:061;1F 16 01 24 00 01 00 04 06 00 00 00 00 00 00 19 01 00 97 5B 2F 55;HEX;
119;R;10:39:36:061;1F 16 01 24 00 01 00 04 06 00 00 00 00 00 00 19 01 00 97 5B 2F 55;HEX;
120;R;10:39:37:076;1F 16 01 24 00 01 00 04 06 00 00 00 00 00 00 19 01 00 97 5B 2F 55;HEX;
121;R;10:39:38:076;1F 16 01 24 00 01 00 04 06 00 00 00 00 00 00 19 01 00 97 5B 2F 55;HEX;
122;R;10:39:39:092;1F 16 01 24 00 01 00 04 06 00 00 00 00 00 00 19 01 00 97 5B 2F 55;HEX;
123;R;10:39:40:092;1F 16 01 24 00 01 00 04 06 00 00 00 00 00 00 19 01 00 97 5B 2F 55;HEX;
124;R;10:39:41:108;1F 16 01 24 00 01 00 04 06 00 00 00 00 00 00 19 01 00 97 5B 2F 55;HEX;
125;R;10:39:42:108;1F 16 01 24 00 01 00 04 06 00 00 00 00 00 00 19 01 00 97 5B 2F 55;HEX;
126;R;10:39:43:123;1F 16 01 24 00 01 00 04 06 00 00 00 00 00 00 19 01 00 97 5B 2F 55;HEX;
127;R;10:39:44:123;1F 16 01 24 00 01 00 04 06 00 00 00 00 00 00 19 01 00 97 5B 2F 55;HEX;
128;R;10:39:45:139;1F 16 01 24 00 01 00 04 06 00 00 00 00 00 00 19 01 00 97 5B 2F 55;HEX;
129;R;10:39:46:139;1F 16 01 24 00 01 00 04 06 00 00 00 00 00 00 19 01 00 97 5B 2F 55;HEX;
130;R;10:39:47:154;1F 16 01 24 00 01 00 04 06 00 00 00 00 00 00 19 01 00 97 5B 2F 55;HEX;
131;R;10:39:48:154;1F 16 01 24 00 01 00 04 06 00 00 00 00 00 00 19 01 00 97 5B 2F 55;HEX;
132;R;10:39:49:170;1F 16 01 24 00 01 00 04 06 00 00 00 00 00 00 19 01 00 97 5B 2F 55;HEX;
133;R;10:39:50:170;1F 16 01 24 00 01 00 04 06 00 00 00 00 00 00 19 01 00 97 5B 2F 55;HEX;
134;R;10:39:51:186;1F 16 01 24 00 01 00 04 06 00 00 00 00 00 00 19 01 00 97 5B 2F 55;HEX;
135;R;10:39:52:186;1F 16 01 24 00 01 00 04 06 00 00 00 00 00 00 19 01 00 97 5B 2F 55;HEX;
136;R;10:39:53:201;1F 16 01 24 00 01 00 04 06 00 00 00 00 00 00 19 01 00 97 5B 2F 55;HEX;
137;R;10:39:54:201;1F 16 01 24 00 01 00 04 06 00 00 00 00 00 00 19 01 00 97 5B 2F 55;HEX;
138;R;10:39:55:217;1F 16 01 24 00 01 00 04 06 00 00 00 00 00 00 19 01 00 97 5B 2F 55;HEX;
139;R;10:39:56:217;1F 16 01 24 00 01 00 04 06 00 00 00 00 00 00 19 01 00 97 5B 2F 55;HEX;
140;R;10:39:57:233;1F 16 01 24 00 01 00 04 06 00 00 00 00 00 00 19 01 00 97 5B 2F 55;HEX;
141;R;10:39:58:248;1F 16 01 24 00 01 00 04 06 00 00 00 00 00 00 19 01 00 97 5B 2F 55;HEX;
142;R;10:39:59:248;1F 16 01 24 00 01 00 04 06 00 00 00 00 00 00 19 01 00 97 5B 2F 55;HEX;
143;R;10:40:00:248;1F 16 01 24 00 01 00 04 06 00 00 00 00 00 00 19 01 00 97 5B 2F 55;HEX;
144;R;10:40:01:264;1F 16 01 24 00 01 00 04 06 00 00 00 00 00 00 19 01 00 97 5B 2F 55;HEX;
145;R;10:40:02:264;1F 16 01 24 00 01 00 04 06 00 00 00 00 00 00 19 01 00 97 5B 2F 55;HEX;
146;R;10:40:03:279;1F 16 01 24 00 01 00 04 06 00 00 00 00 00 00 19 01 00 97 5B 2F 55;HEX;
147;R;10:40:04:295;1F 16 01 24 00 01 00 04 06 00 00 00 00 00 00 19 01 00 97 5B 2F 55;HEX;
148;R;10:40:05:295;1F 16 01 24 00 01 00 04 06 00 00 00 00 00 00 19 01 00 97 5B 2F 55;HEX;
149;R;10:40:06:295;1F 16 01 24 00 01 00 04 06 00 00 00 00 00 00 19 01 00 97 5B 2F 55;HEX;
150;R;10:40:07:311;1F 16 01 24 00 01 00 04 06 00 00 00 00 00 00 19 01 00 97 5B 2F 55;HEX;
151;R;10:40:08:326;1F 16 01 24 00 01 00 03 03 90 00 16 04 06 00 00 00 00 00 00 19 01 00 AE 8E 2F 55;HEX;
152;R;10:40:09:326;1F 16 01 24 00 01 00 02 03 93 01 FF 03 03 90 00 16 04 06 00 00 00 00 00 00 19 01 00 BE 31 2F 55;HEX;
153;R;10:40:10:342;1F 16 01 24 00 01 00 02 03 93 01 FF 03 03 90 00 16 04 06 00 00 00 00 00 00 19 01 00 BE 31 2F 55;HEX;
154;R;10:40:11:342;1F 16 01 24 00 01 00 02 03 93 01 FF 03 03 90 00 16 04 06 00 00 00 00 00 00 19 01 00 BE 31 2F 55;HEX;
155;R;10:40:12:342;1F 16 01 24 00 01 00 02 03 93 01 FF 03 03 90 00 16 04 06 00 00 00 00 00 00 19 01 00 BE 31 2F 55;HEX;
156;R;10:40:13:358;1F 16 01 24 00 01 00 02 03 93 01 FF 03 03 90 00 16 04 06 00 00 00 00 00 00 19 01 00 BE 31 2F 55;HEX;
157;R;10:40:14:373;1F 16 01 24 00 01 00 02 03 93 01 FF 03 03 90 00 16 04 06 00 00 00 00 00 00 19 01 00 BE 31 2F 55;HEX;
158;R;10:40:15:373;1F 16 01 24 00 01 00 02 03 93 01 FF 03 03 90 00 16 04 06 00 00 00 00 00 00 19 01 00 BE 31 2F 55;HEX;
159;R;10:40:16:389;1F 16 01 24 00 01 00 02 03 93 01 FF 03 03 90 00 16 04 06 00 00 00 00 00 00 19 01 00 BE 31 2F 55;HEX;
160;R;10:40:17:389;1F 16 01 24 00 01 00 02 03 93 01 FF 03 03 90 00 16 04 06 00 00 00 00 00 00 19 01 00 BE 31 2F 55;HEX;
161;R;10:40:18:404;1F 16 01 24 00 01 00 02 03 93 01 FF 03 03 90 00 16 04 06 00 00 00 00 00 00 19 01 00 BE 31 2F 55;HEX;
162;R;10:40:19:404;1F 16 01 24 00 01 00 02 03 93 01 FF 03 03 90 00 16 04 06 00 00 00 00 00 00 19 01 00 BE 31 2F 55;HEX;
163;R;10:40:20:420;1F 16 01 24 00 01 00 02 03 93 01 FF 03 03 90 00 16 04 06 00 00 00 00 00 00 19 01 00 BE 31 2F 55;HEX;
164;R;10:40:21:420;1F 16 01 24 00 01 00 02 03 93 01 FF 03 03 90 00 16 04 06 00 00 00 00 00 00 19 01 00 BE 31 2F 55;HEX;
165;R;10:40:22:436;1F 16 01 24 00 01 00 02 03 93 01 FF 03 03 90 00 16 04 06 00 00 00 00 00 00 19 01 00 BE 31 2F 55;HEX;
166;R;10:40:23:436;1F 16 01 24 00 01 00 02 03 93 01 FF 03 03 90 00 16 04 06 00 00 00 00 00 00 19 01 00 BE 31 2F 55;HEX;
167;R;10:40:24:451;1F 16 01 24 00 01 00 02 03 93 01 FF 03 03 90 00 16 04 06 00 00 00 00 00 00 19 01 00 BE 31 2F 55;HEX;
168;R;10:40:25:451;1F 16 01 24 00 01 00 02 03 93 01 FF 03 03 90 00 16 04 06 00 00 00 00 00 00 19 01 00 BE 31 2F 55;HEX;
169;R;10:40:26:467;1F 16 01 24 00 01 00 02 03 93 01 FF 03 03 90 00 16 04 06 00 00 00 00 00 00 19 01 00 BE 31 2F 55;HEX;
170;R;10:40:27:467;1F 16 01 24 00 01 00 02 03 93 01 FF 03 03 90 00 16 04 06 00 00 00 00 00 00 19 01 00 BE 31 2F 55;HEX;
171;R;10:40:28:483;1F 16 01 24 00 01 00 02 03 93 01 FF 03 03 90 00 16 04 06 00 00 00 00 00 00 19 01 00 BE 31 2F 55;HEX;
172;R;10:40:29:483;1F 16 01 24 00 01 00 02 03 93 01 FF 03 03 90 00 16 04 06 00 00 00 00 00 00 19 01 00 BE 31 2F 55;HEX;
173;R;10:40:30:498;1F 16 01 24 00 01 00 02 03 93 01 FF 03 03 90 00 16 04 06 00 00 00 00 00 00 19 01 00 BE 31 2F 55;HEX;
174;R;10:40:31:498;1F 16 01 24 00 01 00 02 03 92 01 04 03 03 90 00 16 04 06 00 00 00 00 00 00 19 01 00 98 F3 2F 55;HEX;
175;R;10:40:32:514;1F 16 01 24 00 01 00 02 06 93 01 FF 92 01 04 03 03 90 00 16 04 06 00 00 00 00 00 00 19 01 00 74 77 2F 55;HEX;
176;R;10:40:33:514;1F 16 01 24 00 01 00 02 06 93 01 FF 92 01 04 03 03 90 00 16 04 06 00 00 00 00 00 00 19 01 00 74 77 2F 55;HEX;
177;R;10:40:34:529;1F 16 01 24 00 01 00 02 06 93 01 FF 92 01 04 03 03 90 00 16 04 06 00 00 00 00 00 00 19 01 00 74 77 2F 55;HEX;
178;R;10:40:35:529;1F 16 01 24 00 01 00 02 06 93 01 FF 92 01 04 03 03 90 00 16 04 06 00 00 00 00 00 00 19 01 00 74 77 2F 55;HEX;
179;R;10:40:36:545;1F 16 01 24 00 01 00 02 06 93 01 FF 92 01 04 03 03 90 00 16 04 06 00 00 00 00 00 00 19 01 00 74 77 2F 55;HEX;
180;R;10:40:37:545;1F 16 01 24 00 01 00 02 06 93 01 FF 92 01 04 03 03 90 00 16 04 06 00 00 00 00 00 00 19 01 00 74 77 2F 55;HEX;
181;R;10:40:38:561;1F 16 01 24 00 01 00 02 06 93 01 FF 92 01 04 03 03 90 00 16 04 06 00 00 00 00 00 00 19 01 00 74 77 2F 55;HEX;
182;R;10:40:39:561;1F 16 01 24 00 01 00 02 06 93 01 FF 92 01 04 03 03 90 00 16 04 06 00 00 00 00 00 00 19 01 00 74 77 2F 55;HEX;
183;R;10:40:40:576;1F 16 01 24 00 01 00 02 06 93 01 FF 92 01 04 03 03 90 00 16 04 06 00 00 00 00 00 00 19 01 00 74 77 2F 55;HEX;
184;R;10:40:41:576;1F 16 01 24 00 01 00 02 06 93 01 FF 92 01 04 03 03 90 00 16 04 06 00 00 00 00 00 00 19 01 00 74 77 2F 55;HEX;
185;R;10:40:42:592;1F 16 01 24 00 01 00 02 06 93 01 FF 92 01 04 03 03 90 00 16 04 06 00 00 00 00 00 00 19 01 00 74 77 2F 55;HEX;
186;R;10:40:43:592;1F 16 01 24 00 01 00 02 06 93 01 FF 92 01 04 03 03 90 00 16 04 06 00 00 00 00 00 00 19 01 00 74 77 2F 55;HEX;
187;R;10:40:44:608;1F 16 01 24 00 01 00 02 06 93 01 FF 92 01 04 03 03 90 00 16 04 06 00 00 00 00 00 00 19 01 00 74 77 2F 55;HEX;
188;R;10:40:45:608;1F 16 01 24 00 01 00 02 06 93 01 FF 92 01 04 03 03 90 00 16 04 06 00 00 00 00 00 00 19 01 00 74 77 2F 55;HEX;
189;R;10:40:46:623;1F 16 01 24 00 01 00 02 06 93 01 FF 92 01 04 03 03 90 00 16 04 06 00 00 00 00 00 00 19 01 00 74 77 2F 55;HEX;
190;R;10:40:47:623;1F 16 01 24 00 01 00 02 06 93 01 FF 92 01 04 03 03 90 00 16 04 06 00 00 00 00 00 00 19 01 00 74 77 2F 55;HEX;
191;R;10:40:48:639;1F 16 01 24 00 01 00 02 06 93 01 FF 92 01 04 03 03 90 00 16 04 06 00 00 00 00 00 00 19 01 00 74 77 2F 55;HEX;
192;R;10:40:49:639;1F 16 01 24 00 01 00 02 06 93 01 FF 92 01 04 03 03 90 00 16 04 06 00 00 00 00 00 00 19 01 00 74 77 2F 55;HEX;
193;R;10:40:50:654;1F 16 01 24 00 01 00 02 06 93 01 FF 92 01 04 03 03 90 00 16 04 06 00 00 00 00 00 00 19 01 00 74 77 2F 55;HEX;
194;R;10:40:51:654;1F 16 01 24 00 01 00 02 06 93 01 FF 92 01 04 03 03 90 00 16 04 06 00 00 00 00 00 00 19 01 00 74 77 2F 55;HEX;
195;R;10:40:52:670;1F 16 01 24 00 01 00 02 06 93 01 FF 92 01 04 03 03 90 00 16 04 06 00 00 00 00 00 00 19 01 00 74 77 2F 55;HEX;
196;R;10:40:53:670;1F 16 01 24 00 01 00 02 06 93 01 FF 92 01 04 03 03 90 00 16 04 06 00 00 00 00 00 00 19 01 00 74 77 2F 55;HEX;
197;R;10:40:54:686;1F 16 01 24 00 01 00 02 06 93 01 FF 92 01 04 03 03 90 00 16 04 06 00 00 00 00 00 00 19 01 00 74 77 2F 55;HEX;
198;R;10:40:55:686;1F 16 01 24 00 01 00 02 06 93 01 FF 92 01 04 03 03 90 00 16 04 06 00 00 00 00 00 00 19 01 00 74 77 2F 55;HEX;
199;R;10:40:56:701;1F 16 01 24 00 01 00 02 06 93 01 FF 92 01 04 03 03 90 00 16 04 06 00 00 00 00 00 00 19 01 00 74 77 2F 55;HEX;
200;R;10:40:57:717;1F 16 01 24 00 01 00 02 06 93 01 FF 92 01 04 03 03 90 00 16 04 06 00 00 00 00 00 00 19 01 00 74 77 2F 55;HEX;
201;R;10:40:58:733;1F 16 01 24 00 01 00 02 06 93 01 FF 92 01 04 03 03 90 00 16 04 06 00 00 00 00 00 00 19 01 00 74 77 2F 55;HEX;
202;R;10:40:59:733;1F 16 01 24 00 01 00 02 06 93 01 FF 92 01 04 03 03 90 00 16 04 06 00 00 00 00 00 00 19 01 00 74 77 2F 55;HEX;
203;R;10:41:00:748;1F 16 01 24 00 01 00 02 06 93 01 FF 92 01 04 03 03 90 00 16 04 06 00 00 00 00 00 00 19 01 00 74 77 2F 55;HEX;
204;R;10:41:01:748;1F 16 01 24 00 01 00 02 06 93 01 FF 92 01 04 03 03 90 00 16 04 06 00 00 00 00 00 00 19 01 00 74 77 2F 55;HEX;
205;R;10:41:02:764;1F 16 01 24 00 01 00 02 06 93 01 FF 92 01 04 03 03 90 00 16 04 06 00 00 00 00 00 00 19 01 00 74 77 2F 55;HEX;
206;R;10:41:03:764;1F 16 01 24 00 01 00 02 06 93 01 FF 92 01 04 03 03 90 00 16 04 06 00 00 00 00 00 00 19 01 00 74 77 2F 55;HEX;
207;R;10:41:04:779;1F 16 01 24 00 01 00 02 06 93 01 FF 92 01 04 03 03 90 00 16 04 06 00 00 00 00 00 00 19 01 00 74 77 2F 55;HEX;
208;R;10:41:05:779;1F 16 01 24 00 01 00 02 06 93 01 FF 92 01 04 03 03 90 00 16 04 06 00 00 00 00 00 00 19 01 00 74 77 2F 55;HEX;
209;R;10:41:10:092;1F 16 01 24 77 01 00 22 AE 2F 55;HEX;
210;R;10:41:11:092;1F 16 01 24 77 01 00 22 AE 2F 55;HEX;
211;R;10:41:12:108;1F 16 01 24 77 01 00 22 AE 2F 55;HEX;
212;R;10:41:13:108;1F 16 01 24 77 01 00 22 AE 2F 55;HEX;
213;R;10:41:14:123;1F 16 01 24 00 01 00 04 06 00 00 00 00 00 00 19 01 00 97 5B 2F 55;HEX;
214;R;10:41:15:123;1F 16 01 24 00 01 00 04 06 00 00 00 00 00 00 19 01 00 97 5B 2F 55;HEX;
215;R;10:41:16:139;1F 16 01 24 00 01 00 04 06 00 00 00 00 00 00 19 01 00 97 5B 2F 55;HEX;
216;R;10:41:17:139;1F 16 01 24 00 01 00 04 06 00 00 00 00 00 00 19 01 00 97 5B 2F 55;HEX;
217;R;10:41:18:154;1F 16 01 24 00 01 00 04 06 00 00 00 00 00 00 19 01 00 97 5B 2F 55;HEX;
218;R;10:41:19:154;1F 16 01 24 00 01 00 04 06 00 00 00 00 00 00 19 01 00 97 5B 2F 55;HEX;
219;R;10:41:20:170;1F 16 01 24 00 01 00 04 06 00 00 00 00 00 00 19 01 00 97 5B 2F 55;HEX;
220;R;10:41:21:170;1F 16 01 24 00 01 00 04 06 00 00 00 00 00 00 19 01 00 97 5B 2F 55;HEX;
221;R;10:41:22:186;1F 16 01 24 00 01 00 04 06 00 00 00 00 00 00 19 01 00 97 5B 2F 55;HEX;
222;R;10:41:23:186;1F 16 01 24 00 01 00 04 06 00 00 00 00 00 00 19 01 00 97 5B 2F 55;HEX;
223;R;10:41:24:201;1F 16 01 24 00 01 00 04 06 00 00 00 00 00 00 19 01 00 97 5B 2F 55;HEX;
