#;Тип операции;Время;Сообщение;Вид представления;
0;R;10:08:54:514;1F 16 01 24 00 01 00 04 06 00 00 00 00 00 00 19 01 11 87 59 2F 55;HEX;
1;R;10:08:55:514;1F 16 01 24 00 01 00 04 06 00 00 00 00 00 00 19 01 11 87 59 2F 55;HEX;
2;R;10:08:56:529;1F 16 01 24 00 01 00 04 06 00 00 00 00 00 00 19 01 11 87 59 2F 55;HEX;
3;R;10:08:57:529;1F 16 01 24 00 01 00 04 06 00 00 00 00 00 00 19 01 11 87 59 2F 55;HEX;
4;R;10:08:58:545;1F 16 01 24 00 01 00 04 06 00 00 00 00 00 00 19 01 11 87 59 2F 55;HEX;
5;R;10:08:59:545;1F 16 01 24 00 01 00 04 06 00 00 00 00 00 00 19 01 11 87 59 2F 55;HEX;
6;R;10:09:00:561;1F 16 01 24 00 01 00 04 06 00 00 00 00 00 00 19 01 11 87 59 2F 55;HEX;
7;R;10:09:01:561;1F 16 01 24 00 01 00 04 06 00 00 00 00 00 00 19 01 11 87 59 2F 55;HEX;
8;R;10:09:02:576;1F 16 01 24 00 01 00 04 06 00 00 00 00 00 00 19 01 11 87 59 2F 55;HEX;
9;R;10:09:03:576;1F 16 01 24 00 01 00 04 06 00 00 00 00 00 00 19 01 11 87 59 2F 55;HEX;
10;R;10:09:04:592;1F 16 01 24 00 01 00 04 06 00 00 00 00 00 00 19 01 11 87 59 2F 55;HEX;
11;R;10:09:05:592;1F 16 01 24 00 01 00 04 06 00 00 00 00 00 00 19 01 11 87 59 2F 55;HEX;
12;R;10:09:06:608;1F 16 01 24 00 01 00 04 06 00 00 00 00 00 00 19 01 11 87 59 2F 55;HEX;
