#;Тип операции;Время;Сообщение;Вид представления;
0;R;14:32:54:984;01 10 04 F0 00 03 06 03 04 7A 00 12 00 12 38;HEX;
1;R;14:32:55:281;01 10 04 B0 00 01 02 02 00 F8 C0;HEX;
2;R;14:32:55:562;01 10 04 A5 00 01 02 00 00 FB 65;HEX;
3;R;14:32:55:859;01 10 04 A6 00 08 10 19 0E 00 00 00 00 00 00 00 00 00 00 00 00 00 00 09 08;HEX;
4;R;14:32:56:140;01 10 04 A0 00 02 04 00 01 00 00 9A D7;HEX;
5;R;14:32:56:437;01 10 04 A3 00 02 04 33 02 04 04 26 85;HEX;
6;R;14:32:56:703;01 10 04 30 00 04 08 04 06 2A 00 02 10 02 10 98 56;HEX;
7;R;14:32:56:984;01 10 04 F0 00 03 06 03 04 7A 00 12 00 12 38;HEX;
8;R;14:32:57:281;01 10 04 B0 00 01 02 02 00 F8 C0;HEX;
9;R;14:32:57:562;01 10 04 A5 00 01 02 00 00 FB 65;HEX;
10;R;14:32:57:859;01 10 04 A6 00 08 10 19 0E 00 00 00 00 00 00 00 00 00 00 00 00 00 00 09 08;HEX;
11;R;14:32:58:140;01 10 04 A0 00 02 04 00 01 00 00 9A D7;HEX;
12;R;14:32:58:437;01 10 04 A3 00 02 04 33 02 04 04 26 85;HEX;
13;R;14:32:58:718;01 10 04 30 00 04 08 04 06 2A 08 02 10 22 10 60 57;HEX;
14;R;14:32:59:000;01 10 04 F0 00 03 06 03 04 7A 00 12 00 12 38;HEX;
15;R;14:32:59:296;01 10 04 B0 00 01 02 02 00 F8 C0;HEX;
16;R;14:32:59:562;01 10 04 A5 00 01 02 00 00 FB 65;HEX;
17;R;14:32:59:859;01 10 04 A6 00 08 10 19 0E 00 00 00 00 00 00 00 00 00 00 00 00 00 00 09 08;HEX;
18;R;14:33:00:140;01 10 04 A0 00 02 04 00 01 00 00 9A D7;HEX;
19;R;14:33:00:437;01 10 04 A3 00 02 04 33 02 04 04 26 85;HEX;
20;R;14:33:00:718;01 10 04 30 00 04 08 04 06 2A 0A 02 10 22 10 19 97;HEX;
21;R;14:33:01:000;01 10 04 F0 00 03 06 03 04 7A 00 12 00 12 38;HEX;
22;R;14:33:01:296;01 10 04 B0 00 01 02 02 00 F8 C0;HEX;
23;R;14:33:01:578;01 10 04 A5 00 01 02 00 00 FB 65;HEX;
24;R;14:33:01:875;01 10 04 A6 00 08 10 19 0E 00 00 00 00 00 00 00 00 00 00 00 00 00 00 09 08;HEX;
25;R;14:33:02:156;01 10 04 A0 00 02 04 00 01 00 00 9A D7;HEX;
26;R;14:33:02:453;01 10 04 A3 00 02 04 33 02 04 04 26 85;HEX;
27;R;14:33:02:718;01 10 04 30 00 04 08 04 06 2A 0A 02 10 22 10 19 97;HEX;
28;R;14:33:03:000;01 10 04 F0 00 03 06 03 04 7A 00 12 00 12 38;HEX;
29;R;14:33:03:296;01 10 04 B0 00 01 02 02 00 F8 C0;HEX;
30;R;14:33:03:578;01 10 04 A5 00 01 02 00 00 FB 65;HEX;
31;R;14:33:03:875;01 10 04 A6 00 08 10 19 0E 00 00 00 00 00 00 00 00 00 00 00 00 00 00 09 08;HEX;
32;R;14:33:04:156;01 10 04 A0 00 02 04 00 01 00 00 9A D7;HEX;
33;R;14:33:04:453;01 10 04 A3 00 02 04 33 02 04 04 26 85;HEX;
34;R;14:33:04:734;01 10 04 30 00 04 08 04 06 2A 0A 02 18 22 10 98 55;HEX;
35;R;14:33:05:015;01 10 04 F0 00 03 06 03 04 7A 00 12 00 12 38;HEX;
36;R;14:33:05:312;01 10 04 B0 00 01 02 02 00 F8 C0;HEX;
37;R;14:33:05:578;01 10 04 A5 00 01 02 00 00 FB 65;HEX;
38;R;14:33:05:875;01 10 04 A6 00 08 10 19 0E 00 00 00 00 00 00 00 00 00 00 00 00 00 00 09 08;HEX;
39;R;14:33:06:156;01 10 04 A0 00 02 04 00 01 00 00 9A D7;HEX;
40;R;14:33:06:453;01 10 04 A3 00 02 04 33 02 04 04 26 85;HEX;
41;R;14:33:06:734;01 10 04 30 00 04 08 04 06 2A 0A 02 18 22 10 98 55;HEX;
42;R;14:33:07:015;01 10 04 F0 00 03 06 03 04 7A 00 12 00 12 38;HEX;
43;R;14:33:07:312;01 10 04 B0 00 01 02 02 00 F8 C0;HEX;
44;R;14:33:07:593;01 10 04 A5 00 01 02 00 00 FB 65;HEX;
45;R;14:33:07:890;01 10 04 A6 00 08 10 19 0E 00 00 00 00 00 00 00 00 00 00 00 00 00 00 09 08;HEX;
46;R;14:33:08:171;01 10 04 A0 00 02 04 00 01 00 00 9A D7;HEX;
47;R;14:33:08:468;01 10 04 A3 00 02 04 33 02 04 04 26 85;HEX;
48;R;14:33:08:734;01 10 04 30 00 04 08 04 06 2A 0A 02 18 22 10 98 55;HEX;
49;R;14:33:09:015;01 10 04 F0 00 03 06 03 04 7A 00 12 00 12 38;HEX;
50;R;14:33:09:312;01 10 04 B0 00 01 02 02 00 F8 C0;HEX;
51;R;14:33:09:593;01 10 04 A5 00 01 02 00 00 FB 65;HEX;
52;R;14:33:09:890;01 10 04 A6 00 08 10 19 0E 00 00 00 00 00 00 00 00 00 00 00 00 00 00 09 08;HEX;
53;R;14:33:10:171;01 10 04 A0 00 02 04 00 01 00 00 9A D7;HEX;
54;R;14:33:10:453;01 10 04 A3 00 02 04 33 02 04 04 26 85;HEX;
55;R;14:33:10:750;01 10 04 30 00 04 08 04 06 2A 0A 02 18 22 10 98 55;HEX;
56;R;14:33:11:031;01 10 04 F0 00 05 0A 03 08 59 00 12 00 7A 00 12 00 B1 58;HEX;
57;R;14:33:11:328;01 10 04 B0 00 01 02 02 00 F8 C0;HEX;
58;R;14:33:11:609;01 10 04 A5 00 01 02 00 00 FB 65;HEX;
59;R;14:33:11:890;01 10 04 A6 00 08 10 19 0E 00 00 00 00 00 00 00 00 00 00 00 00 00 00 09 08;HEX;
60;R;14:33:12:187;01 10 04 A0 00 02 04 00 01 00 00 9A D7;HEX;
61;R;14:33:12:453;01 10;HEX;
62;R;14:33:12:484;04 A3 00 02 04 33 02 04 05 E7 45;HEX;
63;R;14:33:12:750;01 10 04 30 00 04 08 04 06 2A 0A 02 18 22 10 98 55;HEX;
64;R;14:33:13:031;01 10 04 F0 00 07 0E 03 0C 15 00 16 00 59 00 12 00 7A 00 12 00 2A 46;HEX;
65;R;14:33:13:328;01 10 04 B0 00 01 02 02 00 F8 C0;HEX;
66;R;14:33:13:609;01 10 04 A5 00 01 02 00 00 FB 65;HEX;
67;R;14:33:13:906;01 10 04 A6 00 08 10 19 0E 00 00 00 00 00 00 00 00 00 00 00 00 00 00 09 08;HEX;
68;R;14:33:14:187;01 10 04 A0 00 02 04 00 01 00 00 9A D7;HEX;
69;R;14:33:14:484;01 10 04 A3 00 02 04 33 02 04 05 E7 45;HEX;
70;R;14:33:14:765;01 10 04 30 00 04 08 04 06 2A 0A 02 18 22 10 98 55;HEX;
71;R;14:33:15:046;01 10 04 F0 00 07 0E 03 0C 15 00 16 00 59 00 12 00 7A 00 12 00 2A 46;HEX;
72;R;14:33:15:343;01 10 04 B0 00 01 02 02 00 F8 C0;HEX;
73;R;14:33:15:625;01 10 04 A5 00 01 02 00 00 FB 65;HEX;
74;R;14:33:15:921;01 10 04 A6 00 08 10 19 0E 00 00 00 00 00 00 00 00 00 00 00 00 00 00 09 08;HEX;
75;R;14:33:16:203;01 10 04 A0 00 02 04 00 01 00 00 9A D7;HEX;
76;R;14:33:16:484;01 10 04 A3 00 02 04 33 02 04 05 E7 45;HEX;
77;R;14:33:16:781;01 10 04 30 00 04 08 04 06 2A 0A 02 18 22 10 98 55;HEX;
78;R;14:33:17:062;01 10 04 F0 00 07 0E 03 0C 15 00 16 00 59 00 12 00 7A 00 12 00 2A 46;HEX;
79;R;14:33:17:359;01 10 04 B0 00 01 02 02 00 F8 C0;HEX;
80;R;14:33:17:625;01 10 04 A5 00 01 02 00 00 FB 65;HEX;
81;R;14:33:17:921;01 10 04 A6 00 08 10 19 0E 00 00 00 00 00 00 00 00 00 00 00 00 00 00 09 08;HEX;
82;R;14:33:18:203;01 10 04 A0 00 02 04 00 01 00 00 9A D7;HEX;
83;R;14:33:18:484;01 10 04 A3 00 02 04 33 02 04 05 E7 45;HEX;
84;R;14:33:18:781;01 10 04 30 00 04 08 04 06 2A 0A 02 98 22 10 99 BD;HEX;
85;R;14:33:19:062;01 10 04 F0 00 07 0E 03 0C 15 00 16 00 59 00 12 00 7A 00 12 00 2A 46;HEX;
86;R;14:33:19:359;01 10 04 B0 00 01 02 02 00 F8 C0;HEX;
87;R;14:33:19:640;01 10 04 A5 00 01 02 00 00 FB 65;HEX;
88;R;14:33:19:937;01 10 04 A6 00 08 10 19 0E 00 00 00 00 00 00 00 00 00 00 00 00 00 00 09 08;HEX;
89;R;14:33:20:218;01 10 04 A0 00 02 04 00 01 00 00 9A D7;HEX;
90;R;14:33:20:500;01 10 04 A3 00 02 04 33 02 04 05 E7 45;HEX;
91;R;14:33:20:796;01 10 04 30 00 04 08 04 06 2A 0A 02 98 22 10 99 BD;HEX;
92;R;14:33:21:078;01 10 04 F0 00 07 0E 03 0C 15 00 16 00 59 00 12 00 7A 00 12 00 2A 46;HEX;
93;R;14:33:21:375;01 10 04 B0 00 01 02 02 00 F8 C0;HEX;
94;R;14:33:21:656;01 10 04 A5 00 01 02 00 00 FB 65;HEX;
95;R;14:33:21:937;01 10 04 A6 00 08 10 19 0E 00 00 00 00 00 00 00 00 00 00 00 00 00 00 09 08;HEX;
96;R;14:33:22:234;01 10 04 A0 00 02 04 00 01 00 00 9A D7;HEX;
97;R;14:33:26:671;01 10 04 A3 00 02 04 33 02 00 00 25 86;HEX;
98;R;14:33:26:953;01 10 04 30 00 01 02 04 00 E4 A0;HEX;
99;R;14:33:27:234;01 10 04 F0 00 01 02 03 00 F7 90;HEX;
100;R;14:33:27:531;01 10 04 B0 00 01 02 02 00 F8 C0;HEX;
101;R;14:33:27:812;01 10 04 A5 00 01 02 00 00 FB 65;HEX;
102;R;14:33:28:093;01 10 04 A6 00 08 10 19 0E 00 00 00 00 00 00 00 00 00 00 00 00 00 00 09 08;HEX;
103;R;14:33:28:390;01 10 04 A0 00 02 04 77 01 00 00 81 63;HEX;
104;R;14:33:28:671;01 10 04 A3 00 02 04 33 02 00 00 25 86;HEX;
105;R;14:33:28:953;01 10 04 30 00 01 02 04 00 E4 A0;HEX;
106;R;14:33:29:234;01 10 04 F0 00 01 02 03 00 F7 90;HEX;
107;R;14:33:29:531;01 10 04 B0 00 01 02 02 00 F8 C0;HEX;
108;R;14:33:29:812;01 10 04 A5 00 01 02 00 00 FB 65;HEX;
109;R;14:33:30:093;01 10 04 A6 00 08 10 19 0E 00 00 00 00 00 00 00 00 00 00 00 00 00 00 09 08;HEX;
110;R;14:33:30:390;01 10 04 A0 00 02 04 77 01 00 00 81 63;HEX;
111;R;14:33:30:671;01 10 04 A3 00 02 04 33 02 00 00 25 86;HEX;
112;R;14:33:30:953;01 10 04 30 00 04 08 04 06 00 00 00 00 00 00 9F 4D;HEX;
113;R;14:33:31:234;01 10 04 F0 00 01 02 03 00;HEX;
114;R;14:33:31:265;F7 90;HEX;
115;R;14:33:31:531;01 10 04 B0 00 01 02 02 00 F8 C0;HEX;
116;R;14:33:31:812;01 10 04 A5 00 01 02 00 00 FB 65;HEX;
117;R;14:33:32:093;01 10 04 A6 00 08 10 19 0E 00 00 00 00 00 00 00 00 00 00 00 00 00 00 09 08;HEX;
118;R;14:33:32:390;01 10 04 A0 00 02 04 77 01 00 00 81 63;HEX;
119;R;14:33:32:687;01 10 04 A3 00 02 04 33 02 00 00 25 86;HEX;
120;R;14:33:32:953;01 10 04 30 00 04 08 04 06 00 00 00 00 00 00 9F 4D;HEX;
121;R;14:33:33:234;01 10 04 F0 00 01 02 03 00 F7 90;HEX;
122;R;14:33:33:531;01 10 04 B0 00 01 02 02 00 F8 C0;HEX;
123;R;14:33:33:812;01 10 04 A5 00 01 02 00 00 FB 65;HEX;
124;R;14:33:34:109;01 10 04 A6 00 08 10 19 0E 00 00 00 00 00 00 00 00 00 00 00 00 00 00 09 08;HEX;
125;R;14:33:34:390;01 10 04 A0 00 02 04 77 01 00 00 81 63;HEX;
126;R;14:33:34:687;01 10 04 A3 00 02 04 33 02 00 00 25 86;HEX;
127;R;14:33:34:968;01 10 04 30 00 04 08 04 06 00 00 00 00 00 00 9F 4D;HEX;
128;R;14:33:35:250;01 10 04 F0 00 01 02 03 00 F7 90;HEX;
129;R;14:33:35:531;01 10 04 B0 00 01 02 02 00 F8 C0;HEX;
130;R;14:33:35:812;01 10 04 A5 00 01 02 00 00 FB 65;HEX;
131;R;14:33:36:109;01 10 04 A6 00 08 10 19 0E 00 00 00 00 00 00 00 00 00 00 00 00 00 00 09 08;HEX;
132;R;14:33:36:390;01 10 04 A0 00 02 04 77 01 00 00 81 63;HEX;
133;R;14:33:36:687;01 10 04 A3 00 02 04 33 02 00 00 25 86;HEX;
134;R;14:33:36:968;01 10 04 30 00 04 08 04 06 00 00 00 00 00 00 9F 4D;HEX;
135;R;14:33:37:250;01 10 04 F0 00 01 02 03 00 F7 90;HEX;
136;R;14:33:37:546;01 10 04 B0 00 01 02 02 00 F8 C0;HEX;
137;R;14:33:37:812;01 10 04 A5 00 01 02 00 00 FB 65;HEX;
