#;Тип операции;Время;Сообщение;Вид представления;
0;R;20:52:21:234;01 10 0A 06 00 08 10 19 0E 00 D2 00 00 00 00 00 00 00 00 00 00 00 00 46 4C;HEX;
1;R;20:52:21:531;01 10 0A 00 00 02 04 77 01 00 00 C7 7B;HEX;
2;R;20:52:21:812;01 10 0A 05 00 01 02 00 00 0C 05;HEX;
3;R;20:52:22:109;01 10 0A FA 00 03 06 14 04 00 00 00 00 10 6F;HEX;
4;R;20:52:22:390;01 10 0A A0 00 22 44 13 42 01 00 00 00 00 00 02 00 00 00 00 00 03 00 00 00 00 00 04 00 00 00 00 00 05 00 00 00 00 00 06 00 00 00 00 00 07 00 00 00 00 00 08 00 00 00 00 00 09 00 00 00 00 00 0A 00 00 00 00 00 0B 00 00 00 00 00 2D 3D;HEX;
5;R;20:52:22:718;01 10 0A 06 00 08 10 19 0E 00 D2 00 00 00 00 00 00 00 00 00 00 00 00 46 4C;HEX;
6;R;20:52:23:000;01 10 0A 00 00 02 04 77 01 00 00 C7 7B;HEX;
7;R;20:52:23:296;01 10 0A 05 00 01 02 00 00 0C 05;HEX;
8;R;20:52:23:578;01 10 0A FA 00 03 06 14 04 00 00 00 00 10 6F;HEX;
9;R;20:52:23:859;01 10 0A A0 00 22 44 13 42 01 00 00 00 00 00 02 00 00 00 00 00 03 00 00 00 00 00 04 00 00 00 00 00 05 00 00 00 00 00 06 00 00 00 00 00 07 00 00 00 00 00 08 00 00 00 00 00 09 00 00 00 00 00 0A 00 00 00 00 00 0B 00 00 00 00 00 2D 3D;HEX;
10;R;20:52:24:187;01 10 0A 06 00 08 10 19 0E 00 D6 00 00 00 00 00 00 00 00 00 00 00 00 48 C8;HEX;
11;R;20:52:24:468;01 10 0A 00 00 02 04 77 01 00 00 C7 7B;HEX;
12;R;20:52:24:765;01 10 0A 05 00 01 02 00 00 0C 05;HEX;
13;R;20:52:25:046;01 10 0A FA 00 03 06 14 04 00 00 00 00 10 6F;HEX;
14;R;20:52:25:343;01 10 0A A0 00 22 44 13 42 01 00 00 00 00 00 02 00 00 00 00 00 03 00 00 00 00 00 04 00 00 00 00 00 05 00 00 00 00 00 06 00 00 00 00 00 07 00 00 00 00 00 08 00 00 00 00 00 09 00 00 00 00 00 0A 00 00 00 00 00 0B 00 00 00 00 00 2D 3D;HEX;
15;R;20:52:25:656;01 10 0A 06 00 08 10 19 0E 00 D6 00 00 00 00 00 00 00 00 00 00 00 00 48 C8;HEX;
16;R;20:52:25:937;01 10 0A 00 00 02 04 77 01 00 00 C7 7B;HEX;
17;R;20:52:26:234;01 10 0A 05 00 01 02 00 00 0C 05;HEX;
18;R;20:52:26:515;01 10 0A FA 00 03 06 14 04 00 00 00 00 10 6F;HEX;
19;R;20:52:26:812;01 10 0A A0 00 22 44 13 42 01 00 00 00 00 00 02 00 00 00 00 00 03 00 00 00 00 00 04 00 00 00 00 00 05 00 00 00 00 00 06 00 00 00 00 00 07 00 00 00 00 00 08 00 00 00 00 00 09 00 00 00 00 00 0A 00 00 00 00 00 0B 00 00 00 00 00 2D 3D;HEX;
20;R;20:52:27:125;01 10 0A 06 00 08 10 19 0E 00 D6 00 00 00 02 00 00 00 00 00 00 00 00 51 A8;HEX;
21;R;20:52:27:421;01 10 0A 00 00 02 04 77 01 00 00 C7 7B;HEX;
22;R;20:52:27:703;01 10 0A 05 00 01 02 00 00 0C 05;HEX;
23;R;20:52:28:000;01 10 0A FA 00 03 06 14 04 00 00 00 00 10 6F;HEX;
24;R;20:52:28:281;01 10 0A A0 00 22 44 13 42 01 00 00 00 00 00 02 00 00 00 00 00 03 00 00 00 00 00 04 00 00 00 00 00 05 00 00 00 00 00 06 00 00 00 00 00 07 00 00 00 00 00 08 00 00 00 00 00 09 00 00 00 00 00 0A 00 00 00 00 00 0B 00 00 00 00 00 2D 3D;HEX;
25;R;20:52:28:593;01 10 0A 06 00 08 10 19 0E 00 D6 00 00 00 02 00 00 00 00 00 00 00 00 51 A8;HEX;
26;R;20:52:28:890;01 10 0A 00 00 02 04 00 01 00 00 DC CF;HEX;
27;R;20:52:29:171;01 10 0A 05 00 01 02 00 00 0C 05;HEX;
28;R;20:52:29:468;01 10 0A FA 00 03 06 14 04 00 00 00 00 10 6F;HEX;
29;R;20:52:29:750;01 10 0A A0 00 22 44 13 42 01 00 00 00 00 00 02 00 00 00 00 00 03 00 00 00 00 00 04 00 00 00 00 00 05 00 00 00 00 00 06 00 00 00 00 00 07 00 00 00 00 00 08 00 00 00 00 00 09 00 00 00 00 00 0A 00 00 00 00 00 0B 00 00 00 00 00 2D 3D;HEX;
30;R;20:52:30:078;01 10 0A 06 00 08 10 19 0E 00 D6 00 10 00 02 00 00 00 00 00 00 00 00 05 68;HEX;
31;R;20:52:30:359;01 10 0A 00 00 02 04 00 01 00 00 DC CF;HEX;
32;R;20:52:30:640;01 10 0A 05 00 01 02 00 00 0C 05;HEX;
33;R;20:52:30:937;01 10 0A FA 00 03 06 14 04 00 00 00 00 10 6F;HEX;
34;R;20:52:31:203;01 10 0A A0 00 22 44 13 42 01 00 00 00 00 00 02 00 00 00 00 00 03 00 00 00 00 00 04 00 00 00 00 00 05 00 00 00 00 00 06 00 00 00 00 00 07 00 00 00 00 00 08 00 00 00 00 00 09 00 00 00 00 00 0A 00 00 00 00 00 0B 00 00 00 00 00 2D 3D;HEX;
35;R;20:52:31:546;01 10 0A 06 00 08 10 19 0E 00 D6 00 10 00 02 00 00 00 00 00 00 00 00 05 68;HEX;
36;R;20:52:31:828;01 10 0A 00 00 02 04 00 01 00 00 DC CF;HEX;
37;R;20:52:32:125;01 10 0A 05 00 01 02 00 00 0C 05;HEX;
38;R;20:52:32:390;01 10 0A FA 00 03 06 14 04 00 00 00 00 10 6F;HEX;
39;R;20:52:32:687;01 10 0A A0 00 22 44 13 42 01 00 00 00 00 00 02 00 00 00 00 00 03 00 00 00 00 00 04 00 00 00 00 00 05 00 00 00 00 00 06 00 00 00 00 00 07 00 00 00 00 00 08 00 00 00 00 00 09 00 00 00 00 00 0A 00 00 00 00 00 0B 00 00 00 00 00 2D 3D;HEX;
40;R;20:52:33:015;01 10 0A 06 00 08 10 19 0E 00 D6 00 11 00 02 00 00 00 00 00 00 00 00 01 94;HEX;
41;R;20:52:33:296;01 10 0A 00 00 02 04 00 01 00 00 DC CF;HEX;
42;R;20:52:33:593;01 10 0A 05 00 01 02 00 00 0C 05;HEX;
43;R;20:52:33:859;01 10 0A FA 00 03 06 14 04 00 00 00 00 10 6F;HEX;
44;R;20:52:34:156;01 10 0A A0 00 22 44 13 42 01 00 00 00 00 00 02 00 00 00 00 00 03 00 00 00 00 00 04 00 00 00 00 00 05 00 00 00 00 00 06 00 00 00 00 00 07 00 00 00 00 00 08 00 00 00 00 00 09 00 00 00 00 00 0A 00 00 00 00 00 0B 00 00 00 00 00 2D 3D;HEX;
45;R;20:52:34:468;01 10 0A 06 00 08 10 19 0E 00 D6 00 11 00 02 00 00 00 00 00 00 00 00 01 94;HEX;
46;R;20:52:34:781;01 10 0A 00 00 02 04 00 01 00 00 DC CF;HEX;
47;R;20:52:35:062;01 10 0A 05 00 01 02 00 00 0C 05;HEX;
48;R;20:52:35:343;01 10 0A FA 00 03 06 14 04 00 00 00 00 10 6F;HEX;
49;R;20:52:35:625;01 10 0A A0 00 22 44 13 42 01 00 00 00 00 00 02 00 00 00 00 00 03 00 00 00 00 00 04 00 00 00 00 00 05 00 00 00 00 00 06 00 00 00 00 00 07 00 00 00 00 00 08 00 00 00 00 00 09 00 00 00 00 00 0A 00 00 00 00 00 0B 00 00 00 00 00 2D 3D;HEX;
50;R;20:52:35:937;01 10 0A 06 00 08 10 19 0E 00 D6 00 13 00 02 00 00 00 00 00 00 00 00 0A 2C;HEX;
51;R;20:52:36:250;01 10 0A 00 00 02 04 00 01 00 00 DC CF;HEX;
52;R;20:52:36:531;01 10 0A 05 00 01 02 00 00 0C 05;HEX;
53;R;20:52:36:812;01 10 0A FA 00 03 06 14 04 00 00 00 00 10 6F;HEX;
54;R;20:52:37:093;01 10 0A A0 00 22 44 13 42 01 00 00 00 00 00 02 00 00 00 00 00 03 00 00 00 00 00 04 00 00 00 00 00 05 00 00 00 00 00 06 00 00 00 00 00 07 00 00 00 00 00 08 00 00 00 00 00 09 00 00 00 00 00 0A 00 00 00 00 00 0B 00 00 00 00 00 2D 3D;HEX;
55;R;20:52:37:421;01 10 0A 06 00 08 10 19 0E 00 D6 00 13 00 02 00 00 00 00 00 00 00 00 0A 2C;HEX;
56;R;20:52:37:718;01 10 0A 00 00 02 04 00 01 00 00 DC CF;HEX;
57;R;20:52:37:984;01 10 0A 05 00 01 02 00 00 0C 05;HEX;
