#;Тип операции;Время;Сообщение;Вид представления;
0;R;11:08:03:953;01 10 0A A0 00 22 44 13 42 01 10 02 80 00 00 02 10 02 80 00 00 03 10 02 80 00 00 04 10 02 80 00 00 05 10 02 80 00 00 06 10 02 80 00 00 07 10 02 80 00 00 08 10 02 80 00 00 09 10 02 80 00 00 0A 10 02 80 00 00 0B 10 02 80 00 00 DC 94;HEX;
1;R;11:08:04:265;01 10 0A 06 00 08 10 19 0E C1 29 38 E0 A0 08 00 00 00 00 00 00 00 00 4B 29;HEX;
2;R;11:08:04:562;01 10 0A 00 00 02 04 00 01 00 00 DC CF;HEX;
3;R;11:08:04:843;01 10 0A 05 00 01 02 00 00 0C 05;HEX;
4;R;11:08:05:125;01 10 0A FA 00 03 06 14 04 00 00 00 00 10 6F;HEX;
5;R;11:08:05:421;01 10 0A A0 00 22 44 13 42 01 10 02 80 00 00 02 10 02 80 00 00 03 10 02 80 00 00 04 10 02 80 00 00 05 10 02 80 00 00 06 10 02 80 00 00 07 10 02 80 00 00 08 10 02 80 00 00 09 10 02 80 00 00 0A 10 02 80 00 00 0B 10 02 80 00 00 DC 94;HEX;
6;R;11:08:05:734;01 10 0A 06 00 08 10 19 0E C1 29 38 E0 A0 08 00 00 00 00 00 00 00 00 4B 29;HEX;
7;R;11:08:06:031;01 10 0A 00 00 02 04 00 01 00 00 DC CF;HEX;
8;R;11:08:06:312;01 10 0A 05 00 01 02 00 00 0C 05;HEX;
9;R;11:08:06:609;01 10 0A FA 00 03 06 14 04 00 00 00 00 10 6F;HEX;
10;R;11:08:06:890;01 10 0A A0 00 22 44 13 42 01 10 02 80 00 00 02 10 02 80 00 00 03 10 02 80 00 00 04 10 02 80 00 00 05 10 02 80 00 00 06 10 02 80 00 00 07 10 02 80 00 00 08 10 02 80 00 00 09 10 02 80 00 00 0A 10 02 80 00 00 0B 10 02 80 00 00 DC 94;HEX;
11;R;11:08:07:218;01 10 0A 06 00 08 10 19 0E C1 29 38 E0 A0 08 00 00 00 00 00 00 00 00 4B 29;HEX;
12;R;11:08:07:500;01 10 0A 00 00 02 04 00 01 00 00 DC CF;HEX;
13;R;11:08:07:781;01 10 0A 05 00 01 02 00 00 0C 05;HEX;
14;R;11:08:08:078;01 10 0A FA 00 03 06 14 04 00 00 00 00 10 6F;HEX;
15;R;11:08:08:359;01 10 0A A0 00 22 44 13 42 01 10 02 80 00 00 02 10 02 80 00 00 03 10 02 80 00 00 04 10 02 80 00 00 05 10 02 80 00 00 06 10 02 80 00 00 07 10 02 80 00 00 08 10 02 80 00 00 09 10 02 80 00 00 0A 10 02 80 00 00 0B 10 02 80 00 00 DC 94;HEX;
16;R;11:08:08:687;01 10 0A 06 00 08 10 19 0E C1 29 38 E0 A0 08 00 00 00 00 00 00 00 00 4B 29;HEX;
17;R;11:08:08:968;01 10 0A 00 00 02 04 00 01 00 00 DC CF;HEX;
18;R;11:08:09:265;01 10 0A 05 00 01 02 00 00 0C 05;HEX;
19;R;11:08:09:546;01 10 0A FA 00 03 06 14 04 00 00 00 00 10 6F;HEX;
20;R;11:08:09:812;01 10 0A A0 00 22 44 13 42 01 10 02 80 00 00 02 10 02 80 00 00 03 10 02 80 00 00 04 10;HEX;
21;R;11:08:09:859;02 80 00 00 05 10 02 80 00 00 06 10 02 80 00 00 07 10 02 80 00 00 08 10 02 80 00 00 09 10 02 80 00 00 0A 10 02 80 00 00 0B 10 02 80 00 00 DC 94;HEX;
22;R;11:08:10:156;01 10 0A 06 00 08 10 19 0E C1 29 38 E0 A0 08 00 00 00 00 00 00 00 00 4B 29;HEX;
23;R;11:08:10:437;01 10 0A 00 00 02 04 00 01 00 00 DC CF;HEX;
24;R;11:08:10:734;01 10 0A 05 00 01 02 00 00 0C 05;HEX;
25;R;11:08:11:000;01 10 0A FA 00 03 06 14 04 00 00 00 00 10 6F;HEX;
26;R;11:08:11:296;01 10 0A A0 00 22 44 13 42 01 10 02 80 00 00 02 10 02 80 00 00 03 10 02 80 00 00 04 10 02 80 00 00 05 10 02 80 00 00 06 10 02 80 00 00 07 10 02 80 00 00 08 10 02 80 00 00 09 10 02 80 00 00 0A 10 02 80 00 00 0B 10 02 80 00 00 DC 94;HEX;
27;R;11:08:11:625;01 10 0A 06 00 08 10 19 0E C1 29 38 E0 A0 08 00 00 00 00 00 00 00 00 4B 29;HEX;
28;R;11:08:11:921;01 10 0A 00 00 02 04 00 01 00 00 DC CF;HEX;
29;R;11:08:12:203;01 10 0A 05 00 01 02 00 00 0C 05;HEX;
30;R;11:08:12:468;01 10 0A FA 00 03 06 14 04 00 00 00 00 10 6F;HEX;
31;R;11:08:12:765;01 10 0A A0 00 22 44 13 42 01 10 02 80 00 00 02 10 02 80 00 00 03 10 02 80 00 00 04 10 02 80 00 00 05 10 02 80 00 00 06 10 02 80 00 00 07 10 02 80 00 00 08 10 02 80 00 00 09 10 02 80 00 00 0A 10 02 80 00 00 0B 10 02 80 00 00 DC 94;HEX;
32;R;11:08:13:078;01 10 0A 06 00 08 10 19 0E C1 29 38 E0 A0 08 00 00 00 00 00 00 00 00 4B 29;HEX;
33;R;11:08:13:390;01 10 0A 00 00 02 04 00 01 00 00 DC CF;HEX;
34;R;11:08:13:671;01 10 0A 05 00 01 02 00 00 0C 05;HEX;
35;R;11:08:13:953;01 10 0A FA 00 03 06 14 04 00 00 00 00 10 6F;HEX;
36;R;11:08:14:234;01 10 0A A0 00 22 44 13 42 01 10 02 80 00 00 02 10 02 80 00 00 03 10 02 80 00 00 04 10 02 80 00 00 05 10 02 80 00 00 06 10 02 80 00 00 07 10 02 80 00 00 08 10 02 80 00 00 09 10 02 80 00 00 0A 10 02 80 00 00 0B 10 02 80 00 00 DC 94;HEX;
37;R;11:08:14:562;01 10 0A 06 00 08 10 19 0E C1 29 38 E0 A0 08 00 00 00 00 00 00 00 00 4B 29;HEX;
38;R;11:08:14:859;01 10 0A 00 00 02 04 00 01 00 00 DC CF;HEX;
39;R;11:08:15:140;01 10 0A 05 00 01 02 00 00 0C 05;HEX;
40;R;11:08:15:421;01 10 0A FA 00 03 06 14 04 00 00 00 00 10 6F;HEX;
41;R;11:08:15:703;01 10 0A A0 00 22 44 13 42 01 10 02 80 00 00 02 10 02 80 00 00 03 10 02 80 00 00 04 10 02 80 00 00 05 10 02 80 00 00 06 10 02 80 00 00 07 10 02 80 00 00 08 10 02 80 00 00 09 10 02 80 00 00 0A 10 02 80 00 00 0B 10 02 80 00 00 DC 94;HEX;
42;R;11:08:16:031;01 10 0A 06 00 08 10 19 0E C1 29 38 E0 A0 08 00 00 00 00 00 00 00 00 4B 29;HEX;
43;R;11:08:16:328;01 10 0A 00 00 02 04 00 01 00 00 DC CF;HEX;
44;R;11:08:16:609;01 10 0A 05 00 01 02 00 00 0C 05;HEX;
45;R;11:08:16:890;01 10 0A FA 00 03 06 14 04 00 00 00 00 10 6F;HEX;
46;R;11:08:17:171;01 10 0A A0 00 22 44 13 42 01 10 02 80 00 00 02 10 02 80 00 00 03 10 02 80 00 00 04 10 02 80 00 00 05 10 02 80 00 00 06;HEX;
47;R;11:08:17:218;10 02 80 00 00 07 10 02 80 00 00 08 10 02 80 00 00 09 10 02 80 00 00 0A 10 02 80 00 00 0B 10 02 80 00 00 DC 94;HEX;
48;R;11:08:17:500;01 10 0A 06 00 08 10 19 0E C1 29 38 E0 A0 08 00 00 00 00 00 00 00 00 4B 29;HEX;
49;R;11:08:17:781;01 10 0A 00 00 02 04 00 01 00 00 DC CF;HEX;
50;R;11:08:18:078;01 10 0A 05 00 01 02 00 00 0C 05;HEX;
51;R;11:08:18:359;01 10 0A FA 00 03 06 14 04 00 00 00 00 10 6F;HEX;
52;R;11:08:18:656;01 10 0A A0 00 22 44 13 42 01 10 02 80 00 00 02 10 02 80 00 00 03 10 02 80 00 00 04 10 02 80 00 00 05 10 02 80 00 00 06 10 02 80 00 00 07 10 02 80 00 00 08 10 02 80 00 00 09 10 02 80 00 00 0A 10 02 80 00 00 0B 10 02 80 00 00 DC 94;HEX;
53;R;11:08:18:968;01 10 0A 06 00 08 10 19 0E C1 29 38 E0 A0 08 00 00 00 00 00 00 00 00 4B 29;HEX;
54;R;11:08:19:265;01 10 0A 00 00 02 04 00 01 00 00 DC CF;HEX;
55;R;11:08:19:546;01 10 0A 05 00 01 02 00 00 0C 05;HEX;
56;R;11:08:19:828;01 10 0A FA 00 03 06 14 04 00 00 00 00 10 6F;HEX;
57;R;11:08:20:125;01 10 0A A0 00 22 44 13 42 01 10 02 80 00 00 02 10 02 80 00 00 03 10 02 80 00 00 04 10 02 80 00 00 05 10 02 80 00 00 06 10 02 80 00 00 07 10 02 80 00 00 08 10 02 80 00 00 09 10 02 80 00 00 0A 10 02 80 00 00 0B 10 02 80 00 00 DC 94;HEX;
58;R;11:08:20:437;01 10 0A 06 00 08 10 19 0E C1 29 38 E0 A0 08 00 00 00 00 00 00 00 00 4B 29;HEX;
59;R;11:08:20:734;01 10 0A 00 00 02 04 00 01 00 00 DC CF;HEX;
60;R;11:08:21:015;01 10 0A 05 00 01 02 00 00 0C 05;HEX;
61;R;11:08:21:312;01 10 0A FA 00 03 06 14 04 00 00 00 00 10 6F;HEX;
62;R;11:08:21:593;01 10 0A A0 00 22 44 13 42 01 10 02 80 00 00 02 10 02 80 00 00 03 10 02 80 00 00 04 10 02 80 00 00 05 10 02 80 00 00 06 10 02 80 00 00 07 10 02 80 00 00 08 10 02 80 00 00 09 10 02 80 00 00 0A 10 02 80 00 00 0B 10 02 80 00 00 DC 94;HEX;
63;R;11:08:21:921;01 10 0A 06 00 08 10 19 0E C1 29 38 E0 A0 08 00 00 00 00 00 00 00 00 4B 29;HEX;
