#;Тип операции;Время;Сообщение;Вид представления;
0;R;17:21:14:468;01 10 04 05 00 01 02 00 00 E3 C5;HEX;
1;R;17:21:14:750;01 10 04 06 00 08 10 19 0E 1F 00 00 00 00 00 00 00 00 00 00 00 00 00 8F 6E;HEX;
2;R;17:21:15:046;01 10 04 00 00 02 04 00 01 00 00 90 AF;HEX;
3;R;17:21:15:328;01 10 04 03 00 02 04 33 02 04 14 2D 31;HEX;
4;R;17:21:15:625;01 10 04 90 00 04 08 04 06 2A 22 02 18 20 10 7A F2;HEX;
5;R;17:21:15:906;01 10 04 50 00 05 0A 03 08 59 00 12 00 7A 00 12 00 11 F8;HEX;
6;R;17:21:16:203;01 10 04 10 00 07 0E 02 0C 56 01 0C 00 57 01 0C 00 0B 01 0D 00 ED 3D;HEX;
7;R;17:21:16:484;01 10 04 05 00 01 02 00 00 E3 C5;HEX;
8;R;17:21:16:765;01 10 04 06 00 08 10 19 0E 1F 00 00 00 00 00 00 00 00 00 00 00 00 00;HEX;
9;R;17:21:16:796;8F 6E;HEX;
10;R;17:21:17:062;01 10 04 00 00 02 04 00 01 00 00 90 AF;HEX;
11;R;17:21:17:343;01 10 04 03 00 02 04 33 02 04 14 2D 31;HEX;
12;R;17:21:17:640;01 10 04 90 00 04 08 04 06 2A 22 02 18 20 10 7A F2;HEX;
13;R;17:21:17:921;01 10 04 50 00 05 0A 03 08 59 00 12 00 7A 00 12 00 11 F8;HEX;
14;R;17:21:18:218;01 10 04 10 00 07 0E 02 0C 56 01 0C 00 57 01 0C 00 0B 01 0D 00 ED 3D;HEX;
15;R;17:21:18:500;01 10 04 05 00 01 02 00 00 E3 C5;HEX;
16;R;17:21:18:781;01 10 04 06 00 08 10 19 0E 1F 00 00 00 00 00 00 00 00 00 00 00 00 00 8F 6E;HEX;
17;R;17:21:19:078;01 10 04 00 00 02 04 00 01 00 00 90 AF;HEX;
18;R;17:21:19:359;01 10 04 03 00 02 04 33 02 04 14 2D 31;HEX;
19;R;17:21:19:640;01 10 04 90 00 04 08 04 06 2A 22 02 18 20 10 7A F2;HEX;
20;R;17:21:19:921;01 10 04 50 00 05 0A 03 08 59 00 12 00 7A 00 12 00 11 F8;HEX;
21;R;17:21:20:218;01 10 04 10 00 07 0E 02 0C 56 01 0C 00 57 01 0C 00 0B 01 0D 00 ED 3D;HEX;
22;R;17:21:20:515;01 10 04 05 00 01 02 00 00 E3 C5;HEX;
23;R;17:21:20:781;01 10 04 06 00 08 10 19 0E 1F 00 00 00 00 00 00 00 00 00 00 00 00 00 8F 6E;HEX;
24;R;17:21:21:093;01 10 04 00 00 02 04 00 01 00 00 90 AF;HEX;
25;R;17:21:21:359;01 10 04 03 00 02 04 33 02 04 14 2D 31;HEX;
26;R;17:21:21:656;01 10 04 90 00 04 08 04 06 2A 22 02 18 20 10 7A F2;HEX;
27;R;17:21:21:937;01 10 04 50 00 05 0A 03 08 59 00 12 00 7A 00 12 00 11 F8;HEX;
28;R;17:21:22:234;01 10 04 10 00 07 0E 02 0C 56 01 0C 00 57 01 0C 00 0B 01 0D 00 ED 3D;HEX;
29;R;17:21:22:515;01 10 04 05 00 01 02 00 00 E3 C5;HEX;
30;R;17:21:22:796;01 10 04 06 00 08 10 19;HEX;
31;R;17:21:22:828;0E 1F 00 00 00 00 00 00 00 00 00 00 00 00 00 8F 6E;HEX;
32;R;17:21:23:093;01 10 04 00 00 02 04 00 01 00 00 90 AF;HEX;
33;R;17:21:23:375;01 10 04 03 00 02 04 33 02 04 14 2D 31;HEX;
34;R;17:21:23:671;01 10 04 90 00 04 08 04 06 2A 22 02 18 20 10 7A F2;HEX;
35;R;17:21:23:953;01 10 04 50 00 05 0A 03 08 59 00 12 00 7A 00 12 00 11 F8;HEX;
36;R;17:21:24:250;01 10 04 10 00 07 0E 02 0C 56 01 0C 00 57 01 0C 00 0B 01 0D 00 ED 3D;HEX;
37;R;17:21:24:531;01 10 04 05 00 01 02 00 00 E3 C5;HEX;
38;R;17:21:24:812;01 10 04 06 00 08 10 19 0E 1F 00 00 00 00 00 00 00 00 00 00 00 00 00 8F 6E;HEX;
39;R;17:21:25:109;01 10 04 00 00 02 04 00 01 00 00 90 AF;HEX;
40;R;17:21:25:390;01 10 04 03 00 02 04 33 02 04 14 2D 31;HEX;
41;R;17:21:25:687;01 10 04 90 00 04 08 04 06 2A 22 02 18 20 10 7A F2;HEX;
42;R;17:21:25:968;01 10 04 50 00 05 0A 03 08 59 00 12 00 7A 00 12 00 11 F8;HEX;
43;R;17:21:26:265;01 10 04 10 00 07 0E 02 0C 56 01 0C 00 57 01 0C 00 0B 01 0D 00 ED 3D;HEX;
44;R;17:21:26:546;01 10 04 05 00 01 02 00 00 E3 C5;HEX;
45;R;17:21:26:828;01 10 04 06 00 08 10 19 0E 1F 00 00 00 00 00 00 00 00;HEX;
46;R;17:21:26:859;00 00 00 00 00 8F 6E;HEX;
47;R;17:21:27:125;01 10 04 00 00 02 04 00 01 00 00 90 AF;HEX;
48;R;17:21:27:406;01 10 04 03 00 02 04 33 02 04 14 2D 31;HEX;
49;R;17:21:27:703;01 10 04 90 00 04 08 04 06 2A 22 02 18 20 10 7A F2;HEX;
50;R;17:21:27:984;01 10 04 50 00 05 0A 03 08 59 00 12 00 7A 00 12 00 11 F8;HEX;
51;R;17:21:28:281;01 10 04 10 00 07 0E 02 0C 56 01 0C 00 57 01 0C 00 0B 01 0D 00 ED 3D;HEX;
52;R;17:21:28:562;01 10 04 05 00 01 02 00 00 E3 C5;HEX;
53;R;17:21:28:859;01 10 04 06 00 08 10 19 0E 1F 00 00 00 00 00 00 00 00 00 00 00 00 00 8F 6E;HEX;
54;R;17:21:29:140;01 10 04 00 00 02 04 00 01 00 00 90 AF;HEX;
55;R;17:21:29:421;01 10 04 03 00 02 04 33 02 04 14 2D 31;HEX;
56;R;17:21:29:718;01 10 04 90 00 04 08 04 06 2A 22 02 18 20 10 7A F2;HEX;
57;R;17:21:30:000;01 10 04 50 00 05 0A 03 08 59 00 12 00 7A 00 12 00 11 F8;HEX;
58;R;17:21:30:296;01 10 04 10 00 07 0E 02 0C 56 01 0C 00 57 01 0C 00 0B 01 0D 00 ED 3D;HEX;
59;R;17:21:30:578;01 10 04 05 00 01 02 00 00 E3 C5;HEX;
60;R;17:21:30:859;01 10 04 06 00 08 10 19 0E 1F 00 00 00 00 00 00 00 00 00 00 00 00 00 8F 6E;HEX;
61;R;17:21:31:156;01 10 04 00 00 02 04 00 01 00 00 90 AF;HEX;
62;R;17:21:31:437;01 10 04 03 00 02 04 33 02 04 14 2D 31;HEX;
63;R;17:21:31:718;01 10 04 90 00 04 08 04 06 2A 22 02 18 20 10 7A F2;HEX;
64;R;17:21:32:000;01 10 04 50 00 05 0A 03 08 59 00 12 00 7A 00 12 00 11 F8;HEX;
65;R;17:21:32:296;01 10 04 10 00 07 0E 02 0C 56 01 0C 00 57 01 0C 00 0B 01 0D 00 ED 3D;HEX;
66;R;17:21:32:593;01 10 04 05 00 01 02 00 00 E3 C5;HEX;
67;R;17:21:32:859;01 10 04 06 00 08 10 19 0E 1F 00 00 00 00 00 00 00 00 00 00 00 00 00 8F 6E;HEX;
68;R;17:21:33:171;01 10 04 00 00 02 04 00 01 00 00 90 AF;HEX;
69;R;17:21:33:437;01 10 04 03 00 02 04 33 02 04 14 2D 31;HEX;
70;R;17:21:33:734;01 10 04 90 00 04 08 04 06 2A 22 02 18 20 10 7A F2;HEX;
71;R;17:21:34:015;01 10 04 50 00 05 0A 03 08 59 00 12 00 7A 00 12 00 11 F8;HEX;
72;R;17:21:34:312;01 10 04 10 00 07 0E 02 0C 56 01 0C 00 57 01 0C 00 0B 01 0D 00 ED 3D;HEX;
73;R;17:21:34:593;01 10 04 05 00 01 02 00 00 E3 C5;HEX;
74;R;17:21:34:890;01 10 04 06 00 08 10 19 0E 1F 00 00 00 00 00 00 00 00 00 00 00 00 00 8F 6E;HEX;
75;R;17:21:35:171;01 10 04 00 00 02 04 00 01 00 00 90 AF;HEX;
76;R;17:21:35:453;01 10 04 03 00 02 04 33 02 04 14 2D 31;HEX;
77;R;17:21:35:750;01 10 04 90 00 04 08 04 06 2A 22 02 18 20 10 7A F2;HEX;
78;R;17:21:36:031;01 10 04 50 00 05 0A 03 08 59 00 12 00 7A 00 12 00 11 F8;HEX;
79;R;17:21:36:328;01 10 04 10 00 07 0E 02 0C 56 01 0C 00 57 01 0C 00 0B 01 0D 00 ED 3D;HEX;
80;R;17:21:36:609;01 10 04 05 00 01 02 00 00 E3 C5;HEX;
81;R;17:21:36:890;01 10 04 06 00 08 10 19 0E 1F 00 00 00 00 00 00 00 00 00 00 00 00 00 8F 6E;HEX;
82;R;17:21:37:187;01 10 04 00 00 02 04 00 01 00 00 90 AF;HEX;
83;R;17:21:37:468;01 10 04 03 00 02 04 33 02 04 14 2D 31;HEX;
84;R;17:21:37:765;01 10 04 90 00 04 08 04 06 2A 22 02 18 20 10 7A F2;HEX;
85;R;17:21:38:046;01 10 04 50 00 05 0A 03 08 59 00 12 00 7A 00 12 00 11 F8;HEX;
86;R;17:21:38:343;01 10 04 10 00 07 0E 02 0C 56 01 0C 00 57 01 0C 00 0B 01 0D 00 ED 3D;HEX;
87;R;17:21:38:625;01 10 04 05 00 01 02 00 00 E3 C5;HEX;
88;R;17:21:38:906;01 10 04 06 00 08 10 19 0E 1F 00 00 00 00 00 00 00;HEX;
89;R;17:21:38:937;00 00 00 00 00 00 8F 6E;HEX;
90;R;17:21:39:203;01 10 04 00 00 02 04 00 01 00 00 90 AF;HEX;
91;R;17:21:39:484;01 10 04 03 00 02 04 33 02 04 14 2D 31;HEX;
92;R;17:21:39:781;01 10 04 90 00 04 08 04 06 2A 22 02 18 20 10 7A F2;HEX;
93;R;17:21:40:062;01 10 04 50 00 05 0A 03 08 59 00 12 00 7A 00 12 00 11 F8;HEX;
94;R;17:21:40:359;01 10 04 10 00 07 0E 02 0C 56 01 0C 00 57 01 0C 00 0B 01 0D 00 ED 3D;HEX;
95;R;17:21:40:640;01 10 04 05 00 01 02 00 00 E3 C5;HEX;
96;R;17:21:40:937;01 10 04 06 00 08 10 19 0E 1F 00 00 00 00 00 00 00 00 00 00 00 00 00 8F 6E;HEX;
97;R;17:21:41:218;01 10 04 00 00 02 04 00 01 00 00 90 AF;HEX;
98;R;17:21:41:500;01 10 04 03 00 02 04 33 02 04 14 2D 31;HEX;
99;R;17:21:41:796;01 10 04 90 00 04 08 04 06 2A 22 02 18 20 10 7A F2;HEX;
100;R;17:21:42:078;01 10 04 50 00 05 0A 03 08 59 00 12 00 7A 00 12 00 11 F8;HEX;
101;R;17:21:42:375;01 10 04 10 00 07 0E 02 0C 56 01 0C 00 57 01 0C 00 0B 01 0D 00 ED 3D;HEX;
102;R;17:21:42:656;01 10 04 05 00 01 02 00 00 E3 C5;HEX;
103;R;17:21:42:937;01 10 04 06 00 08 10 19 0E 1F 00 00 00 00 00 00 00 00 00 00 00 00 00;HEX;
104;R;17:21:42:968;8F 6E;HEX;
105;R;17:21:43:234;01 10 04 00 00 02 04 00 01 00 00 90 AF;HEX;
106;R;17:21:43:515;01 10 04 03 00 02 04 33 02 04 14 2D 31;HEX;
107;R;17:21:43:812;01 10 04 90 00 04 08 04 06 2A 22 02 18 20 10 7A F2;HEX;
108;R;17:21:44:093;01 10 04 50 00 05 0A 03 08 59 00 12 00 7A 00 12 00 11 F8;HEX;
109;R;17:21:44:390;01 10 04 10 00 07 0E 02 0C 56 01 0C 00 57 01 0C 00 0B 01 0D 00 ED 3D;HEX;
110;R;17:21:44:671;01 10 04 05 00 01 02 00 00 E3 C5;HEX;
111;R;17:21:44:968;01 10 04 06 00 08 10 19 0E 1F 00 00 00 00 00 00 00 00 00 00 00 00 00 8F 6E;HEX;
112;R;17:21:45:250;01 10 04 00 00 02 04 00 01 00 00 90 AF;HEX;
113;R;17:21:45:531;01 10 04 03 00 02 04 33 02 04 14 2D 31;HEX;
114;R;17:21:45:828;01 10 04 90 00 04 08 04 06 2A 22 02 18 20 10 7A F2;HEX;
115;R;17:21:46:109;01 10 04 50 00 05 0A 03 08 59 00 12 00 7A 00 12 00 11 F8;HEX;
116;R;17:21:46:406;01 10 04 10 00 07 0E 02 0C 56 01 0C 00 57 01 0C 00 0B 01 0D 00 ED 3D;HEX;
117;R;17:21:46:687;01 10 04 05 00 01 02 00 00 E3 C5;HEX;
118;R;17:21:46:968;01 10 04 06 00 08 10 19 0E 1F 00 00 00 00 00 00 00 00 00 00 00 00 00 8F 6E;HEX;
119;R;17:21:47:265;01 10 04 00 00 02 04 00 01 00 00 90 AF;HEX;
120;R;17:21:47:546;01 10 04 03 00 02 04 33 02 04 14 2D 31;HEX;
121;R;17:21:47:828;01 10 04 90 00 04 08 04 06 2A 22 02 18 20 10 7A F2;HEX;
122;R;17:21:48:109;01 10 04 50 00 05 0A 03 08 59 00 12 00 7A 00 12 00 11 F8;HEX;
123;R;17:21:48:406;01 10 04 10 00 07 0E 02 0C 56 01 0C 00 57 01 0C 00 0B 01 0D 00 ED 3D;HEX;
124;R;17:21:48:703;01 10 04 05 00 01 02 00 00 E3 C5;HEX;
125;R;17:21:48:968;01 10 04 06 00;HEX;
126;R;17:21:49:000;08 10 19 0E 1F 00 00 00 00 00 00 00 00 00 00 00 00 00 8F 6E;HEX;
127;R;17:21:49:281;01 10 04 00 00 02 04 00 01 00 00 90 AF;HEX;
128;R;17:21:49:546;01 10 04 03 00 02 04 33 02 04 14 2D 31;HEX;
129;R;17:21:49:843;01 10 04 90 00 04 08 04 06 2A 22 02 18 20 10 7A F2;HEX;
130;R;17:21:50:125;01 10 04 50 00 05 0A 03 08 59 00 12 00 7A 00 12 00 11 F8;HEX;
131;R;17:21:50:421;01 10 04 10 00 07 0E 02 0C 56 01 0C 00 57 01 0C 00 0B 01 0D 00 ED 3D;HEX;
132;R;17:21:50:703;01 10 04 05 00 01 02 00 00 E3 C5;HEX;
133;R;17:21:51:000;01 10 04 06 00 08 10 19 0E 1F 00 00 00 00 00 00 00 00 00 00 00 00 00 8F 6E;HEX;
134;R;17:21:51:281;01 10 04 00 00 02 04 00 01 00 00 90 AF;HEX;
135;R;17:21:51:562;01 10 04 03 00 02 04 33 02 04 14 2D 31;HEX;
136;R;17:21:51:859;01 10 04 90 00 04 08 04 06 2A 22 02 18 20 10 7A F2;HEX;
137;R;17:21:52:140;01 10 04 50 00 05 0A 03 08 59 00 12 00 7A 00 12 00 11 F8;HEX;
138;R;17:21:52:437;01 10 04 10 00 07 0E 02 0C 56 01 0C 00 57 01 0C 00 0B 01 0D 00 ED 3D;HEX;
139;R;17:21:52:718;01 10 04 05 00 01 02 00 00 E3 C5;HEX;
140;R;17:21:53:000;01 10 04 06 00 08 10 19 0E 1F 00 00 00 00 00 00 00 00 00 00 00 00 00 8F 6E;HEX;
141;R;17:21:53:296;01 10 04 00 00 02 04 00 01 00 00 90 AF;HEX;
142;R;17:21:53:578;01 10 04 03 00 02 04 33 02 04 14 2D 31;HEX;
143;R;17:21:53:875;01 10 04 90 00 04 08 04 06 2A 22 02 18 20 10 7A F2;HEX;
144;R;17:21:54:156;01 10 04 50 00 05 0A 03 08 59 00 12 00 7A 00 12 00 11 F8;HEX;
145;R;17:21:54:453;01 10 04 10 00 07 0E 02 0C 56 01 0C 00 57 01 0C 00 0B 01 0D 00 ED 3D;HEX;
146;R;17:21:54:734;01 10 04 05 00 01 02 00 00 E3 C5;HEX;
147;R;17:21:55:015;01 10 04 06 00 08 10 19 0E 1F 00 00 00 00 00;HEX;
148;R;17:21:55:046;00 00 00 00 00 00 00 00 8F 6E;HEX;
149;R;17:21:55:312;01 10 04 00 00 02 04 00 01 00 00 90 AF;HEX;
150;R;17:21:55:593;01 10 04 03 00 02 04 33 02 04 14 2D 31;HEX;
151;R;17:21:55:890;01 10 04 90 00 04 08 04 06 2A 22 02 18 20 10 7A F2;HEX;
152;R;17:21:56:171;01 10 04 50 00 05 0A 03 08 59 00 12 00 7A 00 12 00 11 F8;HEX;
153;R;17:21:56:468;01 10 04 10 00 07 0E 02 0C 56 01 0C 00 57 01 0C 00 0B 01 0D 00 ED 3D;HEX;
154;R;17:21:56:750;01 10 04 05 00 01 02 00 00 E3 C5;HEX;
155;R;17:21:57:046;01 10 04 06 00 08 10 19 0E 1F 00 00 00 00 00 00 00 00 00 00 00 00 00 8F 6E;HEX;
156;R;17:21:57:328;01 10 04 00 00 02 04 00 01 00 00 90 AF;HEX;
157;R;17:21:57:609;01 10 04 03 00 02 04 33 02 04 14 2D 31;HEX;
158;R;17:21:57:906;01 10 04 90 00 04 08 04 06 2A 22 02 18 20 10 7A F2;HEX;
159;R;17:21:58:187;01 10 04 50 00 05 0A 03 08 59 00 12 00 7A 00 12 00 11 F8;HEX;
160;R;17:21:58:484;01 10 04 10 00 07 0E 02 0C 56 01 0C 00 57 01 0C 00 0B 01 0D 00 ED 3D;HEX;
161;R;17:21:58:765;01 10 04 05 00 01 02 00 00 E3 C5;HEX;
162;R;17:21:59:046;01 10 04 06 00 08 10 19 0E 1F 00 00 00 00 00 00 00 00 00 00 00 00 00 8F 6E;HEX;
163;R;17:21:59:343;01 10 04 00 00 02 04 00 01 00 00 90 AF;HEX;
164;R;17:21:59:625;01 10 04 03 00 02 04 33 02 04 14 2D 31;HEX;
165;R;17:21:59:921;01 10 04 90 00 04 08 04 06 2A 22 02 18 20 10 7A F2;HEX;
166;R;17:22:00:203;01 10 04 50 00 05 0A 03 08 59 00 12 00 7A 00 12 00 11 F8;HEX;
167;R;17:22:00:500;01 10 04 10 00 07 0E 02 0C 56 01 0C 00 57 01 0C 00 0B 01 0D 00 ED 3D;HEX;
168;R;17:22:00:781;01 10 04 05 00 01 02 00 00 E3 C5;HEX;
169;R;17:22:01:046;01 10;HEX;
170;R;17:22:01:078;04 06 00 08 10 19 0E 1F 00 00 00 00 00 00 00 00 00 00 00 00 00 8F 6E;HEX;
171;R;17:22:01:359;01 10 04 00 00 02 04 00 01 00 00 90 AF;HEX;
172;R;17:22:01:640;01 10 04 03 00 02 04 33 02 04 14 2D 31;HEX;
173;R;17:22:01:921;01 10 04 90 00 04 08 04 06 2A 22 02 18 20 10 7A F2;HEX;
174;R;17:22:02:203;01 10 04 50 00 05 0A 03 08 59 00 12 00 7A 00 12 00 11 F8;HEX;
175;R;17:22:02:500;01 10 04 10 00 07 0E 02 0C 56 01 0C 00 57 01 0C 00 0B 01 0D 00 ED 3D;HEX;
176;R;17:22:02:796;01 10 04 05 00 01 02 00 00 E3 C5;HEX;
177;R;17:22:03:078;01 10 04 06 00 08 10 19 0E 1F 00 00 00 00 00 00 00 00 00 00 00 00 00 8F 6E;HEX;
178;R;17:22:03:375;01 10 04 00 00 02 04 00 01 00 00 90 AF;HEX;
179;R;17:22:03:640;01 10 04;HEX;
180;R;17:22:03:671;03 00 02 04 33 02 04 15 EC F1;HEX;
181;R;17:22:03:937;01 10 04 90 00 04 08 04 06 2A 22 02 18 20 10 7A F2;HEX;
182;R;17:22:04:218;01 10 04 50 00 07 0E 03 0C 7B 00 16 00 59 00 12 00 7A 00 12 00 61 33;HEX;
183;R;17:22:04:515;01 10 04 10 00 07 0E 02 0C 56 01 0C 00 57 01 0C 00 0B 01 0D 00 ED 3D;HEX;
184;R;17:22:04:796;01 10 04 05 00 01 02 00 00 E3 C5;HEX;
185;R;17:22:05:078;01 10 04 06 00 08 10 19;HEX;
186;R;17:22:05:109;0E 1F 00 00 00 00 00 00 00 00 00 00 00 00 00 8F 6E;HEX;
187;R;17:22:05:375;01 10 04 00 00 02 04 00 01 00 00 90 AF;HEX;
188;R;17:22:05:656;01 10 04 03;HEX;
189;R;17:22:05:687;00 02 04 33 02 04 15 EC F1;HEX;
190;R;17:22:05:953;01 10 04 90 00 04 08 04 06 2A 22 02 18 20 10 7A F2;HEX;
191;R;17:22:06:234;01 10 04 50 00 07 0E 03 0C 7B 00 16 00 59 00 12 00 7A 00 12 00 61 33;HEX;
192;R;17:22:06:531;01 10 04 10 00 07 0E 02 0C 56 01 0C 00 57 01 0C 00 0B 01 0D 00 ED 3D;HEX;
193;R;17:22:06:812;01 10 04 05 00 01 02 00 00 E3 C5;HEX;
194;R;17:22:07:109;01 10 04 06 00 08 10 19 0E 1F 00 00 00 00 00 00 00 00 00 00 00 00 00 8F 6E;HEX;
195;R;17:22:07:390;01 10 04 00 00 02 04 00 01 00 00 90 AF;HEX;
196;R;17:22:07:671;01 10 04 03 00 02;HEX;
197;R;17:22:07:703;04 33 02 04 15 EC F1;HEX;
198;R;17:22:07:968;01 10 04 90 00 04 08 04 06 2A 22 02 18 20 10 7A F2;HEX;
199;R;17:22:08:250;01 10 04 50 00 07 0E 03 0C 7B 00 16 00 59 00 12 00 7A 00 12 00 61 33;HEX;
200;R;17:22:08:546;01 10 04 10 00 03 06 02 04 47 01 03 00 47 83;HEX;
201;R;17:22:08:828;01 10 04 05 00 01 02 00 00 E3 C5;HEX;
202;R;17:22:09:125;01 10 04 06 00 08 10 19 0E 1F 00 00 00 00 00 00 00 00 00 00 00 00 00 8F 6E;HEX;
203;R;17:22:09:406;01 10 04 00 00 02 04 00 01 00 00 90 AF;HEX;
204;R;17:22:09:687;01 10 04 03 00 02 04 33 02 04 15 EC F1;HEX;
205;R;17:22:09:984;01 10 04 90 00 04 08 04 06 2A 22 02 18 20 10 7A F2;HEX;
206;R;17:22:10:265;01 10 04 50 00 07 0E 03 0C 7B 00 16 00 59 00 12 00 7A 00 12 00 61 33;HEX;
207;R;17:22:10:562;01 10 04 10 00 09 12 02 10 56 01 0C 00 57 01 0C 00 0B 01 0D 00 47 01 03 00 97 5F;HEX;
208;R;17:22:10:843;01 10 04 05 00 01 02 00;HEX;
209;R;17:22:10:875;00 E3 C5;HEX;
210;R;17:22:11:140;01 10 04 06 00 08 10 19 0E 1F 00 00 00 00 00 00 00 00 00 00 00 00 00 8F 6E;HEX;
211;R;17:22:11:421;01 10 04 00 00 02 04 00 01 00 00 90 AF;HEX;
212;R;17:22:11:703;01 10 04 03 00 02 04 33 02 04 15;HEX;
213;R;17:22:11:734;EC F1;HEX;
