
01 10 0A 05 00 01 02 33 E8 18 BB 							01 10 0A 05 00 01 12 10 
01 10 0A FA 00 03 06 14 04 00 00 00 00 10 6F 						01 10 0A FA 00 03 A3 E1 
01 10 0A A0 00 22 44 13 42 01 10 02 80 00 00 02 10 02 80 00 00 03 10 02 80 00 00 04 10 02 80 00 00 
		05 10 02 80 00 00 06 10 02 80 00 00 07 10 02 80 00 00 08 10 02 80 00 00 
		09 10 02 80 00 00 0A 10 02 80 00 00 0B 10 02 80 00 00 DC 94 		01 10 0A A0 00 22 43 EA 	
01 10 0A 06 00 08 10 19 0E 00 00 00 00 00 00 00 00 00 00 00 00 00 00 7E 9F 		01 10 0A 06 00 08 22 16 
01 10 0A 00 00 02 04 00 01 00 00 DC CF 							01 10 0A 00 00 02 42 10

01 10 0A 05 00 01 02 33 E9 D9 7B 							01 10 0A 05 00 01 12 10 
01 10 0A FA 00 03 06 14 04 00 00 00 00 10 6F 01 10 0A FA 00 03 A3 E1 01 10 0A A0 00 22 44 13 42 01 10 02 80 00 00 02 10 02 80 00 00 03 10 02 80 00 00 04 10 02 80 00 00 05 10 02 80 00 00 06 10 02 80 00 00 07 10 02 80 00 00 08 10 02 80 00 00 09 10 02 80 00 00 0A 10 02 80 00 00 0B 10 02 80 00 00 DC 94 01 10 0A A0 00 22 43 EA 01 10 0A 06 00 08 10 19 0E 00 00 00 00 00 00 00 00 00 00 00 00 00 00 7E 9F 01 10 0A 06 00 08 22 16 01 10 0A 00 00 02 04 00 01 00 00 DC CF 01 10 0A 00 00 02 42 10;HEX;
2;R;14:04:59:578;01 10 0A 05 00 01 02 33 EA 99 7A 01 10 0A 05 00 01 12 10 01 10 0A FA 00 03 06 14 04 00 00 00 00 10 6F 01 10 0A FA 00 03 A3 E1 01 10 0A A0 00 22 44 13 42 01 10 02 80 00 00 02 10 02 80 00 00 03 10 02 80 00 00 04 10 02 80 00 00 05 10 02 80 00 00 06 10 02 80 00 00 07 10 02 80 00 00 08 10 02 80 00 00 09 10 02 80 00 00 0A 10 02 80 00 00 0B 10 02 80 00 00 DC 94 01 10 0A A0 00 22 43 EA 01 10 0A 06 00 08 10 19 0E 00 00 00 00 00 00 00 00 00 00 00 00 00 00 7E 9F 01 10 0A 06 00 08 22 16 01 10 0A 00 00 02 04 00 01 00 00 DC CF 01 10 0A 00 00 02 42 10;HEX;
3;R;14:05:00:593;01 10 0A 05 00 01 02 33 EB 58 BA 01 10 0A 05 00 01 12 10 01 10 0A FA 00 03 06 14 04 00 00 00 00 10 6F 01 10 0A FA 00 03 A3 E1 01 10 0A A0 00 22 44 13 42 01 10 02 80 00 00 02 10 02 80 00 00 03 10 02 80 00 00 04 10 02 80 00 00 05 10 02 80 00 00 06 10 02 80 00 00 07 10 02 80 00 00 08 10 02 80 00 00 09 10 02 80 00 00 0A 10 02 80 00 00 0B 10 02 80 00 00 DC 94 01 10 0A A0 00 22 43 EA 01 10 0A 06 00 08 10 19 0E 00 00 00 00 00 00 00 00 00 00 00 00 00 00 7E 9F 01 10 0A 06 00 08 22 16 01 10 0A 00 00 02 04 00 01 00 00 DC CF 01 10 0A 00 00 02 42 10;HEX;
4;R;14:05:01:593;01 10 0A 05 00 01 02 33 EC 19 78 01 10 0A 05 00 01 12 10 01 10 0A FA 00 03 06 14 04 00 00 00 00 10 6F 01 10 0A FA 00 03 A3 E1 01 10 0A A0 00 22 44 13 42 01 10 02 80 00 00 02 10 02 80 00 00 03 10 02 80 00 00 04 10 02 80 00 00 05 10 02 80 00 00 06 10 02 80 00 00 07 10 02 80 00 00 08 10 02 80 00 00 09 10 02 80 00 00 0A 10 02 80 00 00 0B 10 02 80 00 00 DC 94 01 10 0A A0 00 22 43 EA 01 10 0A 06 00 08 10 19 0E 00 00 00 00 00 00 00 00 00 00 00 00 00 00 7E 9F 01 10 0A 06 00 08 22 16 01 10 0A 00 00 02 04 00 01 00 00 DC CF 01 10 0A 00 00 02 42 10;HEX;
5;R;14:05:02:609;01 10 0A 05 00 01 02 33 ED D8 B8 01 10 0A 05 00 01 12 10 01 10 0A FA 00 03 06 14 04 00 00 00 00 10 6F 01 10 0A FA 00 03 A3 E1 01 10 0A A0 00 22 44 13 42 01 10 02 80 00 00 02 10 02 80 00 00 03 10 02 80 00 00 04 10 02 80 00 00 05 10 02 80 00 00 06 10 02 80 00 00 07 10 02 80 00 00 08 10 02 80 00 00 09 10 02 80 00 00 0A 10 02 80 00 00 0B 10 02 80 00 00 DC 94 01 10 0A A0 00 22 43 EA 01 10 0A 06 00 08 10 19 0E 00 00 00 00 00 00 00 00 00 00 00 00 00 00 7E 9F 01 10 0A 06 00 08 22 16 01 10 0A 00 00 02 04 00 01 00 00 DC CF 01 10 0A 00 00 02 42 10;HEX;
6;R;14:05:03:609;01 10 0A 05 00 01 02 33 EE 98 B9 01 10 0A 05 00 01 12 10 01 10 0A FA 00 03 06 14 04 00 00 00 00 10 6F 01 10 0A FA 00 03 A3 E1 01 10 0A A0 00 22 44 13 42 01 10 02 80 00 00 02 10 02 80 00 00 03 10 02 80 00 00 04 10 02 80 00 00 05 10 02 80 00 00 06 10 02 80 00 00 07 10 02 80 00 00 08 10 02 80 00 00 09 10 02 80 00 00 0A 10 02 80 00 00 0B 10 02 80 00 00 DC 94 01 10 0A A0 00 22 43 EA 01 10 0A 06 00 08 10 19 0E 00 00 00 00 00 00 00 00 00 00 00 00 00 00 7E 9F 01 10 0A 06 00 08 22 16 01 10 0A 00 00 02 04 00 01 00 00 DC CF 01 10 0A 00 00 02 42 10;HEX;
7;R;14:05:04:625;01 10 0A 05 00 01 02 33 EF 59 79 01 10 0A 05 00 01 12 10 01 10 0A FA 00 03 06 14 04 00 00 00 00 10 6F 01 10 0A FA 00 03 A3 E1 01 10 0A A0 00 22 44 13 42 01 10 02 80 00 00 02 10 02 80 00 00 03 10 02 80 00 00 04 10 02 80 00 00 05 10 02 80 00 00 06 10 02 80 00 00 07 10 02 80 00 00 08 10 02 80 00 00 09 10 02 80 00 00 0A 10 02 80 00 00 0B 10 02 80 00 00 DC 94 01 10 0A A0 00 22 43 EA 01 10 0A 06 00 08 10 19 0E 00 00 00 00 00 00 00 00 00 00 00 00 00 00 7E 9F 01 10 0A 06 00 08 22 16 01 10 0A 00 00 02 04 00 01 00 00 DC CF 01 10 0A 00 00 02 42 10;HEX;
8;R;14:05:05:625;01 10 0A 05 00 01 02 33 F0 18 B1 01 10 0A 05 00 01 12 10 01 10 0A FA 00 03 06 14 04 00 00 00 00 10 6F 01 10 0A FA 00 03 A3 E1 01 10 0A A0 00 22 44 13 42 01 10 02 80 00 00 02 10 02 80 00 00 03 10 02 80 00 00 04 10 02 80 00 00 05 10 02 80 00 00 06 10 02 80 00 00 07 10 02 80 00 00 08 10 02 80 00 00 09 10 02 80 00 00 0A 10 02 80 00 00 0B 10 02 80 00 00 DC 94 01 10 0A A0 00 22 43 EA 01 10 0A 06 00 08 10 19 0E 00 00 00 00 00 00 00 00 00 00 00 00 00 00 7E 9F 01 10 0A 06 00 08 22 16 01 10 0A 00 00 02 04 00 01 00 00 DC CF 01 10 0A 00 00 02 42 10;HEX;
9;R;14:05:06:640;01 10 0A 05 00 01 02 33 F1 D9 71 01 10 0A 05 00 01 12 10 01 10 0A FA 00 03 06 14 04 00 00 00 00 10 6F 01 10 0A FA 00 03 A3 E1 01 10 0A A0 00 22 44 13 42 01 10 02 80 00 00 02 10 02 80 00 00 03 10 02 80 00 00 04 10 02 80 00 00 05 10 02 80 00 00 06 10 02 80 00 00 07 10 02 80 00 00 08 10 02 80 00 00 09 10 02 80 00 00 0A 10 02 80 00 00 0B 10 02 80 00 00 DC 94 01 10 0A A0 00 22 43 EA 01 10 0A 06 00 08 10 19 0E 00 00 00 00 00 00 00 00 00 00 00 00 00 00 7E 9F 01 10 0A 06 00 08 22 16 01 10 0A 00 00 02 04 00 01 00 00 DC CF 01 10 0A 00 00 02 42 10;HEX;
10;R;14:05:07:640;01 10 0A 05 00 01 02 33 F2 99 70 01 10 0A 05 00 01 12 10 01 10 0A FA 00 03 06 14 04 00 00 00 00 10 6F 01 10 0A FA 00 03 A3 E1 01 10 0A A0 00 22 44 13 42 01 10 02 80 00 00 02 10 02 80 00 00 03 10 02 80 00 00 04 10 02 80 00 00 05 10 02 80 00 00 06 10 02 80 00 00 07 10 02 80 00 00 08 10 02 80 00 00 09 10 02 80 00 00 0A 10 02 80 00 00 0B 10 02 80 00 00 DC 94 01 10 0A A0 00 22 43 EA 01 10 0A 06 00 08 10 19 0E 00 00 00 00 00 00 00 00 00 00 00 00 00 00 7E 9F 01 10 0A 06 00 08 22 16 01 10 0A 00 00 02 04 00 01 00 00 DC CF 01 10 0A 00 00 02 42 10;HEX;
11;R;14:05:08:656;01 10 0A 05 00 01 02 33 F3 58 B0 01 10 0A 05 00 01 12 10 01 10 0A FA 00 03 06 14 04 00 00 00 00 10 6F 01 10 0A FA 00 03 A3 E1 01 10 0A A0 00 22 44 13 42 01 10 02 80 00 00 02 10 02 80 00 00 03 10 02 80 00 00 04 10 02 80 00 00 05 10 02 80 00 00 06 10 02 80 00 00 07 10 02 80 00 00 08 10 02 80 00 00 09 10 02 80 00 00 0A 10 02 80 00 00 0B 10 02 80 00 00 DC 94 01 10 0A A0 00 22 43 EA 01 10 0A 06 00 08 10 19 0E 00 00 00 00 00 00 00 00 00 00 00 00 00 00 7E 9F 01 10 0A 06 00 08 22 16 01 10 0A 00 00 02 04 00 01 00 00 DC CF 01 10 0A 00 00 02 42 10;HEX;
12;R;14:05:09:656;01 10 0A 05 00 01 02 33 F4 19 72 01 10 0A 05 00 01 12 10 01 10 0A FA 00 03 06 14 04 00 00 00 00 10 6F 01 10 0A FA 00 03 A3 E1 01 10 0A A0 00 22 44 13 42 01 10 02 80 00 00 02 10 02 80 00 00 03 10 02 80 00 00 04 10 02 80 00 00 05 10 02 80 00 00 06 10 02 80 00 00 07 10 02 80 00 00 08 10 02 80 00 00 09 10 02 80 00 00 0A 10 02 80 00 00 0B 10 02 80 00 00 DC 94 01 10 0A A0 00 22 43 EA 01 10 0A 06 00 08 10 19 0E 00 00 00 00 00 00 00 00 00 00 00 00 00 00 7E 9F 01 10 0A 06 00 08 22 16 01 10 0A 00 00 02 04 00 01 00 00 DC CF 01 10 0A 00 00 02 42 10;HEX;
13;R;14:05:10:671;01 10 0A 05 00 01 02 33 F5 D8 B2 01 10 0A 05 00 01 12 10 01 10 0A FA 00 03 06 14 04 00 00 00 00 10 6F 01 10 0A FA 00 03 A3 E1 01 10 0A A0 00 22 44 13 42 01 10 02 80 00 00 02 10 02 80 00 00 03 10 02 80 00 00 04 10 02 80 00 00 05 10 02 80 00 00 06 10 02 80 00 00 07 10 02 80 00 00 08 10 02 80 00 00 09 10 02 80 00 00 0A 10 02 80 00 00 0B 10 02 80 00 00 DC 94 01 10 0A A0 00 22 43 EA 01 10 0A 06 00 08 10 19 0E 00 00 00 00 00 00 00 00 00 00 00 00 00 00 7E 9F 01 10 0A 06 00 08 22 16 01 10 0A 00 00 02 04 00 01 00 00 DC CF 01 10 0A 00 00 02 42 10;HEX;
14;R;14:05:11:671;01 10 0A 05 00 01 02 33 F6 98 B3 01 10 0A 05 00 01 12 10 01 10 0A FA 00 03 06 14 04 00 00 00 00 10 6F 01 10 0A FA 00 03 A3 E1 01 10 0A A0 00 22 44 13 42 01 10 02 80 00 00 02 10 02 80 00 00 03 10 02 80 00 00 04 10 02 80 00 00 05 10 02 80 00 00 06 10 02 80 00 00 07 10 02 80 00 00 08 10 02 80 00 00 09 10 02 80 00 00 0A 10 02 80 00 00 0B 10 02 80 00 00 DC 94 01 10 0A A0 00 22 43 EA 01 10 0A 06 00 08 10 19 0E 00 00 00 00 00 00 00 00 00 00 00 00 00 00 7E 9F 01 10 0A 06 00 08 22 16 01 10 0A 00 00 02 04 00 01 00 00 DC CF 01 10 0A 00 00 02 42 10;HEX;
15;R;14:05:12:687;01 10 0A 05 00 01 02 33 F7 59 73 01 10 0A 05 00 01 12 10 01 10 0A FA 00 03 06 14 04 00 00 00 00 10 6F 01 10 0A FA 00 03 A3 E1 01 10 0A A0 00 22 44 13 42 01 10 02 80 00 00 02 10 02 80 00 00 03 10 02 80 00 00 04 10 02 80 00 00 05 10 02 80 00 00 06 10 02 80 00 00 07 10 02 80 00 00 08 10 02 80 00 00 09 10 02 80 00 00 0A 10 02 80 00 00 0B 10 02 80 00 00 DC 94 01 10 0A A0 00 22 43 EA 01 10 0A 06 00 08 10 19 0E 00 00 00 00 00 00 00 00 00 00 00 00 00 00 7E 9F 01 10 0A 06 00 08 22 16 01 10 0A 00 00 02 04 00 01 00 00 DC CF 01 10 0A 00 00 02 42 10;HEX;
16;R;14:05:13:687;01 10 0A 05 00 01 02 33 F8 19 77 01 10 0A 05 00 01 12 10 01 10 0A FA 00 03 06 14 04 00 00 00 00 10 6F 01 10 0A FA 00 03 A3 E1 01 10 0A A0 00 22 44 13 42 01 10 02 80 00 00 02 10 02 80 00 00 03 10 02 80 00 00 04 10 02 80 00 00 05 10 02 80 00 00 06 10 02 80 00 00 07 10 02 80 00 00 08 10 02 80 00 00 09 10 02 80 00 00 0A 10 02 80 00 00 0B 10 02 80 00 00 DC 94 01 10 0A A0 00 22 43 EA 01 10 0A 06 00 08 10 19 0E 00 00 00 00 00 00 00 00 00 00 00 00 00 00 7E 9F 01 10 0A 06 00 08 22 16 01 10 0A 00 00 02 04 00 01 00 00 DC CF 01 10 0A 00 00 02 42 10;HEX;
17;R;14:05:14:703;01 10 0A 05 00 01 02 33 F9 D8 B7 01 10 0A 05 00 01 12 10 01 10 0A FA 00 03 06 14 04 00 00 00 00 10 6F 01 10 0A FA 00 03 A3 E1 01 10 0A A0 00 22 44 13 42 01 10 02 80 00 00 02 10 02 80 00 00 03 10 02 80 00 00 04 10 02 80 00 00 05 10 02 80 00 00 06 10 02 80 00 00 07 10 02 80 00 00 08 10 02 80 00 00 09 10 02 80 00 00 0A 10 02 80 00 00 0B 10 02 80 00 00 DC 94 01 10 0A A0 00 22 43 EA 01 10 0A 06 00 08 10 19 0E 00 00 00 00 00 00 00 00 00 00 00 00 00 00 7E 9F 01 10 0A 06 00 08 22 16 01 10 0A 00 00 02 04 00 01 00 00 DC CF 01 10 0A 00 00 02 42 10;HEX;
18;R;14:05:15:703;01 10 0A 05 00 01 02 33 FA 98 B6 01 10 0A 05 00 01 12 10 01 10 0A FA 00 03 06 14 04 00 00 00 00 10 6F 01 10 0A FA 00 03 A3 E1 01 10 0A A0 00 22 44 13 42 01 10 02 80 00 00 02 10 02 80 00 00 03 10 02 80 00 00 04 10 02 80 00 00 05 10 02 80 00 00 06 10 02 80 00 00 07 10 02 80 00 00 08 10 02 80 00 00 09 10 02 80 00 00 0A 10 02 80 00 00 0B 10 02 80 00 00 DC 94 01 10 0A A0 00 22 43 EA 01 10 0A 06 00 08 10 19 0E 00 00 00 00 00 00 00 00 00 00 00 00 00 00 7E 9F 01 10 0A 06 00 08 22 16 01 10 0A 00 00 02 04 00 01 00 00 DC CF 01 10 0A 00 00 02 42 10;HEX;
19;R;14:05:16:718;01 10 0A 05 00 01 02 33 FB 59 76 01 10 0A 05 00 01 12 10 01 10 0A FA 00 03 06 14 04 00 00 00 00 10 6F 01 10 0A FA 00 03 A3 E1 01 10 0A A0 00 22 44 13 42 01 10 02 80 00 00 02 10 02 80 00 00 03 10 02 80 00 00 04 10 02 80 00 00 05 10 02 80 00 00 06 10 02 80 00 00 07 10 02 80 00 00 08 10 02 80 00 00 09 10 02 80 00 00 0A 10 02 80 00 00 0B 10 02 80 00 00 DC 94 01 10 0A A0 00 22 43 EA 01 10 0A 06 00 08 10 19 0E 00 00 00 00 00 00 00 00 00 00 00 00 00 00 7E 9F 01 10 0A 06 00 08 22 16 01 10 0A 00 00 02 04 00 01 00 00 DC CF 01 10 0A 00 00 02 42 10;HEX;
20;R;14:05:17:718;01 10 0A 05 00 01 02 33 FC 18 B4 01 10 0A 05 00 01 12 10 01 10 0A FA 00 03 06 14 04 00 00 00 00 10 6F 01 10 0A FA 00 03 A3 E1 01 10 0A A0 00 22 44 13 42 01 10 02 80 00 00 02 10 02 80 00 00 03 10 02 80 00 00 04 10 02 80 00 00 05 10 02 80 00 00 06 10 02 80 00 00 07 10 02 80 00 00 08 10 02 80 00 00 09 10 02 80 00 00 0A 10 02 80 00 00 0B 10 02 80 00 00 DC 94 01 10 0A A0 00 22 43 EA 01 10 0A 06 00 08 10 19 0E 00 00 00 00 00 00 00 00 00 00 00 00 00 00 7E 9F 01 10 0A 06 00 08 22 16 01 10 0A 00 00 02 04 00 01 00 00 DC CF 01 10 0A 00 00 02 42 10;HEX;
21;R;14:05:18:734;01 10 0A 05 00 01 02 33 FD D9 74 01 10 0A 05 00 01 12 10 01 10 0A FA 00 03 06 14 04 00 00 00 00 10 6F 01 10 0A FA 00 03 A3 E1 01 10 0A A0 00 22 44 13 42 01 10 02 80 00 00 02 10 02 80 00 00 03 10 02 80 00 00 04 10 02 80 00 00 05 10 02 80 00 00 06 10 02 80 00 00 07 10 02 80 00 00 08 10 02 80 00 00 09 10 02 80 00 00 0A 10 02 80 00 00 0B 10 02 80 00 00 DC 94 01 10 0A A0 00 22 43 EA 01 10 0A 06 00 08 10 19 0E 00 00 00 00 00 00 00 00 00 00 00 00 00 00 7E 9F 01 10 0A 06 00 08 22 16 01 10 0A 00 00 02 04 00 01 00 00 DC CF 01 10 0A 00 00 02 42 10;HEX;
22;R;14:05:19:734;01 10 0A 05 00 01 02 33 FE 99 75 01 10 0A 05 00 01 12 10 01 10 0A FA 00 03 06 14 04 00 00 00 00 10 6F 01 10 0A FA 00 03 A3 E1 01 10 0A A0 00 22 44 13 42 01 10 02 80 00 00 02 10 02 80 00 00 03 10 02 80 00 00 04 10 02 80 00 00 05 10 02 80 00 00 06 10 02 80 00 00 07 10 02 80 00 00 08 10 02 80 00 00 09 10 02 80 00 00 0A 10 02 80 00 00 0B 10 02 80 00 00 DC 94 01 10 0A A0 00 22 43 EA 01 10 0A 06 00 08 10 19 0E 00 00 00 00 00 00 00 00 00 00 00 00 00 00 7E 9F 01 10 0A 06 00 08 22 16 01 10 0A 00 00 02 04 00 01 00 00 DC CF 01 10 0A 00 00 02 42 10;HEX;
23;R;14:05:20:750;01 10 0A 05 00 01 02 33 FF 58 B5 01 10 0A 05 00 01 12 10 01 10 0A FA 00 03 06 14 04 00 00 00 00 10 6F 01 10 0A FA 00 03 A3 E1 01 10 0A A0 00 22 44 13 42 01 10 02 80 00 00 02 10 02 80 00 00 03 10 02 80 00 00 04 10 02 80 00 00 05 10 02 80 00 00 06 10 02 80 00 00 07 10 02 80 00 00 08 10 02 80 00 00 09 10 02 80 00 00 0A 10 02 80 00 00 0B 10 02 80 00 00 DC 94 01 10 0A A0 00 22 43 EA 01 10 0A 06 00 08 10 19 0E 00 00 00 00 00 00 00 00 00 00 00 00 00 00 7E 9F 01 10 0A 06 00 08 22 16 01 10 0A 00 00 02 04 00 01 00 00 DC CF 01 10 0A 00 00 02 42 10;HEX;
24;R;14:05:21:750;01 10 0A 05 00 01 02 34 00 1A C5 01 10 0A 05 00 01 12 10 01 10 0A FA 00 03 06 14 04 00 00 00 00 10 6F 01 10 0A FA 00 03 A3 E1 01 10 0A A0 00 22 44 13 42 01 10 02 80 00 00 02 10 02 80 00 00 03 10 02 80 00 00 04 10 02 80 00 00 05 10 02 80 00 00 06 10 02 80 00 00 07 10 02 80 00 00 08 10 02 80 00 00 09 10 02 80 00 00 0A 10 02 80 00 00 0B 10 02 80 00 00 DC 94 01 10 0A A0 00 22 43 EA 01 10 0A 06 00 08 10 19 0E 00 00 00 00 00 00 00 00 00 00 00 00 00 00 7E 9F 01 10 0A 06 00 08 22 16 01 10 0A 00 00 02 04 00 01 00 00 DC CF 01 10 0A 00 00 02 42 10;HEX;
25;R;14:05:22:765;01 10 0A 05 00 01 02 34 01 DB 05 01 10 0A 05 00 01 12 10 01 10 0A FA 00 03 06 14 04 00 00 00 00 10 6F 01 10 0A FA 00 03 A3 E1 01 10 0A A0 00 22 44 13 42 01 10 02 80 00 00 02 10 02 80 00 00 03 10 02 80 00 00 04 10 02 80 00 00 05 10 02 80 00 00 06 10 02 80 00 00 07 10 02 80 00 00 08 10 02 80 00 00 09 10 02 80 00 00 0A 10 02 80 00 00 0B 10 02 80 00 00 DC 94 01 10 0A A0 00 22 43 EA 01 10 0A 06 00 08 10 19 0E 00 00 00 00 00 00 00 00 00 00 00 00 00 00 7E 9F 01 10 0A 06 00 08 22 16 01 10 0A 00 00 02 04 00 01 00 00 DC CF 01 10 0A 00 00 02 42 10;HEX;
26;R;14:05:23:765;01 10 0A 05 00 01 02 34 02 9B 04 01 10 0A 05 00 01 12 10 01 10 0A FA 00 03 06 14 04 00 00 00 00 10 6F 01 10 0A FA 00 03 A3 E1 01 10 0A A0 00 22 44 13 42 01 10 02 80 00 00 02 10 02 80 00 00 03 10 02 80 00 00 04 10 02 80 00 00 05 10 02 80 00 00 06 10 02 80 00 00 07 10 02 80 00 00 08 10 02 80 00 00 09 10 02 80 00 00 0A 10 02 80 00 00 0B 10 02 80 00 00 DC 94 01 10 0A A0 00 22 43 EA 01 10 0A 06 00 08 10 19 0E 00 00 00 00 00 00 00 00 00 00 00 00 00 00 7E 9F 01 10 0A 06 00 08 22 16 01 10 0A 00 00 02 04 00 01 00 00 DC CF 01 10 0A 00 00 02 42 10;HEX;
27;R;14:05:24:781;01 10 0A 05 00 01 02 34 03 5A C4 01 10 0A 05 00 01 12 10 01 10 0A FA 00 03 06 14 04 00 00 00 00 10 6F 01 10 0A FA 00 03 A3 E1 01 10 0A A0 00 22 44 13 42 01 10 02 80 00 00 02 10 02 80 00 00 03 10 02 80 00 00 04 10 02 80 00 00 05 10 02 80 00 00 06 10 02 80 00 00 07 10 02 80 00 00 08 10 02 80 00 00 09 10 02 80 00 00 0A 10 02 80 00 00 0B 10 02 80 00 00 DC 94 01 10 0A A0 00 22 43 EA 01 10 0A 06 00 08 10 19 0E 00 00 00 00 00 00 00 00 00 00 00 00 00 00 7E 9F 01 10 0A 06 00 08 22 16 01 10 0A 00 00 02 04 00 01 00 00 DC CF 01 10 0A 00 00 02 42 10;HEX;
28;R;14:05:25:781;01 10 0A 05 00 01 02 34 04 1B 06 01 10 0A 05 00 01 12 10 01 10 0A FA 00 03 06 14 04 00 00 00 00 10 6F 01 10 0A FA 00 03 A3 E1 01 10 0A A0 00 22 44 13 42 01 10 02 80 00 00 02 10 02 80 00 00 03 10 02 80 00 00 04 10 02 80 00 00 05 10 02 80 00 00 06 10 02 80 00 00 07 10 02 80 00 00 08 10 02 80 00 00 09 10 02 80 00 00 0A 10 02 80 00 00 0B 10 02 80 00 00 DC 94 01 10 0A A0 00 22 43 EA 01 10 0A 06 00 08 10 19 0E 00 00 00 00 00 00 00 00 00 00 00 00 00 00 7E 9F 01 10 0A 06 00 08 22 16 01 10 0A 00 00 02 04 00 01 00 00 DC CF 01 10 0A 00 00 02 42 10;HEX;
29;R;14:05:26:796;01 10 0A 05 00 01 02 34 05 DA C6 01 10 0A 05 00 01 12 10 01 10 0A FA 00 03 06 14 04 00 00 00 00 10 6F 01 10 0A FA 00 03 A3 E1 01 10 0A A0 00 22 44 13 42 01 10 02 80 00 00 02 10 02 80 00 00 03 10 02 80 00 00 04 10 02 80 00 00 05 10 02 80 00 00 06 10 02 80 00 00 07 10 02 80 00 00 08 10 02 80 00 00 09 10 02 80 00 00 0A 10 02 80 00 00 0B 10 02 80 00 00 DC 94 01 10 0A A0 00 22 43 EA 01 10 0A 06 00 08 10 19 0E 00 00 00 00 00 00 00 00 00 00 00 00 00 00 7E 9F 01 10 0A 06 00 08 22 16 01 10 0A 00 00 02 04 00 01 00 00 DC CF 01 10 0A 00 00 02 42 10;HEX;
30;R;14:05:27:796;01 10 0A 05 00 01 02 34 06 9A C7 01 10 0A 05 00 01 12 10 01 10 0A FA 00 03 06 14 04 00 00 00 00 10 6F 01 10 0A FA 00 03 A3 E1 01 10 0A A0 00 22 44 13 42 01 10 02 80 00 00 02 10 02 80 00 00 03 10 02 80 00 00 04 10 02 80 00 00 05 10 02 80 00 00 06 10 02 80 00 00 07 10 02 80 00 00 08 10 02 80 00 00 09 10 02 80 00 00 0A 10 02 80 00 00 0B 10 02 80 00 00 DC 94 01 10 0A A0 00 22 43 EA 01 10 0A 06 00 08 10 19 0E 00 00 00 00 00 00 00 00 00 00 00 00 00 00 7E 9F 01 10 0A 06 00 08 22 16 01 10 0A 00 00 02 04 00 01 00 00 DC CF 01 10 0A 00 00 02 42 10;HEX;
31;R;14:05:28:812;01 10 0A 05 00 01 02 34 07 5B 07 01 10 0A 05 00 01 12 10 01 10 0A FA 00 03 06 14 04 00 00 00 00 10 6F 01 10 0A FA 00 03 A3 E1 01 10 0A A0 00 22 44 13 42 01 10 02 80 00 00 02 10 02 80 00 00 03 10 02 80 00 00 04 10 02 80 00 00 05 10 02 80 00 00 06 10 02 80 00 00 07 10 02 80 00 00 08 10 02 80 00 00 09 10 02 80 00 00 0A 10 02 80 00 00 0B 10 02 80 00 00 DC 94 01 10 0A A0 00 22 43 EA 01 10 0A 06 00 08 10 19 0E 00 00 00 00 00 00 00 00 00 00 00 00 00 00 7E 9F 01 10 0A 06 00 08 22 16 01 10 0A 00 00 02 04 00 01 00 00 DC CF 01 10 0A 00 00 02 42 10;HEX;
32;R;14:05:29:812;01 10 0A 05 00 01 02 34 08 1B 03 01 10 0A 05 00 01 12 10 01 10 0A FA 00 03 06 14 04 00 00 00 00 10 6F 01 10 0A FA 00 03 A3 E1 01 10 0A A0 00 22 44 13 42 01 10 02 80 00 00 02 10 02 80 00 00 03 10 02 80 00 00 04 10 02 80 00 00 05 10 02 80 00 00 06 10 02 80 00 00 07 10 02 80 00 00 08 10 02 80 00 00 09 10 02 80 00 00 0A 10 02 80 00 00 0B 10 02 80 00 00 DC 94 01 10 0A A0 00 22 43 EA 01 10 0A 06 00 08 10 19 0E 00 00 00 00 00 00 00 00 00 00 00 00 00 00 7E 9F 01 10 0A 06 00 08 22 16 01 10 0A 00 00 02 04 00 01 00 00 DC CF 01 10 0A 00 00 02 42 10;HEX;
33;R;14:05:30:828;01 10 0A 05 00 01 02 34 09 DA C3 01 10 0A 05 00 01 12 10 01 10 0A FA 00 03 06 14 04 00 00 00 00 10 6F 01 10 0A FA 00 03 A3 E1 01 10 0A A0 00 22 44 13 42 01 10 02 80 00 00 02 10 02 80 00 00 03 10 02 80 00 00 04 10 02 80 00 00 05 10 02 80 00 00 06 10 02 80 00 00 07 10 02 80 00 00 08 10 02 80 00 00 09 10 02 80 00 00 0A 10 02 80 00 00 0B 10 02 80 00 00 DC 94 01 10 0A A0 00 22 43 EA 01 10 0A 06 00 08 10 19 0E 00 00 00 00 00 00 00 00 00 00 00 00 00 00 7E 9F 01 10 0A 06 00 08 22 16 01 10 0A 00 00 02 04 00 01 00 00 DC CF 01 10 0A 00 00 02 42 10;HEX;
34;R;14:05:31:828;01 10 0A 05 00 01 02 34 0A 9A C2 01 10 0A 05 00 01 12 10 01 10 0A FA 00 03 06 14 04 00 00 00 00 10 6F 01 10 0A FA 00 03 A3 E1 01 10 0A A0 00 22 44 13 42 01 10 02 80 00 00 02 10 02 80 00 00 03 10 02 80 00 00 04 10 02 80 00 00 05 10 02 80 00 00 06 10 02 80 00 00 07 10 02 80 00 00 08 10 02 80 00 00 09 10 02 80 00 00 0A 10 02 80 00 00 0B 10 02 80 00 00 DC 94 01 10 0A A0 00 22 43 EA 01 10 0A 06 00 08 10 19 0E 00 00 00 00 00 00 00 00 00 00 00 00 00 00 7E 9F 01 10 0A 06 00 08 22 16 01 10 0A 00 00 02 04 00 01 00 00 DC CF 01 10 0A 00 00 02 42 10;HEX;
35;R;14:05:32:843;01 10 0A 05 00 01 02 34 0B 5B 02 01 10 0A 05 00 01 12 10 01 10 0A FA 00 03 06 14 04 00 00 00 00 10 6F 01 10 0A FA 00 03 A3 E1 01 10 0A A0 00 22 44 13 42 01 10 02 80 00 00 02 10 02 80 00 00 03 10 02 80 00 00 04 10 02 80 00 00 05 10 02 80 00 00 06 10 02 80 00 00 07 10 02 80 00 00 08 10 02 80 00 00 09 10 02 80 00 00 0A 10 02 80 00 00 0B 10 02 80 00 00 DC 94 01 10 0A A0 00 22 43 EA 01 10 0A 06 00 08 10 19 0E 00 00 00 00 00 00 00 00 00 00 00 00 00 00 7E 9F 01 10 0A 06 00 08 22 16 01 10 0A 00 00 02 04 00 01 00 00 DC CF 01 10 0A 00 00 02 42 10;HEX;
36;R;14:05:33:843;01 10 0A 05 00 01 02 34 0C 1A C0 01 10 0A 05 00 01 12 10 01 10 0A FA 00 03 06 14 04 00 00 00 00 10 6F 01 10 0A FA 00 03 A3 E1 01 10 0A A0 00 22 44 13 42 01 10 02 80 00 00 02 10 02 80 00 00 03 10 02 80 00 00 04 10 02 80 00 00 05 10 02 80 00 00 06 10 02 80 00 00 07 10 02 80 00 00 08 10 02 80 00 00 09 10 02 80 00 00 0A 10 02 80 00 00 0B 10 02 80 00 00 DC 94 01 10 0A A0 00 22 43 EA 01 10 0A 06 00 08 10 19 0E 00 00 00 00 00 00 00 00 00 00 00 00 00 00 7E 9F 01 10 0A 06 00 08 22 16 01 10 0A 00 00 02 04 00 01 00 00 DC CF 01 10 0A 00 00 02 42 10;HEX;
37;R;14:05:34:859;01 10 0A 05 00 01 02 34 0D DB 00 01 10 0A 05 00 01 12 10 01 10 0A FA 00 03 06 14 04 00 00 00 00 10 6F 01 10 0A FA 00 03 A3 E1 01 10 0A A0 00 22 44 13 42 01 10 02 80 00 00 02 10 02 80 00 00 03 10 02 80 00 00 04 10 02 80 00 00 05 10 02 80 00 00 06 10 02 80 00 00 07 10 02 80 00 00 08 10 02 80 00 00 09 10 02 80 00 00 0A 10 02 80 00 00 0B 10 02 80 00 00 DC 94 01 10 0A A0 00 22 43 EA 01 10 0A 06 00 08 10 19 0E 00 00 00 00 00 00 00 00 00 00 00 00 00 00 7E 9F 01 10 0A 06 00 08 22 16 01 10 0A 00 00 02 04 00 01 00 00 DC CF 01 10 0A 00 00 02 42 10;HEX;
38;R;14:05:35:859;01 10 0A 05 00 01 02 34 0E 9B 01 01 10 0A 05 00 01 12 10 01 10 0A FA 00 03 06 14 04 00 00 00 00 10 6F 01 10 0A FA 00 03 A3 E1 01 10 0A A0 00 22 44 13 42 01 10 02 80 00 00 02 10 02 80 00 00 03 10 02 80 00 00 04 10 02 80 00 00 05 10 02 80 00 00 06 10 02 80 00 00 07 10 02 80 00 00 08 10 02 80 00 00 09 10 02 80 00 00 0A 10 02 80 00 00 0B 10 02 80 00 00 DC 94 01 10 0A A0 00 22 43 EA 01 10 0A 06 00 08 10 19 0E 00 00 00 00 00 00 00 00 00 00 00 00 00 00 7E 9F 01 10 0A 06 00 08 22 16 01 10 0A 00 00 02 04 00 01 00 00 DC CF 01 10 0A 00 00 02 42 10;HEX;
39;R;14:05:36:875;01 10 0A 05 00 01 02 34 0F 5A C1 01 10 0A 05 00 01 12 10 01 10 0A FA 00 03 06 14 04 00 00 00 00 10 6F 01 10 0A FA 00 03 A3 E1 01 10 0A A0 00 22 44 13 42 01 10 02 80 00 00 02 10 02 80 00 00 03 10 02 80 00 00 04 10 02 80 00 00 05 10 02 80 00 00 06 10 02 80 00 00 07 10 02 80 00 00 08 10 02 80 00 00 09 10 02 80 00 00 0A 10 02 80 00 00 0B 10 02 80 00 00 DC 94 01 10 0A A0 00 22 43 EA 01 10 0A 06 00 08 10 19 0E 00 00 00 00 00 00 00 00 00 00 00 00 00 00 7E 9F 01 10 0A 06 00 08 22 16 01 10 0A 00 00 02 04 00 01 00 00 DC CF 01 10 0A 00 00 02 42 10;HEX;
40;R;14:05:37:875;01 10 0A 05 00 01 02 34 10 1B 09 01 10 0A 05 00 01 12 10 01 10 0A FA 00 03 06 14 04 00 00 00 00 10 6F 01 10 0A FA 00 03 A3 E1 01 10 0A A0 00 22 44 13 42 01 10 02 80 00 00 02 10 02 80 00 00 03 10 02 80 00 00 04 10 02 80 00 00 05 10 02 80 00 00 06 10 02 80 00 00 07 10 02 80 00 00 08 10 02 80 00 00 09 10 02 80 00 00 0A 10 02 80 00 00 0B 10 02 80 00 00 DC 94 01 10 0A A0 00 22 43 EA 01 10 0A 06 00 08 10 19 0E 00 00 00 00 00 00 00 00 00 00 00 00 00 00 7E 9F 01 10 0A 06 00 08 22 16 01 10 0A 00 00 02 04 00 01 00 00 DC CF 01 10 0A 00 00 02 42 10;HEX;
