#;Тип операции;Время;Сообщение;Вид представления;
0;R;18:48:23:453;01 10 05 43 00 02 04 33 02 00 04 27 9D;HEX;
1;R;18:48:23:734;01 10 05 D0 00 04 08 04 06 00 00 00 00 00 00 1F 32;HEX;
2;R;18:48:24:031;01 10 05 90 00 01 02 03 00 EE F0;HEX;
3;R;18:48:24:312;01 10 05 50 00 01 02 02 00 FE 60;HEX;
4;R;18:48:24:609;01 10 05 45 00 01 02 00 00 FD C5;HEX;
5;R;18:48:24:875;01 10 05 46 00 08 10 19 0E 00 00 00 00 00 00 00 00 00 00 00 00 00 00 8F AF;HEX;
6;R;18:48:25:187;01 10 05 40 00 02 04 00 01 00 00 99 0F;HEX;
7;R;18:48:25:453;01 10 05 43 00 02 04 33 02 00 04 27 9D;HEX;
8;R;18:48:25:734;01 10 05 D0 00 04 08 04 06 00 00 00 00 00 00 1F 32;HEX;
9;R;18:48:26:031;01 10 05 90 00 01 02 03 00 EE F0;HEX;
10;R;18:48:26:312;01 10 05 50 00 01 02 02 00 FE 60;HEX;
11;R;18:48:26:609;01 10 05 45 00 01 02 00 00 FD C5;HEX;
12;R;18:48:26:890;01 10 05 46 00 08 10 19 0E 00 00 00 00 00 00 00 00 00 00 00 00 00 00 8F AF;HEX;
13;R;18:48:27:187;01 10 05 40 00 02 04 00 01 00 00 99 0F;HEX;
14;R;18:48:27:468;01 10 05 43 00 02 04 33 02 00 04 27 9D;HEX;
15;R;18:48:27:734;01 10 05 D0 00 04 08 04 06 00 00 00 00 00 00 1F 32;HEX;
16;R;18:48:28:031;01 10 05 90 00 01 02 03 00 EE F0;HEX;
17;R;18:48:28:312;01 10 05 50 00 01 02 02 00 FE 60;HEX;
18;R;18:48:28:609;01 10 05 45 00 01 02 00 00 FD C5;HEX;
19;R;18:48:28:890;01 10 05 46 00 08 10 19 0E 00 00 00 00 00 00 00 00 00 00 00 00 00 00 8F AF;HEX;
20;R;18:48:29:171;01 10 05 40 00 02 04 00 01 00 00 99 0F;HEX;
21;R;18:48:29:468;01 10 05 43 00 02 04 33 02 00 04 27 9D;HEX;
22;R;18:48:29:750;01 10 05 D0 00 04 08 04 06 00 00 00 00 00 00 1F 32;HEX;
23;R;18:48:30:046;01 10 05 90 00 01 02 03 00 EE F0;HEX;
24;R;18:48:30:312;01 10 05 50 00 01 02 02 00 FE 60;HEX;
25;R;18:48:30:609;01 10 05 45 00 01 02 00 00 FD C5;HEX;
26;R;18:48:30:890;01 10 05 46 00 08 10 19 0E 00 00 00 00 00 00 00 00 00 00 00 00 00 00 8F AF;HEX;
27;R;18:48:31:171;01 10 05 40 00 02 04 00 01 00 00 99 0F;HEX;
28;R;18:48:31:468;01 10 05 43 00 02 04 33 02 00 04 27 9D;HEX;
29;R;18:48:31:750;01 10 05 D0 00 04 08 04 06 00 00 00 00 00 00 1F 32;HEX;
30;R;18:48:32:046;01 10 05 90 00 01 02 03 00 EE F0;HEX;
31;R;18:48:32:328;01 10 05 50 00 01 02 02 00 FE 60;HEX;
32;R;18:48:32:609;01 10 05 45 00 01 02 00 00 FD C5;HEX;
33;R;18:48:32:890;01 10 05 46 00 08 10 19 0E 00 00 00 00 00 00 00 00 00 00 00 00 00 00 8F AF;HEX;
34;R;18:48:33:171;01 10 05 40 00 02 04 00 01 00 00 99 0F;HEX;
35;R;18:48:33:468;01 10 05 43 00 02 04 33 02 00 04 27 9D;HEX;
36;R;18:48:33:750;01 10 05 D0 00 04 08 04 06 00 00 00 00 00 00 1F 32;HEX;
37;R;18:48:34:046;01 10 05 90 00 01 02 03 00 EE F0;HEX;
38;R;18:48:34:328;01 10 05 50 00 01 02 02 00 FE 60;HEX;
39;R;18:48:34:625;01 10 05 45 00 01 02 00 00 FD C5;HEX;
40;R;18:48:34:890;01 10 05 46 00 08 10 19 0E 00 00 00 00 00 00 00 00 00 00 00 00 00 00 8F AF;HEX;
41;R;18:48:35:187;01 10 05 40 00 02 04 00 01 00 00 99 0F;HEX;
42;R;18:48:35:468;01 10 05 43 00 02 04 33 02 00 04 27 9D;HEX;
43;R;18:48:35:750;01 10 05 D0 00 04 08 04 06 00 00 00 00 00 00 1F 32;HEX;
44;R;18:48:36:046;01 10 05 90 00 01 02 03 00 EE F0;HEX;
45;R;18:48:36:328;01 10 05 50 00 01 02 02 00 FE 60;HEX;
46;R;18:48:36:625;01 10 05 45 00 01 02 00 00 FD C5;HEX;
47;R;18:48:36:890;01 10 05 46 00 08 10 19 0E 00 00 00 00 00 00 00 00 00 00 00 00 00 00 8F AF;HEX;
48;R;18:48:37:187;01 10 05 40 00 02 04 00 01 00 00 99 0F;HEX;
49;R;18:48:37:484;01 10 05 43 00 02 04 33 02 00 04 27 9D;HEX;
50;R;18:48:37:750;01 10 05 D0 00 04 08 04 06 00 00 00 00 00 00 1F 32;HEX;
51;R;18:48:38:046;01 10 05 90 00 01 02 03 00 EE F0;HEX;
52;R;18:48:38:328;01 10 05 50 00 01 02 02 00 FE 60;HEX;
53;R;18:48:38:625;01 10 05 45 00 01 02 00 00 FD C5;HEX;
54;R;18:48:38:906;01 10 05 46 00 08 10 19 0E 00 00 00 00 00 00 00 00 00 00 00 00 00 00 8F AF;HEX;
55;R;18:48:39:187;01 10 05 40 00 02 04 00 01 00 00 99 0F;HEX;
56;R;18:48:39:484;01 10 05 43 00 02 04 33 02 00 04 27 9D;HEX;
57;R;18:48:39:765;01 10 05 D0 00 04 08 04 06 00 00 00 00 00 00 1F 32;HEX;
58;R;18:48:40:062;01 10 05 90 00 01 02 03 00 EE F0;HEX;
59;R;18:48:40:328;01 10 05 50 00 01 02 02 00 FE 60;HEX;
60;R;18:48:40:625;01 10 05 45 00 01 02 00 00 FD C5;HEX;
61;R;18:48:40:906;01 10 05 46 00 08 10 19 0E 00 00 00 00 00 00 00 00 00 00 00 00 00 00 8F AF;HEX;
62;R;18:48:41:187;01 10 05 40 00 02 04 00 01 00 00 99 0F;HEX;
63;R;18:48:41:484;01 10 05 43 00 02 04 33 02 00 04 27 9D;HEX;
64;R;18:48:41:765;01 10 05 D0 00 04 08 04 06 00 00 00 00 00 00 1F 32;HEX;
65;R;18:48:42:062;01 10 05 90 00 01 02 03 00 EE F0;HEX;
66;R;18:48:42:328;01 10 05 50 00 01 02 02 00 FE 60;HEX;
