#;Тип операции;Время;Сообщение;Вид представления;
0;R;11:24:01:593;01 10 0A 00 00 02 04 00 01 00 00 DC CF;HEX;
1;R;11:24:01:859;01 10 0A 05 00 01 02 00 00 0C 05;HEX;
2;R;11:24:02:140;01 10 0A FA 00 03 06 14 04 00 00 00 00 10 6F;HEX;
3;R;11:24:02:437;01 10 0A A0 00 22 44 13 42 01 10 02 80 00 00 02 10 02 80 00 00 03 10 02 80 00 00 04 10 02 80 00 00 05 10 02 80 00 00 06 10 02 80 00 00 07 00 00 00 00 00 08 00 00 00 00 00 09 00 00 00 00 00 0A 00 00 00 00 00 0B 00 00 00 00 00 8D 31;HEX;
4;R;11:24:02:750;01 10 0A 06 00 08 10 19 0E 13 00 00 00 00 20 00 00 00 00 00 00 00 00 F5 8D;HEX;
5;R;11:24:03:062;01 10 0A 00 00 02 04 00 01 00 00 DC CF;HEX;
6;R;11:24:03:328;01 10 0A 05 00 01 02 00 00 0C 05;HEX;
7;R;11:24:03:625;01 10 0A FA 00 03 06 14 04 00 00 00 00 10 6F;HEX;
8;R;11:24:03:906;01 10 0A A0 00 22 44 13 42 01 10 02 80 00 00 02 10 02 80 00 00 03 10 02 80 00 00 04 10 02 80 00 00 05 10 02 80 00 00 06 10 02 80 00 00 07 00 00 00 00 00 08 00 00 00 00 00 09 00 00 00 00 00 0A 00 00 00 00 00 0B 00 00 00 00 00 8D 31;HEX;
9;R;11:24:04:218;01 10 0A 06 00 08 10 19;HEX;
10;R;11:24:04:250;0E 13 00 00 00 00 20 00 00 00 00 00 00 00 00 F5 8D;HEX;
11;R;11:24:04:515;01 10 0A 00 00 02 04 00 01 00 00 DC CF;HEX;
12;R;11:24:04:796;01 10 0A 05 00 01 02 00 00 0C 05;HEX;
13;R;11:24:05:093;01 10 0A FA 00 03 06 14 04 00 00 00 00 10 6F;HEX;
14;R;11:24:05:375;01 10 0A A0 00 22 44 13 42 01 10 02 80 00 00 02 10 02 80 00 00 03 10 02 80 00 00 04 10 02 80 00 00 05 10 02 80 00 00 06 10 02 80 00 00 07 00 00 00 00 00 08 00 00 00 00 00 09 00 00 00 00 00 0A 00 00 00 00 00 0B 00 00 00 00 00 8D 31;HEX;
15;R;11:24:05:703;01 10 0A 06 00 08 10 19 0E 13 00 00 00 00 20 00 00 00 00 00 00 00 00 F5 8D;HEX;
16;R;11:24:05:984;01 10 0A 00 00 02 04 00 01 00 00 DC CF;HEX;
17;R;11:24:06:281;01 10 0A 05 00 01 02 00 00 0C 05;HEX;
18;R;11:24:06:562;01 10 0A FA 00 03 06 14 04 00 00 00 00 10 6F;HEX;
19;R;11:24:06:843;01 10 0A A0 00 22 44 13 42 01 10 02 80 00 00 02 10 02 80 00 00 03 10 02 80 00 00 04 10 02 80 00 00 05 10 02 80 00 00 06 10 02 80 00 00 07 00 00 00 00 00 08 00 00 00 00 00 09 00 00 00 00 00 0A 00 00 00 00 00 0B 00 00 00 00 00 8D 31;HEX;
20;R;11:24:07:171;01 10 0A 06 00 08 10 19 0E 13 00 00 00 00 20 00 00 00 00 00 00 00 00 F5 8D;HEX;
21;R;11:24:07:453;01 10 0A 00 00 02 04 00 01 00 00 DC CF;HEX;
22;R;11:24:07:750;01 10 0A 05 00 01 02 00 00 0C 05;HEX;
23;R;11:24:08:031;01 10 0A FA 00 03 06 14 04 00 00 00 00 10 6F;HEX;
24;R;11:24:08:328;01 10 0A A0 00 22 44 13 42 01 10 02 80 00 00 02 10 02 80 00 00 03 10 02 80 00 00 04 10 02 80 00 00 05 10 02 80 00 00 06 10 02 80 00 00 07 00 00 00 00 00 08 00 00 00 00 00 09 00 00 00 00 00 0A 00 00 00 00 00 0B 00 00 00 00 00 8D 31;HEX;
25;R;11:24:08:640;01 10 0A 06 00 08 10 19 0E 13 00 00 00 00 20 00 00 00 00 00 00 00 00 F5 8D;HEX;
26;R;11:24:08:937;01 10 0A 00 00 02 04 00 01 00 00 DC CF;HEX;
27;R;11:24:09:218;01 10 0A 05 00 01 02 00 00 0C 05;HEX;
28;R;11:24:09:500;01 10 0A FA 00 03 06 14 04 00 00 00 00 10 6F;HEX;
29;R;11:24:09:796;01 10 0A A0 00 22 44 13 42 01 10 02 80 00 00 02 10 02 80 00 00 03 10 02 80 00 00 04 10 02 80 00 00 05 10 02 80 00 00 06 10 02 80 00 00 07 00 00 00 00 00 08 00 00 00 00 00 09 00 00 00 00 00 0A 00 00 00 00 00 0B 00 00 00 00 00 8D 31;HEX;
30;R;11:24:10:109;01 10 0A 06 00 08 10 19 0E 13 00 00 00 00 20 00 00 00 00 00 00 00 00 F5 8D;HEX;
31;R;11:24:10:406;01 10 0A 00 00 02 04 00 01 00 00 DC CF;HEX;
32;R;11:24:10:687;01 10 0A 05 00 01 02 00 00 0C 05;HEX;
33;R;11:24:10:984;01 10 0A FA 00 03 06 14 04 00 00 00 00 10 6F;HEX;
34;R;11:24:11:265;01 10 0A A0 00 22 44 13 42 01 10 02 80 00 00 02 10 02 80 00 00 03 10 02 80 00 00 04 10 02 80 00 00 05 10 02 80 00 00 06 10 02 80 00 00 07 00 00 00 00 00 08 00 00 00 00 00 09 00 00 00 00 00 0A 00 00 00 00 00 0B 00 00 00 00 00 8D 31;HEX;
35;R;11:24:11:578;01 10 0A 06 00 08 10 19 0E 13 00 00 00 00 20 00 00 00 00 00 00 00 00 F5 8D;HEX;
36;R;11:24:11:875;01 10 0A 00 00 02 04 00 01 00 00 DC CF;HEX;
37;R;11:24:12:156;01 10 0A 05 00 01 02 00 00 0C 05;HEX;
38;R;11:24:12:453;01 10 0A FA 00 03 06 14 04 00 00 00 00 10 6F;HEX;
39;R;11:24:12:734;01 10 0A A0 00 22 44 13 42 01 10 02 80 00 00 02 10 02 80 00 00 03 10 02 80 00 00 04 10 02 80 00 00 05 10 02 80 00 00 06 10 02 80 00 00 07 00 00 00 00 00 08 00 00 00 00 00 09 00 00 00 00 00 0A 00 00 00 00 00 0B 00 00 00 00 00 8D 31;HEX;
40;R;11:24:13:062;01 10 0A 06 00 08 10 19 0E 13 00 00 00 00 20 00 00 00 00 00 00 00 00 F5 8D;HEX;
41;R;11:24:13:343;01 10 0A 00 00 02 04 00 01 00 00 DC CF;HEX;
42;R;11:24:13:640;01 10 0A 05 00 01 02 00 00 0C 05;HEX;
43;R;11:24:13:921;01 10 0A FA 00 03 06 14 04 00 00 00 00 10 6F;HEX;
44;R;11:24:14:203;01 10 0A A0 00 22 44 13 42 01 10 02 80 00 00 02 10 02 80 00 00 03 10 02 80 00 00 04 10 02 80 00 00 05 10 02 80 00 00 06 10 02 80 00 00 07 00 00 00 00 00 08 00 00 00 00 00 09 00 00 00 00 00 0A 00 00 00 00 00 0B 00 00 00 00 00 8D 31;HEX;
45;R;11:24:14:531;01 10 0A 06 00 08 10 19 0E 13 00 00 00 00 20 00 00 00 00 00 00 00 00 F5 8D;HEX;
46;R;11:24:14:812;01 10 0A 00 00 02 04 00 01 00 00 DC CF;HEX;
47;R;11:24:15:109;01 10 0A 05 00 01 02 00 00 0C 05;HEX;
48;R;11:24:15:390;01 10 0A FA 00 03 06 14 04 00 00 00 00 10 6F;HEX;
49;R;11:24:15:687;01 10 0A A0 00 22 44 13 42 01 10 02 80 00 00 02 10 02 80 00 00 03 10 02 80 00 00 04 10 02 80 00 00 05 10 02 80 00 00 06 10 02 80 00 00 07 00 00 00 00 00 08 00 00 00 00 00 09 00 00 00 00 00 0A 00 00 00 00 00 0B 00 00 00 00 00 8D 31;HEX;
50;R;11:24:16:000;01 10 0A 06 00 08 10 19 0E 13 00 00 00 00 20 00 00 00 00 00 00 00 00 F5 8D;HEX;
51;R;11:24:16:281;01 10 0A 00 00 02 04 00 01 00 00 DC CF;HEX;
52;R;11:24:16:578;01 10 0A 05 00 01 02 00 00 0C 05;HEX;
53;R;11:24:16:859;01 10 0A FA 00 03 06 14 04 00 00 00 00 10 6F;HEX;
54;R;11:24:17:156;01 10 0A A0 00 22 44 13 42 01 10 02 80 00 00 02 10 02 80 00 00 03 10 02 80 00 00 04 10 02 80 00 00 05 10 02 80 00 00 06 10 02 80 00 00 07 00 00 00 00 00 08 00 00 00 00 00 09 00 00 00 00 00 0A 00 00 00 00 00 0B 00 00 00 00 00 8D 31;HEX;
55;R;11:24:17:468;01 10 0A 06 00 08 10 19 0E 13 00 00 00 00 20 00 00 00 00 00 00 00 00 F5 8D;HEX;
56;R;11:24:17:765;01 10 0A 00 00 02 04 00 01 00 00 DC CF;HEX;
57;R;11:24:18:046;01 10 0A 05 00 01 02 00 00 0C 05;HEX;
58;R;11:24:18:343;01 10 0A FA 00 03 06 14 04 00 00 00 00 10 6F;HEX;
59;R;11:24:18:609;01 10 0A A0 00 22 44 13 42 01 10 02 80 00 00 02 10 02 80 00 00 03 10 02 80 00 00 04 10 02 80 00 00 05 10 02 80 00 00 06 10 02 80 00 00 07 00 00 00 00 00 08 00 00 00 00 00 09 00 00 00 00 00 0A 00 00 00 00 00 0B 00 00 00 00 00 8D 31;HEX;
60;R;11:24:18:937;01 10 0A 06 00 08 10 19 0E 13 00 00 00 00 20 00 00 00 00 00 00 00 00 F5 8D;HEX;
61;R;11:24:19:234;01 10 0A 00 00 02 04 00 01 00 00 DC CF;HEX;
62;R;11:24:19:515;01 10 0A 05 00 01 02 00 00 0C 05;HEX;
63;R;11:24:19:796;01 10 0A FA 00 03 06 14 04 00 00 00 00 10 6F;HEX;
64;R;11:24:20:078;01 10 0A A0 00 22 44 13 42 01 10 02 80 00 00 02 10 02 80 00 00 03 10 02 80 00 00 04 10 02 80 00 00 05 10 02 80 00 00 06 10 02 80 00 00 07 00 00 00 00 00 08 00 00 00 00 00 09 00 00 00 00 00 0A 00 00 00 00 00 0B 00 00 00 00 00 8D 31;HEX;
65;R;11:24:20:406;01 10 0A 06 00 08 10 19 0E 13 00 00 00 00 20 00 00 00 00 00 00 00 00 F5 8D;HEX;
66;R;11:24:20:703;01 10 0A 00 00 02 04 00 01 00 00 DC CF;HEX;
67;R;11:24:20:984;01 10 0A 05 00 01 02 00 00 0C 05;HEX;
68;R;11:24:21:265;01 10 0A FA 00 03 06 14 04 00 00 00 00 10 6F;HEX;
69;R;11:24:21:546;01 10 0A A0 00 22 44 13 42 01 10 02 80 00 00 02 10 02 80 00 00 03 10 02 80 00 00 04 10 02 80 00 00 05 10 02 80 00 00 06 10 02 80 00 00 07 00 00 00 00 00 08 00 00 00 00 00 09 00 00 00 00 00 0A 00 00 00 00 00 0B 00 00 00 00 00 8D 31;HEX;
70;R;11:24:21:875;01 10 0A 06 00 08 10 19 0E 13 00 00 00 00 20 00 00 00 00 00 00 00 00 F5 8D;HEX;
71;R;11:24:22:171;01 10 0A 00 00 02 04 00 01 00 00 DC CF;HEX;
72;R;11:24:22:468;01 10 0A 05 00 01 02 00 00 0C 05;HEX;
73;R;11:24:22:734;01 10 0A FA 00 03;HEX;
74;R;11:24:22:875;06 14 04 00 00 00 00 10 6F;HEX;
75;R;11:24:23:031;01 10 0A A0 00 22 44 13 42 01 10 02 80 00 00 02 10 02 80 00 00 03 10 02 80 00 00 04 10 02 80 00 00 05 10 02 80 00 00 06 10 02 80 00 00 07 00 00 00 00 00 08 00 00 00 00 00 09 00 00 00 00 00 0A 00 00 00 00 00 0B 00 00 00 00 00 8D 31;HEX;
76;R;11:24:23:343;01 10 0A 06 00 08 10 19 0E 13 00 00 00 00 20 00 00 00 00 00 00 00 00 F5 8D;HEX;
77;R;11:24:23:640;01 10 0A 00 00 02 04 00 01 00 00 DC CF;HEX;
78;R;11:24:23:921;01 10 0A 05 00 01 02 00 00 0C 05;HEX;
79;R;11:24:24:203;01 10 0A FA 00 03 06 14 04 00 00 00 00 10 6F;HEX;
80;R;11:24:24:500;01 10 0A A0 00 22 44 13 42 01 10 02 80 00 00 02 10 02 80 00 00 03 10 02 80 00 00 04 10 02 80 00 00 05 10 02 80 00 00 06 10 02 80 00 00 07 00 00 00 00 00 08 00 00 00 00 00 09 00 00 00 00 00 0A 00 00 00 00 00 0B 00 00 00 00 00 8D 31;HEX;
81;R;11:24:24:812;01 10 0A 06 00 08 10 19 0E 13 00 00 00 00 20 00 00 00 00 00 00 00 00 F5 8D;HEX;
82;R;11:24:25:125;01 10 0A 00 00 02 04 00 01 00 00 DC CF;HEX;
83;R;11:24:25:390;01 10 0A 05 00 01 02 00 00 0C 05;HEX;
84;R;11:24:25:687;01 10 0A FA 00 03 06 14 04 00 00 00 00 10 6F;HEX;
85;R;11:24:25:968;01 10 0A A0 00 22 44 13 42 01 10 02 80 00 00 02 10 02 80 00 00 03 10 02 80 00 00 04 10 02 80 00 00 05 10 02 80 00 00 06 10 02 80 00 00 07 00 00 00 00 00 08 00 00 00 00 00 09 00 00 00 00 00 0A 00 00 00 00 00 0B 00 00 00 00 00 8D 31;HEX;
