#;Тип операции;Время;Сообщение;Вид представления;
0;R;18:01:05:609;1F 16 01 24 00 01 00 02 03 08 01 85 03 03 58 00 13 04 06 00 00 03 00 00 00 19 01 00 4E CC 2F 55;HEX;
1;R;18:01:06:609;1F 16 01 24 00 01 00 02 03 08 01 85 03 03 58 00 13 04 06 00 00 03 00 00 00;HEX;
2;R;18:01:06:640;19 01 00 4E CC 2F 55;HEX;
3;R;18:01:07:625;1F 16 01 24 00 01 00 02 03 08 01 85 03 03 58 00 13 04 06 00 00 03 00 00 00 19 01 00 4E CC 2F 55;HEX;
4;R;18:01:08:640;1F 16 01 24 00 01 00 02 03 08 01 85 03 03 58 00 13 04 06 00 00 03 00 00 00 19 01 00 4E CC 2F 55;HEX;
5;R;18:01:09:640;1F 16 01 24 00 01 00 02 03 08 01 85 03 03 58 00 13 04 06 00 00 03 00 00 00 19 01 00 4E CC 2F 55;HEX;
6;R;18:01:10:656;1F 16 01 24 00 01 00 02 03 08 01 85 03 03 58 00 13 04 06 00 00 03 00 00 00 19 01 00 4E CC 2F 55;HEX;
7;R;18:01:11:656;1F 16 01 24 00 01 00 02 03 08 01 85 03 03 58 00 13 04 06 00 00 03 00 00 00 19 01 00 4E CC 2F 55;HEX;
8;R;18:01:12:656;1F 16 01 24 00 01 00 02 03 08 01 85 03 03 58 00 13 04 06 00 00 03 00;HEX;
9;R;18:01:12:687;00 00 19 01 00 4E CC 2F 55;HEX;
10;R;18:01:13:671;1F 16 01 24 00 01 00 02 03 08 01 85 03 03 58 00 13 04 06 00 00 03 00 00 00 19 01 00 4E CC 2F 55;HEX;
11;R;18:01:14:687;1F 16 01 24 00 01 00 02 03 08 01 85 03 03 58 00 13 04 06 00 00 03 00 00 00 19 01 00 4E CC 2F 55;HEX;
12;R;18:01:15:687;1F 16 01 24 00 01 00 02 03 08 01 85 03 03 58 00 13 04 06 00 00 03 00 00 00 19 01 00 4E CC 2F 55;HEX;
13;R;18:01:16:703;1F 16 01 24 00 01 00 02 03 08 01 85 03 03 58 00 13 04 06 00 00 03 00 00 00 19 01 00 4E CC 2F 55;HEX;
14;R;18:01:17:703;1F 16 01 24 00 01 00 02 03 08 01 85 03 03 58 00 13 04 06 00 00 03 00 00 00 19 01 00 4E CC 2F 55;HEX;
15;R;18:01:18:718;1F 16 01 24 00 01 00 02 03 08 01 85 03 03 58 00 13 04 06 00 00 03 00 00 00 19 01 00 4E CC 2F 55;HEX;
16;R;18:01:19:718;1F 16 01 24 00 01 00 02 03 08 01 85 03 03 58 00 13 04 06 00 00 03 00 00 00 19 01 00 4E CC 2F 55;HEX;
17;R;18:01:20:734;1F 16 01 24 00 01 00 02 03 08 01 85 03 03 58 00 13 04 06 00 00 03 00 00 00 19 01 00 4E CC 2F 55;HEX;
18;R;18:01:21:734;1F 16 01 24 00 01 00 02 03 08 01 85 03 03 58 00 13 04 06 00 00 03 00 00 00 19 01 00 4E CC 2F 55;HEX;
19;R;18:01:22:750;1F 16 01 24 00 01 00 02 03 08 01 85 03 03 58 00 13 04 06 00 00 03 00 00 00 19 01 00 4E CC 2F 55;HEX;
20;R;18:01:23:750;1F 16 01 24 00 01 00 02 03 08 01 85 03 03 58 00 13 04 06 00 00 03 00 00 00 19 01 00 4E CC 2F 55;HEX;
21;R;18:01:24:765;1F 16 01 24 00 01 00 02 03 08 01 85 03 03 58 00 13 04 06 00 00 03 00 00 00 19 01 00 4E CC 2F 55;HEX;
22;R;18:01:25:765;1F 16 01 24 00 01 00 02 03 08 01 85 03 03 58 00 13 04 06 00 00 03 00 00 00 19 01 00 4E CC 2F 55;HEX;
23;R;18:01:26:781;1F 16 01 24 00 01 00 02 03 08 01 85 03 03 58 00 13 04 06 00 00 03 00 00 00 19 01 00 4E CC 2F 55;HEX;
24;R;18:01:27:781;1F 16 01 24 00 01 00 02 03 08 01 85 03 03 58 00 13 04 06 00 00 03 00 00 00 19 01 00 4E CC 2F 55;HEX;
25;R;18:01:28:796;1F 16 01 24 00 01 00 02 03 08 01 85 03 03 58 00 13 04 06 00 00 03 00 00 00 19 01 00 4E CC 2F 55;HEX;
26;R;18:01:29:796;1F 16 01 24 00 01 00 02 03 08 01 85 03 03 58 00 13 04 06 00 00 03 00 00 00 19 01 00 4E CC 2F 55;HEX;
27;R;18:01:30:812;1F 16 01 24 00 01 00 02 03 08 01 85 03 03 58 00 13 04 06 00 00 03 00 00 00 19 01 00 4E CC 2F 55;HEX;
28;R;18:01:31:812;1F 16 01 24 00 01 00 02 03 08 01 85 03 03 58 00 13 04 06 00 00 03 00 00 00 19 01 00 4E CC 2F 55;HEX;
29;R;18:01:32:828;1F 16 01 24 00 01 00 02 03 08 01 85 03 03 58 00 13 04 06 00 00 03 00 00 00 19 01 00 4E CC 2F 55;HEX;
30;R;18:01:33:828;1F 16 01 24 00 01 00 02 03 08 01 85 03 03 58 00 13 04 06 00 00 03 00 00 00 19 01 00 4E CC 2F 55;HEX;
31;R;18:01:34:843;1F 16 01 24 00 01 00 02 03 08 01 85 03 03 58 00 13 04 06 00 00 03 00 00 00 19 01 00 4E CC 2F 55;HEX;
32;R;18:01:35:843;1F 16 01 24 00 01 00 02 03 08 01 85 03 03 58 00 13 04 06 00 00 03 00 00 00 19 01 00 4E CC 2F 55;HEX;
33;R;18:01:36:859;1F 16 01 24 00 01 00 02 03 08 01 85 03 03 58 00 13 04 06 00 00 03 00 00 00 19 01 00 4E CC 2F 55;HEX;
34;R;18:01:37:859;1F 16 01 24 00 01 00 02 03 08 01 85 03 03 58 00 13 04 06 00 00 03 00 00 00 19 01 00 4E CC 2F 55;HEX;
35;R;18:01:38:875;1F 16 01 24 00 01 00 02 03 08 01 85 03 03 58 00 13 04 06 00 00 03 00 00 00 19 01 00 4E CC 2F 55;HEX;
36;R;18:01:39:875;1F 16 01 24 00 01 00 02 03 08 01 85 03 03 58 00 13 04 06 00 00 03 00 00 00 19 01 00 4E CC 2F 55;HEX;
37;R;18:01:40:890;1F 16 01 24 00 01 00 02 03 08 01 85 03 03 58 00 13 04 06 00 00 03 00 00 00 19 01 00 4E CC 2F 55;HEX;
38;R;18:01:41:890;1F 16 01 24 00 01 00 02 03 08 01 85 03 03 58 00 13 04 06 00 00 03 00 00 00 19 01 00 4E CC 2F 55;HEX;
