#;Тип операции;Время;Сообщение;Вид представления;
0;R;18:17:18:203;01 10 0A 05 00 01 02 00 00 0C 05;HEX;
1;R;18:17:18:500;01 10 0A FA 00 03 06 14 04 00 00 00 00 10 6F;HEX;
2;R;18:17:18:781;01 10 0A A0 00 22 44 13 42 01 10 02 80 00 00 02 10 02 80 00 00 03 10 02 80 00 00 04 10 02 80 00 00 05 10 02 80 00 00 06 10 02 80 00 00 07 10 02 80 00 00 08 10 02 80 00 00 09 10 02 80 00 00 0A 10 02 80 00 00 0B 10 02 80 00 00 DC 94;HEX;
3;R;18:17:19:109;01 10 0A 06 00 08 10 19 0E 00 00 00 00 00 00 00 00 00 00 00 00 00 00 7E 9F;HEX;
4;R;18:17:19:390;01 10 0A 00 00 02 04 00 01 00 00 DC CF;HEX;
5;R;18:17:19:671;01 10 0A 05 00 01 02 00 00 0C 05;HEX;
6;R;18:17:19:968;01 10 0A FA 00 03 06 14 04 00 00 00 00 10 6F;HEX;
7;R;18:17:20:250;01 10 0A A0 00 22 44 13 42 01 10 02 80 00 00 02 10 02 80 00 00 03 10 02 80 00 00 04 10 02 80 00 00 05 10 02 80 00 00 06 10 02 80 00 00 07 10 02 80 00 00 08 10 02 80 00 00 09 10 02 80 00 00 0A 10 02 80 00 00 0B 10 02 80 00 00 DC 94;HEX;
8;R;18:17:20:578;01 10 0A 06 00 08 10 19 0E 00 00 00 00 00 00 00 00 00 00 00 00 00 00 7E 9F;HEX;
9;R;18:17:20:859;01 10 0A 00 00 02 04 00 01 00 00 DC CF;HEX;
10;R;18:17:21:156;01 10 0A 05 00 01 02 00 00 0C 05;HEX;
11;R;18:17:21:437;01 10 0A FA 00 03 06 14 04 00 00 00 00 10 6F;HEX;
12;R;18:17:21:734;01 10 0A A0 00 22 44 13 42 01 10 02 80 00 00 02 10 02 80 00 00 03 10 02 80 00 00 04 10 02 80 00 00 05 10 02 80 00 00 06 10 02 80 00 00 07 10 02 80 00 00 08 10 02 80 00 00 09 10 02 80 00 00 0A 10 02 80 00 00 0B 10 02 80 00 00 DC 94;HEX;
13;R;18:17:22:046;01 10 0A 06 00 08 10 19 0E 00 00 00 00 00 00 00 00 00 00 00 00 00 00 7E 9F;HEX;
14;R;18:17:22:328;01 10 0A 00 00 02 04 00 01 00 00 DC CF;HEX;
15;R;18:17:22:625;01 10 0A 05 00 01 02 00 00 0C 05;HEX;
16;R;18:17:22:906;01 10 0A FA 00 03 06 14 04 00 00 00 00 10 6F;HEX;
17;R;18:17:23:203;01 10 0A A0 00 22 44 13 42 01 10 02 80 00 00 02 10 02 80 00 00 03 10 02 80 00 00 04 10 02 80 00 00 05 10 02 80 00 00 06 10 02 80 00 00 07 10 02 80 00 00 08 10 02 80 00 00 09 10 02 80 00 00 0A 10 02 80 00 00 0B 10 02 80 00 00 DC 94;HEX;
18;R;18:17:23:515;01 10 0A 06 00 08 10 19 0E 00 00 00 00 00 00 00 00 00 00 00 00 00 00 7E 9F;HEX;
19;R;18:17:23:812;01 10 0A 00 00 02 04 00 01 00 00 DC CF;HEX;
20;R;18:17:24:093;01 10 0A 05 00 01 02 00 00 0C 05;HEX;
21;R;18:17:24:375;01 10 0A FA 00 03 06 14 04 00 00 00 00 10 6F;HEX;
22;R;18:17:24:656;01 10 0A A0 00 22 44 13 42 01 10 02 80 00 00 02 10 02 80 00 00 03 10 02 80 00 00 04 10 02 80 00 00 05 10 02 80 00 00 06 10 02 80 00 00 07 10 02 80 00 00 08 10 02 80 00 00 09 10 02 80 00 00 0A 10 02 80 00 00 0B 10 02 80 00 00 DC 94;HEX;
23;R;18:17:24:984;01 10 0A 06 00 08 10 19 0E 00 00 00 00 00 00 00 00 00 00 00 00 00 00 7E 9F;HEX;
24;R;18:17:25:281;01 10 0A 00 00 02 04 00 01 00 00 DC CF;HEX;
25;R;18:17:25:562;01 10 0A 05 00 01 02 00 00 0C 05;HEX;
26;R;18:17:25:843;01 10 0A FA 00 03 06 14 04 00 00 00 00 10 6F;HEX;
27;R;18:17:26:125;01 10 0A A0 00 22 44 13 42 01 10 02 80 00 00 02 10 02 80 00 00 03 10 02 80 00 00 04 10 02 80 00 00 05 10 02 80 00 00 06 10 02 80 00 00 07 10 02 80 00 00 08 10 02 80 00 00 09 10 02 80 00 00 0A 10 02 80 00 00 0B 10 02 80 00 00 DC 94;HEX;
28;R;18:17:26:468;01 10 0A 06 00 08 10 19 0E 00 00 00 00 00 00 00 00 00 00 00 00 00 00 7E 9F;HEX;
29;R;18:17:26:750;01 10 0A 00 00 02 04 00 01 00 00 DC CF;HEX;
30;R;18:17:27:031;01 10 0A 05 00 01 02 00 00 0C 05;HEX;
31;R;18:17:27:312;01 10 0A FA 00 03 06 14 04 00 00 00 00 10 6F;HEX;
32;R;18:17:27:593;01 10 0A A0 00 22 44 13 42 01 10 02 80 00 00 02 10 02 80 00 00 03 10 02 80 00 00 04 10 02 80 00 00 05 10 02 80 00 00 06 10 02 80 00 00 07 10 02 80 00 00 08 10 02 80 00 00 09 10 02 80 00 00 0A 10 02 80 00 00 0B 10 02 80 00 00 DC 94;HEX;
33;R;18:17:27:921;01 10 0A 06 00 08 10 19 0E 00 00 00 00 00 00 00 00 00 00 00 00 00 00 7E 9F;HEX;
34;R;18:17:28:218;01 10 0A 00 00 02 04 00 01 00 00 DC CF;HEX;
35;R;18:17:28:515;01 10 0A 05 00 01 02 00 00 0C 05;HEX;
36;R;18:17:28:781;01 10 0A FA 00 03 06 14 04 00 00 00 00 10 6F;HEX;
37;R;18:17:29:062;01 10 0A A0 00 22 44 13 42 01 10 02 80 00 00 02 10 02 80 00 00 03 10 02 80 00 00 04 10 02 80 00 00 05 10 02 80 00 00 06 10 02 80 00 00 07 10 02 80 00 00 08 10 02 80 00 00 09 10 02 80 00 00 0A 10 02 80 00 00 0B 10 02 80 00 00 DC 94;HEX;
38;R;18:17:29:390;01 10 0A 06 00 08 10 19 0E 00 00 00 00 00 00 00 00 00 00 00 00 00 00 7E 9F;HEX;
39;R;18:17:29:687;01 10 0A 00 00 02 04 00 01 00 00 DC CF;HEX;
40;R;18:17:29:984;01 10 0A 05 00 01 02 00 00 0C 05;HEX;
41;R;18:17:30:250;01 10 0A FA 00 03 06 14 04 00 00 00 00 10 6F;HEX;
42;R;18:17:30:546;01 10 0A A0 00 22 44 13 42 01 10 02 80 00 00 02 10 02 80 00 00 03 10 02 80 00 00 04 10 02 80 00 00 05 10 02 80 00 00 06 10 02 80 00 00 07 10 02 80 00 00 08 10 02 80 00 00 09 10 02 80 00 00 0A 10 02 80 00 00 0B 10 02 80 00 00 DC 94;HEX;
43;R;18:17:30:859;01 10 0A 06 00 08 10 19 0E 00 00 00 00 00 00 00 00 00 00 00 00 00 00 7E 9F;HEX;
44;R;18:17:31:171;01 10 0A 00 00 02 04 00 01 00 00 DC CF;HEX;
45;R;18:17:31:437;01 10 0A 05 00 01 02 00 00 0C 05;HEX;
46;R;18:17:31:718;01 10 0A FA 00 03 06 14 04 00 00 00 00 10 6F;HEX;
47;R;18:17:32:015;01 10 0A A0 00 22 44 13 42 01 10 02 80 00 00 02 10 02 80 00 00 03 10 02 80 00 00 04 10 02 80 00 00 05 10 02 80 00 00 06 10 02 80 00 00 07 10 02 80 00 00 08 10 02 80 00 00 09 10 02 80 00 00 0A 10 02 80 00 00 0B 10 02 80 00 00 DC 94;HEX;
48;R;18:17:32:328;01 10 0A 06 00 08 10 19 0E 00 00 00 00 00 00 00 00 00 00 00 00 00 00 7E 9F;HEX;
49;R;18:17:32:640;01 10 0A 00 00 02 04 00 01 00 00 DC CF;HEX;
50;R;18:17:32:906;01 10 0A 05 00 01 02 00 00 0C 05;HEX;
51;R;18:17:33:203;01 10 0A FA 00 03 06 14 04 00 00 00 00 10 6F;HEX;
52;R;18:17:33:484;01 10 0A A0 00 22 44 13 42 01 10 02 80 00 00 02 10 02 80 00 00 03 10 02 80 00 00 04 10 02 80 00 00 05 10 02 80 00 00 06 10 02 80 00 00 07 10 02 80 00 00 08 10 02 80 00 00 09 10 02 80 00 00 0A 10 02 80 00 00 0B 10 02 80 00 00 DC 94;HEX;
53;R;18:17:33:812;01 10 0A 06 00 08 10 19 0E 00 00 00 00 00 00 00 00 00 00 00 00 00 00 7E 9F;HEX;
54;R;18:17:34:093;01 10 0A 00 00 02 04 00 01 00 00 DC CF;HEX;
55;R;18:17:34:375;01 10 0A 05 00 01 02 00 00 0C 05;HEX;
56;R;18:17:34:671;01 10 0A FA 00 03 06 14 04 00 00 00 00 10 6F;HEX;
57;R;18:17:34:953;01 10 0A A0 00 22 44 13 42 01 10 02 80 00 00 02 10 02 80 00 00 03 10 02 80 00 00 04 10 02 80 00 00 05 10 02 80 00 00 06 10 02 80 00 00 07 10 02 80 00 00 08 10 02 80 00 00 09 10 02 80 00 00 0A 10 02 80 00 00 0B 10 02 80 00 00 DC 94;HEX;
58;R;18:17:35:281;01 10 0A 06 00 08 10 19 0E 00 00 00 00 00 00 00 00 00 00 00 00 00 00 7E 9F;HEX;
59;R;18:17:35:562;01 10 0A 00 00 02 04 00 01 00 00 DC CF;HEX;
60;R;18:17:35:859;01 10 0A 05 00 01 02 00 00 0C 05;HEX;
61;R;18:17:36:140;01 10 0A FA 00 03 06 14 04 00 00 00 00 10 6F;HEX;
62;R;18:17:36:421;01 10 0A A0 00 22 44 13 42 01 10 02 80 00 00 02 10 02 80 00 00 03 10 02 80 00 00 04 10 02 80 00 00 05 10 02 80 00 00 06 10 02 80 00 00 07 10 02 80 00 00 08 10 02 80 00 00 09 10 02 80 00 00 0A 10 02 80 00 00 0B 10 02 80 00 00 DC 94;HEX;
63;R;18:17:36:750;01 10 0A 06 00 08 10 19 0E 00 00 00 00 00 00 00 00 00 00 00 00 00 00 7E 9F;HEX;
64;R;18:17:37:031;01 10 0A 00 00 02 04 00 01 00 00 DC CF;HEX;
65;R;18:17:37:328;01 10 0A 05 00 01 02 00 00 0C 05;HEX;
66;R;18:17:37:609;01 10 0A FA 00 03 06 14 04 00 00 00 00 10 6F;HEX;
67;R;18:17:37:906;01 10 0A A0 00 22 44 13 42 01 10 02 80 00 00 02 10 02 80 00 00 03 10 02 80 00 00 04 10 02 80 00 00 05 10 02 80 00 00 06 10 02 80 00 00 07 10 02 80 00 00 08 10 02 80 00 00 09 10 02 80 00 00 0A 10 02 80 00 00 0B 10 02 80 00 00 DC 94;HEX;
68;R;18:17:38:218;01 10 0A 06 00 08 10 19 0E 00 00 00 00 00 00 00 00 00 00 00 00 00 00 7E 9F;HEX;
69;R;18:17:38:515;01 10 0A 00 00 02 04 00 01 00 00 DC CF;HEX;
70;R;18:17:38:796;01 10 0A 05 00 01 02 00 00 0C 05;HEX;
71;R;18:17:39:078;01 10 0A FA 00 03 06 14 04 00 00 00 00 10 6F;HEX;
72;R;18:17:39:375;01 10 0A A0 00 22 44 13 42 01 10 02 80 00 00 02 10 02 80 00 00 03 10 02 80 00 00 04 10 02 80 00 00 05 10 02 80 00 00 06 10 02 80 00 00 07 10 02 80 00 00 08 10 02 80 00 00 09 10 02 80 00 00 0A 10 02 80 00 00 0B 10 02 80 00 00 DC 94;HEX;
73;R;18:17:39:687;01 10 0A 06 00 08 10 19 0E 00 00 00 00 00 00 00 00 00 00 00 00 00 00 7E 9F;HEX;
74;R;18:17:39:984;01 10 0A 00 00 02 04 00 01 00 00 DC CF;HEX;
75;R;18:17:40:265;01 10 0A 05 00 01 02 00 00 0C 05;HEX;
76;R;18:17:40:562;01 10 0A FA 00 03 06 14 04 00 00 00 00 10 6F;HEX;
77;R;18:17:40:843;01 10 0A A0 00 22 44 13 42 01 10 02 80 00 00 02 10 02 80 00 00 03 10 02 80 00 00 04 10 02 80 00 00 05 10 02 80 00 00 06 10 02 80 00 00 07 10 02 80 00 00 08 10 02 80 00 00 09 10 02 80 00 00 0A 10 02 80 00 00 0B 10 02 80 00 00 DC 94;HEX;
78;R;18:17:41:156;01 10 0A 06 00 08 10 19 0E 00 00 00 00 00 00 00 00 00 00 00 00 00 00 7E 9F;HEX;
79;R;18:17:41:453;01 10 0A 00 00 02 04 00 01 00 00 DC CF;HEX;
80;R;18:17:41:734;01 10 0A 05 00 01 02 00 00 0C 05;HEX;
81;R;18:17:42:031;01 10 0A FA 00 03 06 14 04 00 00 00 00 10 6F;HEX;
82;R;18:17:42:312;01 10 0A A0 00 22 44 13 42 01 10 02 80 00 00 02 10 02 80 00 00 03 10 02 80 00 00 04 10 02 80 00 00 05 10 02 80 00 00 06 10 02 80 00 00 07 10 02 80 00 00 08 10 02 80 00 00 09 10 02 80 00 00 0A 10 02 80 00 00 0B 10 02 80 00 00 DC 94;HEX;
83;R;18:17:42:640;01 10 0A 06 00 08 10 19 0E 00 00 00 00 00 00 00 00 00 00 00 00 00 00 7E 9F;HEX;
84;R;18:17:42:921;01 10 0A 00 00 02 04 00 01 00 00 DC CF;HEX;
85;R;18:17:43:218;01 10 0A 05 00 01 02 00 00 0C 05;HEX;
86;R;18:17:43:500;01 10 0A FA 00 03 06 14 04 00 00 00 00 10 6F;HEX;
87;R;18:17:43:781;01 10 0A A0 00 22 44 13 42 01 10 02 80 00 00 02 10 02 80 00 00 03 10 02 80 00 00 04 10 02 80 00 00 05 10 02 80 00 00 06 10 02 80 00 00 07 10 02 80 00 00 08 10 02 80 00 00 09 10 02 80 00 00 0A 10 02 80 00 00 0B 10 02 80 00 00 DC 94;HEX;
88;R;18:17:44:109;01 10 0A 06 00 08 10 19 0E 00 00 00 00 00 00 00 00 00 00 00 00 00 00 7E 9F;HEX;
89;R;18:17:44:390;01 10 0A 00 00 02 04 00 01 00 00 DC CF;HEX;
90;R;18:17:44:687;01 10 0A 05 00 01 02 00 00 0C 05;HEX;
91;R;18:17:44:968;01 10 0A FA 00 03 06 14 04 00 00 00 00 10 6F;HEX;
92;R;18:17:45:250;01 10 0A A0 00 22 44 13 42 01 10 02 80 00 00 02 10 02 80 00 00 03 10 02 80 00 00 04 10 02 80 00 00 05 10 02 80 00 00 06 10 02 80 00 00 07 10 02 80 00 00 08 10 02 80 00 00 09 10 02 80 00 00 0A 10 02 80 00 00 0B 10 02 80 00 00 DC 94;HEX;
93;R;18:17:45:578;01 10 0A 06 00 08 10 19 0E 00 00 00 00 00 00 00 00 00 00 00 00 00 00 7E 9F;HEX;
94;R;18:17:45:859;01 10 0A 00 00 02 04 00 01 00 00 DC CF;HEX;
95;R;18:17:46:156;01 10 0A 05 00 01 02 00 00 0C 05;HEX;
96;R;18:17:46:421;01 10 0A FA 00 03 06 14 04 00 00 00 00 10 6F;HEX;
97;R;18:17:46:718;01 10 0A A0 00 22 44 13 42 01 10 02 80 00 00 02 10 02 80 00 00 03 10 02 80 00 00 04 10 02 80 00 00 05 10 02 80 00 00 06 10 02 80 00 00 07 10 02 80 00 00 08 10 02 80 00 00 09 10 02 80 00 00 0A 10 02 80 00 00 0B 10 02 80 00 00 DC 94;HEX;
98;R;18:17:47:046;01 10 0A 06 00 08 10 19 0E 00 00 00 00 00 00 00 00 00 00 00 00 00 00 7E 9F;HEX;
99;R;18:17:47:343;01 10 0A 00 00 02 04 00 01 00 00 DC CF;HEX;
100;R;18:17:47:625;01 10 0A 05 00 01 02 00 00 0C 05;HEX;
101;R;18:17:47:906;01 10 0A FA 00 03 06 14 04 00 00 00 00 10 6F;HEX;
102;R;18:17:48:187;01 10 0A A0 00 22 44 13 42 01 10 02 80 00 00 02 10 02 80 00 00 03 10 02 80 00 00 04 10 02 80 00 00 05 10 02 80 00 00 06 10 02 80 00 00 07 10 02 80 00 00 08 10 02 80 00 00 09 10 02 80 00 00 0A 10 02 80 00 00 0B 10 02 80 00 00 DC 94;HEX;
103;R;18:17:48:500;01 10 0A 06 00 08 10 19 0E 00 00 00 00 00 00 00 00 00 00 00 00 00 00 7E 9F;HEX;
104;R;18:17:48:812;01 10 0A 00 00 02 04 00 01 00 00 DC CF;HEX;
105;R;18:17:49:093;01 10 0A 05 00 01 02 00 00 0C 05;HEX;
106;R;18:17:49:375;01 10 0A FA 00 03 06 14 04 00 00 00 00 10 6F;HEX;
107;R;18:17:49:656;01 10 0A A0 00 22 44 13 42 01 10 02 80 00 00 02 10 02 80 00 00 03 10 02 80 00 00 04 10 02 80 00 00 05 10 02 80 00 00 06 10 02 80 00 00 07 10 02 80 00 00 08 10 02 80 00 00 09 10 02 80 00 00 0A 10 02 80 00 00 0B 10 02 80 00 00 DC 94;HEX;
108;R;18:17:49:984;01 10 0A 06 00 08 10 19 0E 00 00 00 00 00 00 00 00 00 00 00 00 00 00 7E 9F;HEX;
109;R;18:17:50:281;01 10 0A 00 00 02 04 00 01 00 00 DC CF;HEX;
110;R;18:17:50:578;01 10 0A 05 00 01 02 00 00 0C 05;HEX;
111;R;18:17:50:843;01 10 0A FA 00 03 06 14 04 00 00 00 00 10 6F;HEX;
112;R;18:17:51:125;01 10 0A A0 00 22 44 13 42 01 10 02 80 00 00 02 10 02 80 00 00 03 10 02 80 00 00 04 10 02 80 00 00 05 10 02 80 00 00 06 10 02 80 00 00 07 10 02 80 00 00 08 10 02 80 00 00 09 10 02 80 00 00 0A 10 02 80 00 00 0B 10 02 80 00 00 DC 94;HEX;
113;R;18:17:51:453;01 10 0A 06 00 08 10 19 0E 41 00 00 20 00 00 00 00 00 00 00 00 00 00 94 1E;HEX;
114;R;18:17:51:750;01 10 0A 00 00 02 04 00 01 00 00 DC CF;HEX;
115;R;18:17:52:031;01 10 0A 05 00 01 02 00 00 0C 05;HEX;
116;R;18:17:52:312;01 10 0A FA 00 03 06 14 04 00 00 00 00 10 6F;HEX;
117;R;18:17:52:609;01 10 0A A0 00 22 44 13 42 01 10 02 80 00 00 02 10 02 80 00 00 03 10 02 80 00 00 04 10 02 80 00 00 05 10 02 80 00 00 06 10 02 80 00 00 07 10 02 80 00 00 08 10 02 80 00 00 09 10 02 80 00 00 0A 10 02 80 00 00 0B 10 02 80 00 00 DC 94;HEX;
118;R;18:17:52:921;01 10 0A 06 00 08 10 19 0E 41 00 00 20 00 00 00 00 00 00 00 00 00 00 94 1E;HEX;
119;R;18:17:53:218;01 10 0A 00 00 02 04 00 01 00 00 DC CF;HEX;
120;R;18:17:53:500;01 10 0A 05 00 01 02 00 00 0C 05;HEX;
121;R;18:17:53:781;01 10 0A FA 00 03 06 14 04 00 00 00 00 10 6F;HEX;
122;R;18:17:54:078;01 10 0A A0 00 22 44 13 42 01 10 02 80 00 00 02 10 02 80 00 00 03 10 02 80 00 00 04 10 02 80 00 00 05 10 02 80 00 00 06 10 02 80 00 00 07 10 02 80 00 00 08 10 02 80 00 00 09 10 02 80 00 00 0A 10 02 80 00 00 0B 10 02 80 00 00 DC 94;HEX;
123;R;18:17:54:390;01 10 0A 06 00 08 10 19 0E 41 00 00 20 00 00 00 00 00 00 00 00 00 00 94 1E;HEX;
124;R;18:17:54:687;01 10 0A 00 00 02 04 00 01 00 00 DC CF;HEX;
125;R;18:17:54:968;01 10 0A 05 00 01 02 00 00 0C 05;HEX;
126;R;18:17:55:265;01 10 0A FA 00 03 06 14 04 00 00 00 00 10 6F;HEX;
127;R;18:17:55:546;01 10 0A A0 00 22 44 13 42 01 10 02 80 00 00 02 10 02 80 00 00 03 10 02 80 00 00 04 10 02 80 00 00 05 10 02 80 00 00 06 10 02 80 00 00 07 10 02 80 00 00 08 10 02 80 00 00 09 10 02 80 00 00 0A 10 02 80 00 00 0B 10 02 80 00 00 DC 94;HEX;
128;R;18:17:55:859;01 10 0A 06 00 08 10 19 0E 41 00 00 20 00 00 00 00 00 00 00 00 00 00 94 1E;HEX;
129;R;18:17:56:156;01 10 0A 00 00 02 04 00 01 00 00 DC CF;HEX;
130;R;18:17:56:437;01 10 0A 05 00 01 02 00 00 0C 05;HEX;
131;R;18:17:56:734;01 10 0A FA 00 03 06 14 04 00 00 00 00 10 6F;HEX;
132;R;18:17:57:015;01 10 0A A0 00 22 44 13 42 01 10 02 80 00 00 02 10 02 80 00 00 03 10 02 80 00 00 04 10 02 80 00 00 05 10 02 80 00 00 06 10 02 80 00 00 07 10 02 80 00 00 08 10 02 80 00 00 09 10 02 80 00 00 0A 10 02 80 00 00 0B 10 02 80 00 00 DC 94;HEX;
133;R;18:17:57:343;01 10 0A 06 00 08 10 19 0E 41 00 00 20 00 00 00 00 00 00 00 00 00 00 94 1E;HEX;
134;R;18:17:57:625;01 10 0A 00 00 02 04 00 01 00 00 DC CF;HEX;
135;R;18:17:57:906;01 10 0A 05 00 01 02 00 00 0C 05;HEX;
136;R;18:17:58:203;01 10 0A FA 00 03 06 14 04 00 00 00 00 10 6F;HEX;
137;R;18:17:58:484;01 10 0A A0 00 22 44 13 42 01 10 02 80 00 00 02 10 02 80 00 00 03 10 02 80 00 00 04 10 02 80 00 00 05 10 02 80 00 00 06 10 02 80 00 00 07 10 02 80 00 00 08 10 02 80 00 00 09 10 02 80 00 00 0A 10 02 80 00 00 0B 10 02 80 00 00 DC 94;HEX;
138;R;18:17:58:812;01 10 0A 06 00 08 10 19 0E 41 00 00 20 00 00 00 00 00 00 00 00 00 00 94 1E;HEX;
139;R;18:17:59:093;01 10 0A 00 00 02 04 00 01 00 00 DC CF;HEX;
140;R;18:17:59:390;01 10 0A 05 00 01 02 00 00 0C 05;HEX;
141;R;18:17:59:671;01 10 0A FA 00 03 06 14 04 00 00 00 00 10 6F;HEX;
142;R;18:17:59:968;01 10 0A A0 00 22 44 13 42 01 10 02 80 00 00 02 10 02 80 00 00 03 10 02 80 00 00 04 10 02 80 00 00 05 10 02 80 00 00 06 10 02 80 00 00 07 10 02 80 00 00 08 10 02 80 00 00 09 10 02 80 00 00 0A 10 02 80 00 00 0B 10 02 80 00 00 DC 94;HEX;
143;R;18:18:00:281;01 10 0A 06 00 08 10 19 0E 41 00 00 20 00 00 00 00 00 00 00 00 00 00 94 1E;HEX;
144;R;18:18:00:562;01 10 0A 00 00 02 04 00 01 00 00 DC CF;HEX;
145;R;18:18:00:859;01 10 0A 05 00 01 02 00 00 0C 05;HEX;
146;R;18:18:01:140;01 10 0A FA 00 03 06 14 04 00 00 00 00 10 6F;HEX;
147;R;18:18:01:437;01 10 0A A0 00 22 44 13 42 01 10 02 80 00 00 02 10 02 80 00 00 03 10 02 80 00 00 04 10 02 80 00 00 05 10 02 80 00 00 06 10 02 80 00 00 07 10 02 80 00 00 08 10 02 80 00 00 09 10 02 80 00 00 0A 10 02 80 00 00 0B 10 02 80 00 00 DC 94;HEX;
148;R;18:18:01:750;01 10 0A 06 00 08 10 19 0E 41 00 00 20 00 00 00 00 00 00 00 00 00 00 94 1E;HEX;
149;R;18:18:02:046;01 10 0A 00 00 02 04 00 01 00 00 DC CF;HEX;
150;R;18:18:02:328;01 10 0A 05 00 01 02 00 00 0C 05;HEX;
151;R;18:18:02:609;01 10 0A FA 00 03 06 14 04 00 00 00 00 10 6F;HEX;
152;R;18:18:02:906;01 10 0A A0 00 22 44 13 42 01 10 02 80 00 00 02 10 02 80 00 00 03 10 02 80 00 00 04 10 02 80 00 00 05 10 02 80 00 00 06 10 02 80 00 00 07 10 02 80 00 00 08 10 02 80 00 00 09 10 02 80 00 00 0A 10 02 80 00 00 0B 10 02 80 00 00 DC 94;HEX;
153;R;18:18:03:218;01 10 0A 06 00 08 10 19 0E 41 00 00 20 00 00 00 00 00 00 00 00 00 00 94 1E;HEX;
154;R;18:18:03:515;01 10 0A 00 00 02 04 00 01 00 00 DC CF;HEX;
155;R;18:18:03:796;01 10 0A 05 00 01 02 00 00 0C 05;HEX;
156;R;18:18:04:093;01 10 0A FA 00 03 06 14 04 00 00 00 00 10 6F;HEX;
157;R;18:18:04:375;01 10 0A A0 00 22 44 13 42 01 10 02 80 00 00 02 10 02 80 00 00 03 10 02 80 00 00 04 10 02 80 00 00 05 10 02 80 00 00 06 10 02 80 00 00 07 10 02 80 00 00 08 10 02 80 00 00 09 10 02 80 00 00 0A 10 02 80 00 00 0B 10 02 80 00 00 DC 94;HEX;
158;R;18:18:04:703;01 10 0A 06 00 08 10 19 0E 41 00 00 20 00 00 00 00 00 00 00 00 00 00 94 1E;HEX;
159;R;18:18:04:984;01 10 0A 00 00 02 04 00 01 00 00 DC CF;HEX;
160;R;18:18:05:265;01 10 0A 05 00 01 02 00 00 0C 05;HEX;
161;R;18:18:05:562;01 10 0A FA 00 03 06 14 04 00 00 00 00 10 6F;HEX;
162;R;18:18:05:843;01 10 0A A0 00 22 44 13 42 01 10 02 80 00 00 02 10 02 80 00 00 03 10 02 80 00 00 04 10 02 80 00 00 05 10 02 80 00 00 06 10 02 80 00 00 07 10 02 80 00 00 08 10 02 80 00 00 09 10 02 80 00 00 0A 10 02 80 00 00 0B 10 02 80 00 00 DC 94;HEX;
163;R;18:18:06:171;01 10 0A 06 00 08 10 19 0E 41 00 00 20 00 00 00 00 00 00 00 00 00 00 94 1E;HEX;
164;R;18:18:06:453;01 10 0A 00 00 02 04 00 01 00 00 DC CF;HEX;
165;R;18:18:06:750;01 10 0A 05 00 01 02 00 00 0C 05;HEX;
166;R;18:18:07:015;01 10 0A FA 00 03 06 14 04 00 00 00 00 10 6F;HEX;
167;R;18:18:07:296;01 10 0A A0 00 22 44 13 42 01 10 02 80 00 00 02 10 02 80 00 00 03 10 02 80 00 00 04 10 02 80 00 00 05 10 02 80 00 00 06 10 02 80 00 00 07 10 02 80 00 00 08 10 02 80 00 00 09 10 02 80 00 00 0A 10 02 80 00 00 0B 10 02 80 00 00 DC 94;HEX;
168;R;18:18:07:640;01 10 0A 06 00 08 10 19 0E 41 00 00 20 00 00 00 00 00 00 00 00 00 00 94 1E;HEX;
169;R;18:18:07:921;01 10 0A 00 00 02 04 00 01 00 00 DC CF;HEX;
170;R;18:18:08:218;01 10 0A 05 00 01 02 00 00 0C 05;HEX;
171;R;18:18:08:484;01 10 0A FA 00 03 06 14 04 00 00 00 00 10 6F;HEX;
172;R;18:18:08:781;01 10 0A A0 00 22 44 13 42 01 10 02 80 00 00 02 10 02 80 00 00 03 10 02 80 00 00 04 10 02 80 00 00 05 10 02 80 00 00 06 10 02 80 00 00 07 10 02 80 00 00 08 10 02 80 00 00 09 10 02 80 00 00 0A 10 02 80 00 00 0B 10 02 80 00 00 DC 94;HEX;
173;R;18:18:09:093;01 10 0A 06 00 08 10 19 0E 41 00 00 20 00 00 00 00 00 00 00 00 00 00 94 1E;HEX;
174;R;18:18:09:406;01 10 0A 00 00 02 04 00 01 00 00 DC CF;HEX;
175;R;18:18:09:687;01 10 0A 05 00 01 02 00 00 0C 05;HEX;
176;R;18:18:09:953;01 10 0A FA 00 03 06 14 04 00 00 00 00 10 6F;HEX;
177;R;18:18:10:250;01 10 0A A0 00 22 44 13 42 01 10 02 80 00 00 02 10 02 80 00 00 03 10 02 80 00 00 04 10 02 80 00 00 05 10 02 80 00 00 06 10 02 80 00 00 07 10 02 80 00 00 08 10 02 80 00 00 09 10 02 80 00 00 0A 10 02 80 00 00 0B 10 02 80 00 00 DC 94;HEX;
178;R;18:18:10:562;01 10 0A 06 00 08 10 19 0E 41 00 00 20 00 00 00 00 00 00 00 00 00 00 94 1E;HEX;
179;R;18:18:10:875;01 10 0A 00 00 02 04 00 01 00 00 DC CF;HEX;
180;R;18:18:11:156;01 10 0A 05 00 01 02 00 00 0C 05;HEX;
181;R;18:18:11:437;01 10 0A FA 00 03 06 14 04 00 00 00 00 10 6F;HEX;
182;R;18:18:11:718;01 10 0A A0 00 22 44 13 42 01 10 02 80 00 00 02 10 02 80 00 00 03 10 02 80 00 00 04 10 02 80 00 00 05 10 02 80 00 00 06 10 02 80 00 00 07 10 02 80 00 00 08 10 02 80 00 00 09 10 02 80 00 00 0A 10 02 80 00 00 0B 10 02 80 00 00 DC 94;HEX;
183;R;18:18:12:046;01 10 0A 06 00 08 10 19 0E 41 00 00 20 00 00 00 00 00 00 00 00 00 00 94 1E;HEX;
184;R;18:18:12:343;01 10 0A 00 00 02 04 00 01 00 00 DC CF;HEX;
185;R;18:18:12:609;01 10 0A 05 00 01 02 00 00 0C 05;HEX;
186;R;18:18:12:906;01 10 0A FA 00 03 06 14 04 00 00 00 00 10 6F;HEX;
187;R;18:18:13:187;01 10 0A A0 00 22 44 13 42 01 10 02 80 00 00 02 10 02 80 00 00 03 10 02 80 00 00 04 10 02 80 00 00 05 10 02 80 00 00 06 10 02 80 00 00 07 10 02 80 00 00 08 10 02 80 00 00 09 10 02 80 00 00 0A 10 02 80 00 00 0B 10 02 80 00 00 DC 94;HEX;
188;R;18:18:13:515;01 10 0A 06 00 08 10 19 0E 41 00 00 20 00 00 00 00 00 00 00 00 00 00 94 1E;HEX;
189;R;18:18:13:812;01 10 0A 00 00 02 04 00 01 00 00 DC CF;HEX;
190;R;18:18:14:093;01 10 0A 05 00 01 02 00 00 0C 05;HEX;
191;R;18:18:14:375;01 10 0A FA 00 03 06 14 04 00 00 00 00 10 6F;HEX;
192;R;18:18:14:656;01 10 0A A0 00 22 44 13 42 01 10 02 80 00 00 02 10 02 80 00 00 03 10 02 80 00 00 04 10 02 80 00 00 05 10 02 80 00 00 06 10 02 80 00 00 07 10 02 80 00 00 08 10 02 80 00 00 09 10 02 80 00 00 0A 10 02 80 00 00 0B 10 02 80 00 00 DC 94;HEX;
193;R;18:18:14:984;01 10 0A 06 00 08 10 19 0E 41 00 00 20 00 00 00 00 00 00 00 00 00 00 94 1E;HEX;
194;R;18:18:15:265;01 10 0A 00 00 02 04 00 01 00 00 DC CF;HEX;
195;R;18:18:15:562;01 10 0A 05 00 01 02 00 00 0C 05;HEX;
196;R;18:18:15:843;01 10 0A FA 00 03 06 14 04 00 00 00 00 10 6F;HEX;
197;R;18:18:16:140;01 10 0A A0 00 22 44 13 42 01 10 02 80 00 00 02 10 02 80 00 00 03 10 02 80 00 00 04 10 02 80 00 00 05 10 02 80 00 00 06 10 02 80 00 00 07 10 02 80 00 00 08 10 02 80 00 00 09 10 02 80 00 00 0A 10 02 80 00 00 0B 10 02 80 00 00 DC 94;HEX;
198;R;18:18:16:453;01 10 0A 06 00 08 10 19 0E 41 00 00 20 00 00 00 00 00 00 00 00 00 00 94 1E;HEX;
199;R;18:18:16:750;01 10 0A 00 00 02 04 00 01 00 00 DC CF;HEX;
200;R;18:18:17:031;01 10 0A 05 00 01 02 00 00 0C 05;HEX;
201;R;18:18:17:312;01 10 0A FA 00 03 06 14 04 00 00 00 00 10 6F;HEX;
202;R;18:18:17:609;01 10 0A A0 00 22 44 13 42 01 10 02 80 00 00 02 10 02 80 00 00 03 10 02 80 00 00 04 10 02 80 00 00 05 10 02 80 00 00 06 10 02 80 00 00 07 10 02 80 00 00 08 10 02 80 00 00 09 10 02 80 00 00 0A 10 02 80 00 00 0B 10 02 80 00 00 DC 94;HEX;
203;R;18:18:17:921;01 10 0A 06 00 08 10 19 0E 41 00 00 20 00 00 00 00 00 00 00 00 00 00 94 1E;HEX;
204;R;18:18:18:218;01 10 0A 00 00 02 04 00 01 00 00 DC CF;HEX;
205;R;18:18:18:500;01 10 0A 05 00 01 02 00 00 0C 05;HEX;
206;R;18:18:18:796;01 10 0A FA 00 03 06 14 04 00 00 00 00 10 6F;HEX;
207;R;18:18:19:078;01 10 0A A0 00 22 44 13 42 01 10 02 80 00 00 02 10 02 80 00 00 03 10 02 80 00 00 04 10 02 80 00 00 05 10 02 80 00 00 06 10 02 80 00 00 07 10 02 80 00 00 08 10 02 80 00 00 09 10 02 80 00 00 0A 10 02 80 00 00 0B 10 02 80 00 00 DC 94;HEX;
208;R;18:18:19:406;01 10 0A 06 00 08 10 19 0E 41 00 00 20 00 00 00 00 00 00 00 00 00 00 94 1E;HEX;
209;R;18:18:19:687;01 10 0A 00 00 02 04 00 01 00 00 DC CF;HEX;
210;R;18:18:19:968;01 10 0A 05 00 01 02 00 00 0C 05;HEX;
211;R;18:18:20:265;01 10 0A FA 00 03 06 14 04 00 00 00 00 10 6F;HEX;
212;R;18:18:20:546;01 10 0A A0 00 22 44 13 42 01 10 02 80 00 00 02 10 02 80 00 00 03 10 02 80 00 00 04 10 02 80 00 00 05 10 02 80 00 00 06 10 02 80 00 00 07 10 02 80 00 00 08 10 02 80 00 00 09 10 02 80 00 00 0A 10 02 80 00 00 0B 10 02 80 00 00 DC 94;HEX;
213;R;18:18:20:875;01 10 0A 06 00 08 10 19 0E 41 00 00 20 00 00 00 00 00 00 00 00 00 00 94 1E;HEX;
214;R;18:18:21:156;01 10 0A 00 00 02 04 00 01 00 00 DC CF;HEX;
215;R;18:18:21:453;01 10 0A 05 00 01 02 00 00 0C 05;HEX;
216;R;18:18:21:734;01 10 0A FA 00 03 06 14 04 00 00 00 00 10 6F;HEX;
217;R;18:18:22:015;01 10 0A A0 00 22 44 13 42 01 10 02 80 00 00 02 10 02 80 00 00 03 10 02 80 00 00 04 10 02 80 00 00 05 10 02 80 00 00 06 10 02 80 00 00 07 10 02 80 00 00 08 10 02 80 00 00 09 10 02 80 00 00 0A 10 02 80 00 00 0B 10 02 80 00 00 DC 94;HEX;
218;R;18:18:22:343;01 10 0A 06 00 08 10 19 0E 41 00 00 20 00 00 00 00 00 00 00 00 00 00 94 1E;HEX;
219;R;18:18:22:625;01 10 0A 00 00 02 04 00 01 00 00 DC CF;HEX;
220;R;18:18:22:921;01 10 0A 05 00 01 02 00 00 0C 05;HEX;
221;R;18:18:23:203;01 10 0A FA 00 03 06 14 04 00 00 00 00 10 6F;HEX;
222;R;18:18:23:500;01 10 0A A0 00 22 44 13 42 01 10 02 80 00 00 02 10 02 80 00 00 03 10 02 80 00 00 04 10 02 80 00 00 05 10 02 80 00 00 06 10 02 80 00 00 07 10 02 80 00 00 08 10 02 80 00 00 09 10 02 80 00 00 0A 10 02 80 00 00 0B 10 02 80 00 00 DC 94;HEX;
223;R;18:18:23:812;01 10 0A 06 00 08 10 19 0E 41 00 00 20 00 00 00 00 00 00 00 00 00 00 94 1E;HEX;
224;R;18:18:24:109;01 10 0A 00 00 02 04 00 01 00 00 DC CF;HEX;
225;R;18:18:24:390;01 10 0A 05 00 01 02 00 00 0C 05;HEX;
226;R;18:18:24:671;01 10 0A FA 00 03 06 14 04 00 00 00 00 10 6F;HEX;
227;R;18:18:24:968;01 10 0A A0 00 22 44 13 42 01 10 02 80 00 00 02 10 02 80 00 00 03 10 02 80 00 00 04 10 02 80 00 00 05 10 02 80 00 00 06 10 02 80 00 00 07 10 02 80 00 00 08 10 02 80 00 00 09 10 02 80 00 00 0A 10 02 80 00 00 0B 10 02 80 00 00 DC 94;HEX;
228;R;18:18:25:281;01 10 0A 06 00 08 10 19 0E 41 00 00 20 00 00 00 00 00 00 00 00 00 00 94 1E;HEX;
229;R;18:18:25:578;01 10 0A 00 00 02 04 00 01 00 00 DC CF;HEX;
230;R;18:18:25:859;01 10 0A 05 00 01 02 00 00 0C 05;HEX;
231;R;18:18:26:156;01 10 0A FA 00 03 06 14 04 00 00 00 00 10 6F;HEX;
232;R;18:18:26:421;01 10 0A A0 00 22 44 13 42 01 10 02 80 00 00 02 10 02 80 00 00 03 10 02 80 00 00 04 10 02 80 00 00 05 10 02 80 00 00 06 10 02 80 00 00 07 10 02 80 00 00 08 10 02 80 00 00 09 10 02 80 00 00 0A 10 02 80 00 00 0B 10 02 80 00 00 DC 94;HEX;
233;R;18:18:26:750;01 10 0A 06 00 08 10 19 0E 41 00 00 20 00 00 00 00 00 00 00 00 00 00 94 1E;HEX;
234;R;18:18:27:046;01 10 0A 00 00 02 04 00 01 00 00 DC CF;HEX;
235;R;18:18:27:328;01 10 0A 05 00 01 02 00 00 0C 05;HEX;
236;R;18:18:27:609;01 10 0A FA 00 03 06 14 04 00 00 00 00 10 6F;HEX;
237;R;18:18:27:890;01 10 0A A0 00 22 44 13 42 01 10 02 80 00 00 02 10 02 80 00 00 03 10 02 80 00 00 04 10 02 80 00 00 05 10 02 80 00 00 06 10 02 80 00 00 07 10 02 80 00 00 08 10 02 80 00 00 09 10 02 80 00 00 0A 10 02 80 00 00 0B 10 02 80 00 00 DC 94;HEX;
238;R;18:18:28:234;01 10 0A 06 00 08 10 19 0E 41 00 00 20 00 00 00 00 00 00 00 00 00 00 94 1E;HEX;
239;R;18:18:28:515;01 10 0A 00 00 02 04 00 01 00 00 DC CF;HEX;
240;R;18:18:28:812;01 10 0A 05 00 01 02 00 00 0C 05;HEX;
241;R;18:18:29:078;01 10 0A FA 00 03 06 14 04 00 00 00 00 10 6F;HEX;
242;R;18:18:29:359;01 10 0A A0 00 22 44 13 42 01 10 02 80 00 00 02 10 02 80 00 00 03 10 02 80 00 00 04 10 02 80 00 00 05 10 02 80 00 00 06 10 02 80 00 00 07 10 02 80 00 00 08 10 02 80 00 00 09 10 02 80 00 00 0A 10 02 80 00 00 0B 10 02 80 00 00 DC 94;HEX;
243;R;18:18:29:703;01 10 0A 06 00 08 10 19 0E 41 00 00 20 00 00 00 00 00 00 00 00 00 00 94 1E;HEX;
244;R;18:18:29:984;01 10 0A 00 00 02 04 00 01 00 00 DC CF;HEX;
245;R;18:18:30:281;01 10 0A 05 00 01 02 00 00 0C 05;HEX;
246;R;18:18:30:546;01 10 0A FA 00 03 06 14 04 00 00 00 00 10 6F;HEX;
247;R;18:18:30:843;01 10 0A A0 00 22 44 13 42 01 10 02 80 00 00 02 10 02 80 00 00 03 10 02 80 00 00 04 10 02 80 00 00 05 10 02 80 00 00 06 10 02 80 00 00 07 10 02 80 00 00 08 10 02 80 00 00 09 10 02 80 00 00 0A 10 02 80 00 00 0B 10 02 80 00 00 DC 94;HEX;
248;R;18:18:31:156;01 10 0A 06 00 08 10 19 0E 41 00 00 20 00 00 00 00 00 00 00 00 00 00 94 1E;HEX;
249;R;18:18:31:453;01 10 0A 00 00 02 04 00 01 00 00 DC CF;HEX;
250;R;18:18:31:750;01 10 0A 05 00 01 02 00 00 0C 05;HEX;
251;R;18:18:32:015;01 10 0A FA 00 03 06 14 04 00 00 00 00 10 6F;HEX;
252;R;18:18:32:312;01 10 0A A0 00 22 44 13 42 01 10 02 80 00 00 02 10 02 80 00 00 03 10 02 80 00 00 04 10 02 80 00 00 05 10 02 80 00 00 06 10 02 80 00 00 07 10 02 80 00 00 08 10 02 80 00 00 09 10 02 80 00 00 0A 10 02 80 00 00 0B 10 02 80 00 00 DC 94;HEX;
253;R;18:18:32:625;01 10 0A 06 00 08 10 19 0E 41 00 00 20 00 00 00 00 00 00 00 00 00 00 94 1E;HEX;
254;R;18:18:32:937;01 10 0A 00 00 02 04 00 01 00 00 DC CF;HEX;
255;R;18:18:33:218;01 10 0A 05 00 01 02 00 00 0C 05;HEX;
256;R;18:18:33:484;01 10 0A FA 00 03 06 14 04 00 00 00 00 10 6F;HEX;
257;R;18:18:33:781;01 10 0A A0 00 22 44 13 42 01 10 02 80 00 00 02 10 02 80 00 00 03 10 02 80 00 00 04 10 02 80 00 00 05 10 02 80 00 00 06 10 02 80 00 00 07 10 02 80 00 00 08 10 02 80 00 00 09 10 02 80 00 00 0A 10 02 80 00 00 0B 10 02 80 00 00 DC 94;HEX;
258;R;18:18:34:093;01 10 0A 06 00 08 10 19 0E 41 00 00 20 00 00 00 00 00 00 00 00 00 00 94 1E;HEX;
259;R;18:18:34:406;01 10 0A 00 00 02 04 00 01 00 00 DC CF;HEX;
260;R;18:18:34:671;01 10 0A 05 00 01 02 00 00 0C 05;HEX;
261;R;18:18:34:968;01 10 0A FA 00 03 06 14 04 00 00 00 00 10 6F;HEX;
262;R;18:18:35:250;01 10 0A A0 00 22 44 13 42 01 10 02 80 00 00 02 10 02 80 00 00 03 10 02 80 00 00 04 10 02 80 00 00 05 10 02 80 00 00 06 10 02 80 00 00 07 10 02 80 00 00 08 10 02 80 00 00 09 10 02 80 00 00 0A 10 02 80 00 00 0B 10 02 80 00 00 DC 94;HEX;
263;R;18:18:35:578;01 10 0A 06 00 08 10 19 0E 41 00 00 20 00 00 00 00 00 00 00 00 00 00 94 1E;HEX;
264;R;18:18:35:875;01 10 0A 00 00 02 04 00 01 00 00 DC CF;HEX;
265;R;18:18:36:140;01 10 0A 05 00 01 02 00 00 0C 05;HEX;
266;R;18:18:36:437;01 10 0A FA 00 03 06 14 04 00 00 00 00 10 6F;HEX;
267;R;18:18:36:718;01 10 0A A0 00 22 44 13 42 01 10 02 80 00 00 02 10 02 80 00 00 03 10 02 80 00 00 04 10 02 80 00 00 05 10 02 80 00 00 06 10 02 80 00 00 07 10 02 80 00 00 08 10 02 80 00 00 09 10 02 80 00 00 0A 10 02 80 00 00 0B 10 02 80 00 00 DC 94;HEX;
268;R;18:18:37:046;01 10 0A 06 00 08 10 19 0E 41 00 00 20 00 00 00 00 00 00 00 00 00 00 94 1E;HEX;
269;R;18:18:37:328;01 10 0A 00 00 02 04 00 01 00 00 DC CF;HEX;
270;R;18:18:37:625;01 10 0A 05 00 01 02 00 00 0C 05;HEX;
271;R;18:18:37:906;01 10 0A FA 00 03 06 14 04 00 00 00 00 10 6F;HEX;
272;R;18:18:38:187;01 10 0A A0 00 22 44 13 42 01 10 02 80 00 00 02 10 02 80 00 00 03 10 02 80 00 00 04 10 02 80 00 00 05 10 02 80 00 00 06 10 02 80 00 00 07 10 02 80 00 00 08 10 02 80 00 00 09 10 02 80 00 00 0A 10 02 80 00 00 0B 10 02 80 00 00 DC 94;HEX;
273;R;18:18:38:515;01 10 0A 06 00 08 10 19 0E 41 00 00 20 00 00 00 00 00 00 00 00 00 00 94 1E;HEX;
274;R;18:18:38:796;01 10 0A 00 00 02 04 00 01 00 00 DC CF;HEX;
275;R;18:18:39:093;01 10 0A 05 00 01 02 00 00 0C 05;HEX;
276;R;18:18:39:375;01 10 0A FA 00 03 06 14 04 00 00 00 00 10 6F;HEX;
277;R;18:18:39:671;01 10 0A A0 00 22 44 13 42 01 10 02 80 00 00 02 10 02 80 00 00 03 10 02 80 00 00 04 10 02 80 00 00 05 10 02 80 00 00 06 10 02 80 00 00 07 10 02 80 00 00 08 10 02 80 00 00 09 10 02 80 00 00 0A 10 02 80 00 00 0B 10 02 80 00 00 DC 94;HEX;
278;R;18:18:39:984;01 10 0A 06 00 08 10 19 0E 41 00 00 20 00 00 00 00 00 00 00 00 00 00 94 1E;HEX;
279;R;18:18:40:281;01 10 0A 00 00 02 04 00 01 00 00 DC CF;HEX;
280;R;18:18:40:562;01 10 0A 05 00 01 02 00 00 0C 05;HEX;
281;R;18:18:40:843;01 10 0A FA 00 03 06 14 04 00 00 00 00 10 6F;HEX;
282;R;18:18:41:140;01 10 0A A0 00 22 44 13 42 01 10 02 80 00 00 02 10 02 80 00 00 03 10 02 80 00 00 04 10 02 80 00 00 05 10 02 80 00 00 06 10 02 80 00 00 07 10 02 80 00 00 08 10 02 80 00 00 09 10 02 80 00 00 0A 10 02 80 00 00 0B 10 02 80 00 00 DC 94;HEX;
283;R;18:18:41:453;01 10 0A 06 00 08 10 19 0E 41 00 00 20 00 00 00 00 00 00 00 00 00 00 94 1E;HEX;
284;R;18:18:41:750;01 10 0A 00 00 02 04 00 01 00 00 DC CF;HEX;
285;R;18:18:42:031;01 10 0A 05 00 01 02 00 00 0C 05;HEX;
286;R;18:18:42:328;01 10 0A FA 00 03 06 14 04 00 00 00 00 10 6F;HEX;
287;R;18:18:42:609;01 10 0A A0 00 22 44 13 42 01 10 02 80 00 00 02 10 02 80 00 00 03 10 02 80 00 00 04 10 02 80 00 00 05 10 02 80 00 00 06 10 02 80 00 00 07 10 02 80 00 00 08 10 02 80 00 00 09 10 02 80 00 00 0A 10 02 80 00 00 0B 10 02 80 00 00 DC 94;HEX;
288;R;18:18:42:937;01 10 0A 06 00 08 10 19 0E 41 00 00 20 00 00 00 00 00 00 00 00 00 00 94 1E;HEX;
289;R;18:18:43:218;01 10 0A 00 00 02 04 00 01 00 00 DC CF;HEX;
290;R;18:18:43:500;01 10 0A 05 00 01 02 00 00 0C 05;HEX;
291;R;18:18:43:796;01 10 0A FA 00 03 06 14 04 00 00 00 00 10 6F;HEX;
292;R;18:18:44:078;01 10 0A A0 00 22 44 13 42 01 10 02 80 00 00 02 10 02 80 00 00 03 10 02 80 00 00 04 10 02 80 00 00 05 10 02 80 00 00 06 10 02 80 00 00 07 10 02 80 00 00 08 10 02 80 00 00 09 10 02 80 00 00 0A 10 02 80 00 00 0B 10 02 80 00 00 DC 94;HEX;
293;R;18:18:44:406;01 10 0A 06 00 08 10 19 0E 41 00 00 20 00 00 00 00 00 00 00 00 00 00 94 1E;HEX;
294;R;18:18:44:687;01 10 0A 00 00 02 04 00 01 00 00 DC CF;HEX;
295;R;18:18:44:984;01 10 0A 05 00 01 02 00 00 0C 05;HEX;
296;R;18:18:45:265;01 10 0A FA 00 03 06 14 04 00 00 00 00 10 6F;HEX;
297;R;18:18:45:546;01 10 0A A0 00 22 44 13 42 01 10 02 80 00 00 02 10 02 80 00 00 03 10 02 80 00 00 04 10 02 80 00 00 05 10 02 80 00 00 06 10 02 80 00 00 07 10 02 80 00 00 08 10 02 80 00 00 09 10 02 80 00 00 0A 10 02 80 00 00 0B 10 02 80 00 00 DC 94;HEX;
298;R;18:18:45:875;01 10 0A 06 00 08 10 19 0E 41 00 00 20 00 00 00 00 00 00 00 00 00 00 94 1E;HEX;
299;R;18:18:46:156;01 10 0A 00 00 02 04 00 01 00 00 DC CF;HEX;
300;R;18:18:46:453;01 10 0A 05 00 01 02 00 00 0C 05;HEX;
301;R;18:18:46:734;01 10 0A FA 00 03 06 14 04 00 00 00 00 10 6F;HEX;
302;R;18:18:47:031;01 10 0A A0 00 22 44 13 42 01 10 02 80 00 00 02 10 02 80 00 00 03 10 02 80 00 00 04 10 02 80 00 00 05 10 02 80 00 00 06 10 02 80 00 00 07 10 02 80 00 00 08 10 02 80 00 00 09 10 02 80 00 00 0A 10 02 80 00 00 0B 10 02 80 00 00 DC 94;HEX;
303;R;18:18:47:343;01 10 0A 06 00 08 10 19 0E 41 00 00 20 00 00 00 00 00 00 00 00 00 00 94 1E;HEX;
304;R;18:18:47:640;01 10 0A 00 00 02 04 00 01 00 00 DC CF;HEX;
305;R;18:18:47:921;01 10 0A 05 00 01 02 00 00 0C 05;HEX;
306;R;18:18:48:203;01 10 0A FA 00 03 06 14 04 00 00 00 00 10 6F;HEX;
307;R;18:18:48:484;01 10 0A A0 00 22 44 13 42 01 10 02 80 00 00 02 10 02 80 00 00 03 10 02 80 00 00 04 10 02 80 00 00 05 10 02 80 00 00 06 10 02 80 00 00 07 10 02 80 00 00 08 10 02 80 00 00 09 10 02 80 00 00 0A 10 02 80 00 00 0B 10 02 80 00 00 DC 94;HEX;
308;R;18:18:48:812;01 10 0A 06 00 08 10 19 0E 41 00 00 20 00 00 00 00 00 00 00 00 00 00 94 1E;HEX;
309;R;18:18:49:109;01 10 0A 00 00 02 04 00 01 00 00 DC CF;HEX;
310;R;18:18:49:390;01 10 0A 05 00 01 02 00 00 0C 05;HEX;
311;R;18:18:49:671;01 10 0A FA 00 03 06 14 04 00 00 00 00 10 6F;HEX;
312;R;18:18:49:953;01 10 0A A0 00 22 44 13 42 01 10 02 80 00 00 02 10 02 80 00 00 03 10 02 80 00 00 04 10 02 80 00 00 05 10 02 80 00 00 06 10 02 80 00 00 07 10 02 80 00 00 08 10 02 80 00 00 09 10 02 80 00 00 0A 10 02 80 00 00 0B 10 02 80 00 00 DC 94;HEX;
313;R;18:18:50:296;01 10 0A 06 00 08 10 19 0E 41 00 00 20 00 00 00 00 00 00 00 00 00 00 94 1E;HEX;
314;R;18:18:50:578;01 10 0A 00 00 02 04 00 01 00 00 DC CF;HEX;
315;R;18:18:50:859;01 10 0A 05 00 01 02 00 00 0C 05;HEX;
316;R;18:18:51:140;01 10 0A FA 00 03 06 14 04 00 00 00 00 10 6F;HEX;
317;R;18:18:51:421;01 10 0A A0 00 22 44 13 42 01 10 02 80 00 00 02 10 02 80 00 00 03 10 02 80 00 00 04 10 02 80 00 00 05 10 02 80 00 00 06 10 02 80 00 00 07 10 02 80 00 00 08 10 02 80 00 00 09 10 02 80 00 00 0A 10 02 80 00 00 0B 10 02 80 00 00 DC 94;HEX;
318;R;18:18:51:750;01 10 0A 06 00 08 10 19 0E 41 00 00 20 00 00 00 00 00 00 00 00 00 00 94 1E;HEX;
319;R;18:18:52:046;01 10 0A 00 00 02 04 00 01 00 00 DC CF;HEX;
320;R;18:18:52:343;01 10 0A 05 00 01 02 00 00 0C 05;HEX;
321;R;18:18:52:609;01 10 0A FA 00 03 06 14 04 00 00 00 00 10 6F;HEX;
322;R;18:18:52:890;01 10 0A A0 00 22 44 13 42 01 10 02 80 00 00 02 10 02 80 00 00 03 10 02 80 00 00 04 10 02 80 00 00 05 10 02 80 00 00 06 10 02 80 00 00 07 10 02 80 00 00 08 10 02 80 00 00 09 10 02 80 00 00 0A 10 02 80 00 00 0B 10 02 80 00 00 DC 94;HEX;
323;R;18:18:53:218;01 10 0A 06 00 08 10 19 0E 41 00 00 20 00 00 00 00 00 00 00 00 00 00 94 1E;HEX;
324;R;18:18:53:515;01 10 0A 00 00 02 04 00 01 00 00 DC CF;HEX;
325;R;18:18:53:812;01 10 0A 05 00 01 02 00 00 0C 05;HEX;
326;R;18:18:54:078;01 10 0A FA 00 03 06 14 04 00 00 00 00 10 6F;HEX;
327;R;18:18:54:375;01 10 0A A0 00 22 44 13 42 01 10 02 80 00 00 02 10 02 80 00 00 03 10 02 80 00 00 04 10 02 80 00 00 05 10 02 80 00 00 06 10 02 80 00 00 07 10 02 80 00 00 08 10 02 80 00 00 09 10 02 80 00 00 0A 10 02 80 00 00 0B 10 02 80 00 00 DC 94;HEX;
328;R;18:18:54:687;01 10 0A 06 00 08 10 19 0E 41 00 00 20 00 00 00 00 00 00 00 00 00 00 94 1E;HEX;
329;R;18:18:55:000;01 10 0A 00 00 02 04 00 01 00 00 DC CF;HEX;
330;R;18:18:55:265;01 10 0A 05 00 01 02 00 00 0C 05;HEX;
331;R;18:18:55:546;01 10 0A FA 00 03 06 14 04 00 00 00 00 10 6F;HEX;
332;R;18:18:55:843;01 10 0A A0 00 22 44 13 42 01 10 02 80 00 00 02 10 02 80 00 00 03 10 02 80 00 00 04 10 02 80 00 00 05 10 02 80 00 00 06 10 02 80 00 00 07 10 02 80 00 00 08 10 02 80 00 00 09 10 02 80 00 00 0A 10 02 80 00 00 0B 10 02 80 00 00 DC 94;HEX;
333;R;18:18:56:156;01 10 0A 06 00 08 10 19 0E 41 00 00 20 00 00 00 00 00 00 00 00 00 00 94 1E;HEX;
334;R;18:18:56:453;01 10 0A 00 00 02 04 00 01 00 00 DC CF;HEX;
335;R;18:18:56:734;01 10 0A 05 00 01 02 00 00 0C 05;HEX;
336;R;18:18:57:031;01 10 0A FA 00 03 06 14 04 00 00 00 00 10 6F;HEX;
337;R;18:18:57:312;01 10 0A A0 00 22 44 13 42 01 10 02 80 00 00 02 10 02 80 00 00 03 10 02 80 00 00 04 10 02 80 00 00 05 10 02 80 00 00 06 10 02 80 00 00 07 10 02 80 00 00 08 10 02 80 00 00 09 10 02 80 00 00 0A 10 02 80 00 00 0B 10 02 80 00 00 DC 94;HEX;
338;R;18:18:57:625;01 10 0A 06 00 08 10 19 0E 41 00 00 20 00 00 00 00 00 00 00 00 00 00 94 1E;HEX;
339;R;18:18:57:921;01 10 0A 00 00 02 04 00 01 00 00 DC CF;HEX;
340;R;18:18:58:203;01 10 0A 05 00 01 02 00 00 0C 05;HEX;
341;R;18:18:58:500;01 10 0A FA 00 03 06 14 04 00 00 00 00 10 6F;HEX;
342;R;18:18:58:781;01 10 0A A0 00 22 44 13 42 01 10 02 80 00 00 02 10 02 80 00 00 03 10 02 80 00 00 04 10 02 80 00 00 05 10 02 80 00 00 06 10 02 80 00 00 07 10 02 80 00 00 08 10 02 80 00 00 09 10 02 80 00 00 0A 10 02 80 00 00 0B 10 02 80 00 00 DC 94;HEX;
343;R;18:18:59:109;01 10 0A 06 00 08 10 19 0E 41 00 00 20 00 00 00 00 00 00 00 00 00 00 94 1E;HEX;
344;R;18:18:59:390;01 10 0A 00 00 02 04 00 01 00 00 DC CF;HEX;
345;R;18:18:59:687;01 10 0A 05 00 01 02 00 00 0C 05;HEX;
346;R;18:18:59:968;01 10 0A FA 00 03 06 14 04 00 00 00 00 10 6F;HEX;
347;R;18:19:00:250;01 10 0A A0 00 22 44 13 42 01 10 02 80 00 00 02 10 02 80 00 00 03 10 02 80 00 00 04 10 02 80 00 00 05 10 02 80 00 00 06 10 02 80 00 00 07 10 02 80 00 00 08 10 02 80 00 00 09 10 02 80 00 00 0A 10 02 80 00 00 0B 10 02 80 00 00 DC 94;HEX;
348;R;18:19:00:578;01 10 0A 06 00 08 10 19 0E 41 00 00 20 00 00 00 00 00 00 00 00 00 00 94 1E;HEX;
349;R;18:19:00:859;01 10 0A 00 00 02 04 00 01 00 00 DC CF;HEX;
350;R;18:19:01:156;01 10 0A 05 00 01 02 00 00 0C 05;HEX;
351;R;18:19:01:437;01 10 0A FA 00 03 06 14 04 00 00 00 00 10 6F;HEX;
352;R;18:19:01:734;01 10 0A A0 00 22 44 13 42 01 10 02 80 00 00 02 10 02 80 00 00 03 10 02 80 00 00 04 10 02 80 00 00 05 10 02 80 00 00 06 10 02 80 00 00 07 10 02 80 00 00 08 10 02 80 00 00 09 10 02 80 00 00 0A 10 02 80 00 00 0B 10 02 80 00 00 DC 94;HEX;
353;R;18:19:02:046;01 10 0A 06 00 08 10 19 0E 41 00 00 20 00 00 00 00 00 00 00 00 00 00 94 1E;HEX;
354;R;18:19:02:328;01 10 0A 00 00 02 04 00 01 00 00 DC CF;HEX;
355;R;18:19:02:625;01 10 0A 05 00 01 02 00 00 0C 05;HEX;
356;R;18:19:02:906;01 10 0A FA 00 03 06 14 04 00 00 00 00 10 6F;HEX;
357;R;18:19:03:203;01 10 0A A0 00 22 44 13 42 01 10 02 80 00 00 02 10 02 80 00 00 03 10 02 80 00 00 04 10 02 80 00 00 05 10 02 80 00 00 06 10 02 80 00 00 07 10 02 80 00 00 08 10 02 80 00 00 09 10 02 80 00 00 0A 10 02 80 00 00 0B 10 02 80 00 00 DC 94;HEX;
358;R;18:19:03:515;01 10 0A 06 00 08 10 19 0E 41 00 00 20 00 00 00 00 00 00 00 00 00 00 94 1E;HEX;
359;R;18:19:03:812;01 10 0A 00 00 02 04 00 01 00 00 DC CF;HEX;
360;R;18:19:04:093;01 10 0A 05 00 01 02 00 00 0C 05;HEX;
361;R;18:19:04:390;01 10 0A FA 00 03 06 14 04 00 00 00 00 10 6F;HEX;
362;R;18:19:04:671;01 10 0A A0 00 22 44 13 42 01 10 02 80 00 00 02 10 02 80 00 00 03 10 02 80 00 00 04 10 02 80 00 00 05 10 02 80 00 00 06 10 02 80 00 00 07 10 02 80 00 00 08 10 02 80 00 00 09 10 02 80 00 00 0A 10 02 80 00 00 0B 10 02 80 00 00 DC 94;HEX;
363;R;18:19:04:984;01 10 0A 06 00 08 10 19 0E 41 00 00 20 00 00 00 00 00 00 00 00 00 00 94 1E;HEX;
364;R;18:19:05:281;01 10 0A 00 00 02 04 00 01 00 00 DC CF;HEX;
365;R;18:19:05:562;01 10 0A 05 00 01 02 00 00 0C 05;HEX;
366;R;18:19:05:859;01 10 0A FA 00 03 06 14 04 00 00 00 00 10 6F;HEX;
367;R;18:19:06:140;01 10 0A A0 00 22 44 13 42 01 10 02 80 00 00 02 10 02 80 00 00 03 10 02 80 00 00 04 10 02 80 00 00 05 10 02 80 00 00 06 10 02 80 00 00 07 10 02 80 00 00 08 10 02 80 00 00 09 10 02 80 00 00 0A 10 02 80 00 00 0B 10 02 80 00 00 DC 94;HEX;
368;R;18:19:06:468;01 10 0A 06 00 08 10 19 0E 41 00 00 20 00 00 00 00 00 00 00 00 00 00 94 1E;HEX;
369;R;18:19:06:750;01 10 0A 00 00 02 04 00 01 00 00 DC CF;HEX;
370;R;18:19:07:031;01 10 0A 05 00 01 02 00 00 0C 05;HEX;
371;R;18:19:07:328;01 10 0A FA 00 03 06 14 04 00 00 00 00 10 6F;HEX;
372;R;18:19:07:609;01 10 0A A0 00 22 44 13 42 01 10 02 80 00 00 02 10 02 80 00 00 03 10 02 80 00 00 04 10 02 80 00 00 05 10 02 80 00 00 06 10 02 80 00 00 07 10 02 80 00 00 08 10 02 80 00 00 09 10 02 80 00 00 0A 10 02 80 00 00 0B 10 02 80 00 00 DC 94;HEX;
373;R;18:19:07:937;01 10 0A 06 00 08 10 19 0E 00 00 00 00 00 00 00 00 00 00 00 00 00 00 7E 9F;HEX;
374;R;18:19:08:218;01 10 0A 00 00 02 04 00 01 00 00 DC CF;HEX;
375;R;18:19:08:515;01 10 0A 05 00 01 02 00 00 0C 05;HEX;
376;R;18:19:08:796;01 10 0A FA 00 03 06 14 04 00 00 00 00 10 6F;HEX;
377;R;18:19:09:093;01 10 0A A0 00 22 44 13 42 01 10 02 80 00 00 02 10 02 80 00 00 03 10 02 80 00 00 04 10 02 80 00 00 05 10 02 80 00 00 06 10 02 80 00 00 07 10 02 80 00 00 08 10 02 80 00 00 09 10 02 80 00 00 0A 10 02 80 00 00 0B 10 02 80 00 00 DC 94;HEX;
378;R;18:19:09:406;01 10 0A 06 00 08 10 19 0E 00 00 00 00 00 00 00 00 00 00 00 00 00 00 7E 9F;HEX;
379;R;18:19:09:687;01 10 0A 00 00 02 04 00 01 00 00 DC CF;HEX;
380;R;18:19:09:984;01 10 0A 05 00 01 02 00 00 0C 05;HEX;
381;R;18:19:10:265;01 10 0A FA 00 03 06 14 04 00 00 00 00 10 6F;HEX;
382;R;18:19:10:546;01 10 0A A0 00 22 44 13 42 01 10 02 80 00 00 02 10 02 80 00 00 03 10 02 80 00 00 04 10 02 80 00 00 05 10 02 80 00 00 06 10 02 80 00 00 07 10 02 80 00 00 08 10 02 80 00 00 09 10 02 80 00 00 0A 10 02 80 00 00 0B 10 02 80 00 00 DC 94;HEX;
383;R;18:19:10:875;01 10 0A 06 00 08 10 19 0E 00 00 00 00 00 00 00 00 00 00 00 00 00 00 7E 9F;HEX;
384;R;18:19:11:171;01 10 0A 00 00 02 04 00 01 00 00 DC CF;HEX;
385;R;18:19:11:453;01 10 0A 05 00 01 02 00 00 0C 05;HEX;
386;R;18:19:11:718;01 10 0A FA 00 03 06 14 04 00 00 00 00 10 6F;HEX;
387;R;18:19:12:015;01 10 0A A0 00 22 44 13 42 01 10 02 80 00 00 02 10 02 80 00 00 03 10 02 80 00 00 04 10 02 80 00 00 05 10 02 80 00 00 06 10 02 80 00 00 07 10 02 80 00 00 08 10 02 80 00 00 09 10 02 80 00 00 0A 10 02 80 00 00 0B 10 02 80 00 00 DC 94;HEX;
388;R;18:19:12:328;01 10 0A 06 00 08 10 19 0E 00 00 00 00 00 00 00 00 00 00 00 00 00 00 7E 9F;HEX;
389;R;18:19:12:640;01 10 0A 00 00 02 04 00 01 00 00 DC CF;HEX;
390;R;18:19:12:921;01 10 0A 05 00 01 02 00 00 0C 05;HEX;
391;R;18:19:13:203;01 10 0A FA 00 03 06 14 04 00 00 00 00 10 6F;HEX;
392;R;18:19:13:484;01 10 0A A0 00 22 44 13 42 01 10 02 80 00 00 02 10 02 80 00 00 03 10 02 80 00 00 04 10 02 80 00 00 05 10 02 80 00 00 06 10 02 80 00 00 07 10 02 80 00 00 08 10 02 80 00 00 09 10 02 80 00 00 0A 10 02 80 00 00 0B 10 02 80 00 00 DC 94;HEX;
393;R;18:19:13:812;01 10 0A 06 00 08 10 19 0E 00 00 00 00 00 00 00 00 00 00 00 00 00 00 7E 9F;HEX;
394;R;18:19:14:109;01 10 0A 00 00 02 04 00 01 00 00 DC CF;HEX;
395;R;18:19:14:390;01 10 0A 05 00 01 02 00 00 0C 05;HEX;
396;R;18:19:14:671;01 10 0A FA 00 03 06 14 04 00 00 00 00 10 6F;HEX;
397;R;18:19:14:953;01 10 0A A0 00 22 44 13 42 01 10 02 80 00 00 02 10 02 80 00 00 03 10 02 80 00 00 04 10 02 80 00 00 05 10 02 80 00 00 06 10 02 80 00 00 07 10 02 80 00 00 08 10 02 80 00 00 09 10 02 80 00 00 0A 10 02 80 00 00 0B 10 02 80 00 00 DC 94;HEX;
398;R;18:19:15:281;01 10 0A 06 00 08 10 19 0E 00 00 00 00 00 00 00 00 00 00 00 00 00 00 7E 9F;HEX;
399;R;18:19:15:578;01 10 0A 00 00 02 04 00 01 00 00 DC CF;HEX;
400;R;18:19:15:859;01 10 0A 05 00 01 02 00 00 0C 05;HEX;
401;R;18:19:16:140;01 10 0A FA 00 03 06 14 04 00 00 00 00 10 6F;HEX;
402;R;18:19:16:437;01 10 0A A0 00 22 44 13 42 01 10 02 80 00 00 02 10 02 80 00 00 03 10 02 80 00 00 04 10 02 80 00 00 05 10 02 80 00 00 06 10 02 80 00 00 07 10 02 80 00 00 08 10 02 80 00 00 09 10 02 80 00 00 0A 10 02 80 00 00 0B 10 02 80 00 00 DC 94;HEX;
403;R;18:19:16:750;01 10 0A 06 00 08 10 19 0E 00 00 00 00 00 00 00 00 00 00 00 00 00 00 7E 9F;HEX;
404;R;18:19:17:046;01 10 0A 00 00 02 04 00 01 00 00 DC CF;HEX;
405;R;18:19:17:328;01 10 0A 05 00 01 02 00 00 0C 05;HEX;
406;R;18:19:17:609;01 10 0A FA 00 03 06 14 04 00 00 00 00 10 6F;HEX;
407;R;18:19:17:906;01 10 0A A0 00 22 44 13 42 01 10 02 80 00 00 02 10 02 80 00 00 03 10 02 80 00 00 04 10 02 80 00 00 05 10 02 80 00 00 06 10 02 80 00 00 07 10 02 80 00 00 08 10 02 80 00 00 09 10 02 80 00 00 0A 10 02 80 00 00 0B 10 02 80 00 00 DC 94;HEX;
408;R;18:19:18:218;01 10 0A 06 00 08 10 19 0E 00 00 00 00 00 00 00 00 00 00 00 00 00 00 7E 9F;HEX;
409;R;18:19:18:515;01 10 0A 00 00 02 04 00 01 00 00 DC CF;HEX;
410;R;18:19:18:796;01 10 0A 05 00 01 02 00 00 0C 05;HEX;
411;R;18:19:19:078;01 10 0A FA 00 03 06 14 04 00 00 00 00 10 6F;HEX;
412;R;18:19:19:375;01 10 0A A0 00 22 44 13 42 01 10 02 80 00 00 02 10 02 80 00 00 03 10 02 80 00 00 04 10 02 80 00 00 05 10 02 80 00 00 06 10 02 80 00 00 07 10 02 80 00 00 08 10 02 80 00 00 09 10 02 80 00 00 0A 10 02 80 00 00 0B 10 02 80 00 00 DC 94;HEX;
413;R;18:19:19:687;01 10 0A 06 00 08 10 19 0E 00 00 00 00 00 00 00 00 00 00 00 00 00 00 7E 9F;HEX;
414;R;18:19:19:984;01 10 0A 00 00 02 04 00 01 00 00 DC CF;HEX;
415;R;18:19:20:265;01 10 0A 05 00 01 02 00 00 0C 05;HEX;
416;R;18:19:20:562;01 10 0A FA 00 03 06 14 04 00 00 00 00 10 6F;HEX;
417;R;18:19:20:843;01 10 0A A0 00 22 44 13 42 01 10 02 80 00 00 02 10 02 80 00 00 03 10 02 80 00 00 04 10 02 80 00 00 05 10 02 80 00 00 06 10 02 80 00 00 07 10 02 80 00 00 08 10 02 80 00 00 09 10 02 80 00 00 0A 10 02 80 00 00 0B 10 02 80 00 00 DC 94;HEX;
418;R;18:19:21:171;01 10 0A 06 00 08 10 19 0E 00 00 00 00 00 00 00 00 00 00 00 00 00 00 7E 9F;HEX;
419;R;18:19:21:453;01 10 0A 00 00 02 04 00 01 00 00 DC CF;HEX;
420;R;18:19:21:734;01 10 0A 05 00 01 02 00 00 0C 05;HEX;
421;R;18:19:22:031;01 10 0A FA 00 03 06 14 04 00 00 00 00 10 6F;HEX;
422;R;18:19:22:312;01 10 0A A0 00 22 44 13 42 01 10 02 80 00 00 02 10 02 80 00 00 03 10 02 80 00 00 04 10 02 80 00 00 05 10 02 80 00 00 06 10 02 80 00 00 07 10 02 80 00 00 08 10 02 80 00 00 09 10 02 80 00 00 0A 10 02 80 00 00 0B 10 02 80 00 00 DC 94;HEX;
423;R;18:19:22:640;01 10 0A 06 00 08 10 19 0E 00 00 00 00 00 00 00 00 00 00 00 00 00 00 7E 9F;HEX;
424;R;18:19:22:921;01 10 0A 00 00 02 04 00 01 00 00 DC CF;HEX;
425;R;18:19:23:218;01 10 0A 05 00 01 02 00 00 0C 05;HEX;
426;R;18:19:23:500;01 10 0A FA 00 03 06 14 04 00 00 00 00 10 6F;HEX;
427;R;18:19:23:781;01 10 0A A0 00 22 44 13 42 01 10 02 80 00 00 02 10 02 80 00 00 03 10 02 80 00 00 04 10 02 80 00 00 05 10 02 80 00 00 06 10 02 80 00 00 07 10 02 80 00 00 08 10 02 80 00 00 09 10 02 80 00 00 0A 10 02 80 00 00 0B 10 02 80 00 00 DC 94;HEX;
428;R;18:19:24:109;01 10 0A 06 00 08 10 19 0E 00 00 00 00 00 00 00 00 00 00 00 00 00 00 7E 9F;HEX;
429;R;18:19:24:390;01 10 0A 00 00 02 04 00 01 00 00 DC CF;HEX;
430;R;18:19:24:687;01 10 0A 05 00 01 02 00 00 0C 05;HEX;
431;R;18:19:24:968;01 10 0A FA 00 03 06 14 04 00 00 00 00 10 6F;HEX;
432;R;18:19:25:265;01 10 0A A0 00 22 44 13 42 01 10 02 80 00 00 02 10 02 80 00 00 03 10 02 80 00 00 04 10 02 80 00 00 05 10 02 80 00 00 06 10 02 80 00 00 07 10 02 80 00 00 08 10 02 80 00 00 09 10 02 80 00 00 0A 10 02 80 00 00 0B 10 02 80 00 00 DC 94;HEX;
433;R;18:19:25:578;01 10 0A 06 00 08 10 19 0E 00 00 00 00 00 00 00 00 00 00 00 00 00 00 7E 9F;HEX;
434;R;18:19:25:875;01 10 0A 00 00 02 04 00 01 00 00 DC CF;HEX;
435;R;18:19:26:156;01 10 0A 05 00 01 02 00 00 0C 05;HEX;
436;R;18:19:26:437;01 10 0A FA 00 03 06 14 04 00 00 00 00 10 6F;HEX;
437;R;18:19:26:734;01 10 0A A0 00 22 44 13 42 01 10 02 80 00 00 02 10 02 80 00 00 03 10 02 80 00 00 04 10 02 80 00 00 05 10 02 80 00 00 06 10 02 80 00 00 07 10 02 80 00 00 08 10 02 80 00 00 09 10 02 80 00 00 0A 10 02 80 00 00 0B 10 02 80 00 00 DC 94;HEX;
438;R;18:19:27:046;01 10 0A 06 00 08 10 19 0E 00 00 00 00 00 00 00 00 00 00 00 00 00 00 7E 9F;HEX;
439;R;18:19:27:343;01 10 0A 00 00 02 04 00 01 00 00 DC CF;HEX;
440;R;18:19:27:625;01 10 0A 05 00 01 02 00 00 0C 05;HEX;
441;R;18:19:27:921;01 10 0A FA 00 03 06 14 04 00 00 00 00 10 6F;HEX;
442;R;18:19:28:203;01 10 0A A0 00 22 44 13 42 01 10 02 80 00 00 02 10 02 80 00 00 03 10 02 80 00 00 04 10 02 80 00 00 05 10 02 80 00 00 06 10 02 80 00 00 07 10 02 80 00 00 08 10 02 80 00 00 09 10 02 80 00 00 0A 10 02 80 00 00 0B 10 02 80 00 00 DC 94;HEX;
443;R;18:19:28:531;01 10 0A 06 00 08 10 19 0E 00 00 00 00 00 00 00 00 00 00 00 00 00 00 7E 9F;HEX;
444;R;18:19:28:812;01 10 0A 00 00 02 04 00 01 00 00 DC CF;HEX;
445;R;18:19:29:093;01 10 0A 05 00 01 02 00 00 0C 05;HEX;
446;R;18:19:29:390;01 10 0A FA 00 03 06 14 04 00 00 00 00 10 6F;HEX;
447;R;18:19:29:656;01 10 0A A0 00 22 44 13 42 01 10 02 80 00 00 02 10 02 80 00 00 03 10 02 80 00 00 04 10 02 80 00 00 05 10 02 80 00 00 06 10 02 80 00 00 07 10 02 80 00 00 08 10 02 80 00 00 09 10 02 80 00 00 0A 10 02 80 00 00 0B 10 02 80 00 00 DC 94;HEX;
448;R;18:19:30:000;01 10 0A 06 00 08 10 19 0E 00 00 00 00 00 00 00 00 00 00 00 00 00 00 7E 9F;HEX;
449;R;18:19:30:281;01 10 0A 00 00 02 04 00 01 00 00 DC CF;HEX;
