003;R;18:17:19:109;01 10 0A 06 00 08 10 19 0E 00 00 00 00 00 00 00 00 00 00 00 00 00 00 7E 9F;HEX;

008;R;18:17:20:578;01 10 0A 06 00 08 10 19 0E 00 00 00 00 00 00 00 00 00 00 00 00 00 00 7E 9F;HEX;

013;R;18:17:22:046;01 10 0A 06 00 08 10 19 0E 00 00 00 00 00 00 00 00 00 00 00 00 00 00 7E 9F;HEX;

018;R;18:17:23:515;01 10 0A 06 00 08 10 19 0E 00 00 00 00 00 00 00 00 00 00 00 00 00 00 7E 9F;HEX;

023;R;18:17:24:984;01 10 0A 06 00 08 10 19 0E 00 00 00 00 00 00 00 00 00 00 00 00 00 00 7E 9F;HEX;

028;R;18:17:26:468;01 10 0A 06 00 08 10 19 0E 00 00 00 00 00 00 00 00 00 00 00 00 00 00 7E 9F;HEX;

033;R;18:17:27:921;01 10 0A 06 00 08 10 19 0E 00 00 00 00 00 00 00 00 00 00 00 00 00 00 7E 9F;HEX;

038;R;18:17:29:390;01 10 0A 06 00 08 10 19 0E 00 00 00 00 00 00 00 00 00 00 00 00 00 00 7E 9F;HEX;

*** здесь пошло откл

043;R;18:17:30:859;01 10 0A 06 00 08 10 19 0E 00 00 00 00 00 00 00 00 00 00 00 00 00 00 7E 9F;HEX;

048;R;18:17:32:328;01 10 0A 06 00 08 10 19 0E 00 00 00 00 00 00 00 00 00 00 00 00 00 00 7E 9F;HEX;

053;R;18:17:33:812;01 10 0A 06 00 08 10 19 0E 00 00 00 00 00 00 00 00 00 00 00 00 00 00 7E 9F;HEX;

058;R;18:17:35:281;01 10 0A 06 00 08 10 19 0E 00 00 00 00 00 00 00 00 00 00 00 00 00 00 7E 9F;HEX;

063;R;18:17:36:750;01 10 0A 06 00 08 10 19 0E 00 00 00 00 00 00 00 00 00 00 00 00 00 00 7E 9F;HEX;

068;R;18:17:38:218;01 10 0A 06 00 08 10 19 0E 00 00 00 00 00 00 00 00 00 00 00 00 00 00 7E 9F;HEX;

073;R;18:17:39:687;01 10 0A 06 00 08 10 19 0E 00 00 00 00 00 00 00 00 00 00 00 00 00 00 7E 9F;HEX;

078;R;18:17:41:156;01 10 0A 06 00 08 10 19 0E 00 00 00 00 00 00 00 00 00 00 00 00 00 00 7E 9F;HEX;

083;R;18:17:42:640;01 10 0A 06 00 08 10 19 0E 00 00 00 00 00 00 00 00 00 00 00 00 00 00 7E 9F;HEX;

088;R;18:17:44:109;01 10 0A 06 00 08 10 19 0E 00 00 00 00 00 00 00 00 00 00 00 00 00 00 7E 9F;HEX;

093;R;18:17:45:578;01 10 0A 06 00 08 10 19 0E 00 00 00 00 00 00 00 00 00 00 00 00 00 00 7E 9F;HEX;

098;R;18:17:47:046;01 10 0A 06 00 08 10 19 0E 00 00 00 00 00 00 00 00 00 00 00 00 00 00 7E 9F;HEX;

103;R;18:17:48:500;01 10 0A 06 00 08 10 19 0E 00 00 00 00 00 00 00 00 00 00 00 00 00 00 7E 9F;HEX;

108;R;18:17:49:984;01 10 0A 06 00 08 10 19 0E 00 00 00 00 00 00 00 00 00 00 00 00 00 00 7E 9F;HEX;

*** а здесь только дрыгнулось

113;R;18:17:51:453;01 10 0A 06 00 08 10 19 0E 41 00 00 20 00 00 00 00 00 00 00 00 00 00 94 1E;HEX;

118;R;18:17:52:921;01 10 0A 06 00 08 10 19 0E 41 00 00 20 00 00 00 00 00 00 00 00 00 00 94 1E;HEX;

123;R;18:17:54:390;01 10 0A 06 00 08 10 19 0E 41 00 00 20 00 00 00 00 00 00 00 00 00 00 94 1E;HEX;

128;R;18:17:55:859;01 10 0A 06 00 08 10 19 0E 41 00 00 20 00 00 00 00 00 00 00 00 00 00 94 1E;HEX;

133;R;18:17:57:343;01 10 0A 06 00 08 10 19 0E 41 00 00 20 00 00 00 00 00 00 00 00 00 00 94 1E;HEX;

138;R;18:17:58:812;01 10 0A 06 00 08 10 19 0E 41 00 00 20 00 00 00 00 00 00 00 00 00 00 94 1E;HEX;

143;R;18:18:00:281;01 10 0A 06 00 08 10 19 0E 41 00 00 20 00 00 00 00 00 00 00 00 00 00 94 1E;HEX;

148;R;18:18:01:750;01 10 0A 06 00 08 10 19 0E 41 00 00 20 00 00 00 00 00 00 00 00 00 00 94 1E;HEX;

153;R;18:18:03:218;01 10 0A 06 00 08 10 19 0E 41 00 00 20 00 00 00 00 00 00 00 00 00 00 94 1E;HEX;

158;R;18:18:04:703;01 10 0A 06 00 08 10 19 0E 41 00 00 20 00 00 00 00 00 00 00 00 00 00 94 1E;HEX;

163;R;18:18:06:171;01 10 0A 06 00 08 10 19 0E 41 00 00 20 00 00 00 00 00 00 00 00 00 00 94 1E;HEX;

168;R;18:18:07:640;01 10 0A 06 00 08 10 19 0E 41 00 00 20 00 00 00 00 00 00 00 00 00 00 94 1E;HEX;

173;R;18:18:09:093;01 10 0A 06 00 08 10 19 0E 41 00 00 20 00 00 00 00 00 00 00 00 00 00 94 1E;HEX;

178;R;18:18:10:562;01 10 0A 06 00 08 10 19 0E 41 00 00 20 00 00 00 00 00 00 00 00 00 00 94 1E;HEX;

183;R;18:18:12:046;01 10 0A 06 00 08 10 19 0E 41 00 00 20 00 00 00 00 00 00 00 00 00 00 94 1E;HEX;

188;R;18:18:13:515;01 10 0A 06 00 08 10 19 0E 41 00 00 20 00 00 00 00 00 00 00 00 00 00 94 1E;HEX;

193;R;18:18:14:984;01 10 0A 06 00 08 10 19 0E 41 00 00 20 00 00 00 00 00 00 00 00 00 00 94 1E;HEX;

198;R;18:18:16:453;01 10 0A 06 00 08 10 19 0E 41 00 00 20 00 00 00 00 00 00 00 00 00 00 94 1E;HEX;

203;R;18:18:17:921;01 10 0A 06 00 08 10 19 0E 41 00 00 20 00 00 00 00 00 00 00 00 00 00 94 1E;HEX;

208;R;18:18:19:406;01 10 0A 06 00 08 10 19 0E 41 00 00 20 00 00 00 00 00 00 00 00 00 00 94 1E;HEX;

213;R;18:18:20:875;01 10 0A 06 00 08 10 19 0E 41 00 00 20 00 00 00 00 00 00 00 00 00 00 94 1E;HEX;

218;R;18:18:22:343;01 10 0A 06 00 08 10 19 0E 41 00 00 20 00 00 00 00 00 00 00 00 00 00 94 1E;HEX;

223;R;18:18:23:812;01 10 0A 06 00 08 10 19 0E 41 00 00 20 00 00 00 00 00 00 00 00 00 00 94 1E;HEX;

228;R;18:18:25:281;01 10 0A 06 00 08 10 19 0E 41 00 00 20 00 00 00 00 00 00 00 00 00 00 94 1E;HEX;

233;R;18:18:26:750;01 10 0A 06 00 08 10 19 0E 41 00 00 20 00 00 00 00 00 00 00 00 00 00 94 1E;HEX;

238;R;18:18:28:234;01 10 0A 06 00 08 10 19 0E 41 00 00 20 00 00 00 00 00 00 00 00 00 00 94 1E;HEX;

243;R;18:18:29:703;01 10 0A 06 00 08 10 19 0E 41 00 00 20 00 00 00 00 00 00 00 00 00 00 94 1E;HEX;

*** восстановление

248;R;18:18:31:156;01 10 0A 06 00 08 10 19 0E 41 00 00 20 00 00 00 00 00 00 00 00 00 00 94 1E;HEX;

253;R;18:18:32:625;01 10 0A 06 00 08 10 19 0E 41 00 00 20 00 00 00 00 00 00 00 00 00 00 94 1E;HEX;

258;R;18:18:34:093;01 10 0A 06 00 08 10 19 0E 41 00 00 20 00 00 00 00 00 00 00 00 00 00 94 1E;HEX;

263;R;18:18:35:578;01 10 0A 06 00 08 10 19 0E 41 00 00 20 00 00 00 00 00 00 00 00 00 00 94 1E;HEX;

268;R;18:18:37:046;01 10 0A 06 00 08 10 19 0E 41 00 00 20 00 00 00 00 00 00 00 00 00 00 94 1E;HEX;

273;R;18:18:38:515;01 10 0A 06 00 08 10 19 0E 41 00 00 20 00 00 00 00 00 00 00 00 00 00 94 1E;HEX;

278;R;18:18:39:984;01 10 0A 06 00 08 10 19 0E 41 00 00 20 00 00 00 00 00 00 00 00 00 00 94 1E;HEX;

283;R;18:18:41:453;01 10 0A 06 00 08 10 19 0E 41 00 00 20 00 00 00 00 00 00 00 00 00 00 94 1E;HEX;

288;R;18:18:42:937;01 10 0A 06 00 08 10 19 0E 41 00 00 20 00 00 00 00 00 00 00 00 00 00 94 1E;HEX;

293;R;18:18:44:406;01 10 0A 06 00 08 10 19 0E 41 00 00 20 00 00 00 00 00 00 00 00 00 00 94 1E;HEX;

298;R;18:18:45:875;01 10 0A 06 00 08 10 19 0E 41 00 00 20 00 00 00 00 00 00 00 00 00 00 94 1E;HEX;

303;R;18:18:47:343;01 10 0A 06 00 08 10 19 0E 41 00 00 20 00 00 00 00 00 00 00 00 00 00 94 1E;HEX;

308;R;18:18:48:812;01 10 0A 06 00 08 10 19 0E 41 00 00 20 00 00 00 00 00 00 00 00 00 00 94 1E;HEX;

313;R;18:18:50:296;01 10 0A 06 00 08 10 19 0E 41 00 00 20 00 00 00 00 00 00 00 00 00 00 94 1E;HEX;

318;R;18:18:51:750;01 10 0A 06 00 08 10 19 0E 41 00 00 20 00 00 00 00 00 00 00 00 00 00 94 1E;HEX;

323;R;18:18:53:218;01 10 0A 06 00 08 10 19 0E 41 00 00 20 00 00 00 00 00 00 00 00 00 00 94 1E;HEX;

328;R;18:18:54:687;01 10 0A 06 00 08 10 19 0E 41 00 00 20 00 00 00 00 00 00 00 00 00 00 94 1E;HEX;

333;R;18:18:56:156;01 10 0A 06 00 08 10 19 0E 41 00 00 20 00 00 00 00 00 00 00 00 00 00 94 1E;HEX;

338;R;18:18:57:625;01 10 0A 06 00 08 10 19 0E 41 00 00 20 00 00 00 00 00 00 00 00 00 00 94 1E;HEX;

343;R;18:18:59:109;01 10 0A 06 00 08 10 19 0E 41 00 00 20 00 00 00 00 00 00 00 00 00 00 94 1E;HEX;

348;R;18:19:00:578;01 10 0A 06 00 08 10 19 0E 41 00 00 20 00 00 00 00 00 00 00 00 00 00 94 1E;HEX;

353;R;18:19:02:046;01 10 0A 06 00 08 10 19 0E 41 00 00 20 00 00 00 00 00 00 00 00 00 00 94 1E;HEX;

358;R;18:19:03:515;01 10 0A 06 00 08 10 19 0E 41 00 00 20 00 00 00 00 00 00 00 00 00 00 94 1E;HEX;

363;R;18:19:04:984;01 10 0A 06 00 08 10 19 0E 41 00 00 20 00 00 00 00 00 00 00 00 00 00 94 1E;HEX;

368;R;18:19:06:468;01 10 0A 06 00 08 10 19 0E 41 00 00 20 00 00 00 00 00 00 00 00 00 00 94 1E;HEX;

*** только на 37 секунде реакция на восстановление

373;R;18:19:07:937;01 10 0A 06 00 08 10 19 0E 00 00 00 00 00 00 00 00 00 00 00 00 00 00 7E 9F;HEX;

378;R;18:19:09:406;01 10 0A 06 00 08 10 19 0E 00 00 00 00 00 00 00 00 00 00 00 00 00 00 7E 9F;HEX;

383;R;18:19:10:875;01 10 0A 06 00 08 10 19 0E 00 00 00 00 00 00 00 00 00 00 00 00 00 00 7E 9F;HEX;

388;R;18:19:12:328;01 10 0A 06 00 08 10 19 0E 00 00 00 00 00 00 00 00 00 00 00 00 00 00 7E 9F;HEX;

393;R;18:19:13:812;01 10 0A 06 00 08 10 19 0E 00 00 00 00 00 00 00 00 00 00 00 00 00 00 7E 9F;HEX;
394;R;18:19:14:109;01 10 0A 00 00 02 04 00 01 00 00 DC CF;HEX;
395;R;18:19:14:390;01 10 0A 05 00 01 02 00 00 0C 05;HEX;
396;R;18:19:14:671;01 10 0A FA 00 03 06 14 04 00 00 00 00 10 6F;HEX;
397;R;18:19:14:953;01 10 0A A0 00 22 44 13 42 01 10 02 80 00 00 02 10 02 80 00 00 03 10 02 80 00 00 04 10 02 80 00 00 05 10 02 80 00 00 06 10 02 80 00 00 07 10 02 80 00 00 08 10 02 80 00 00 09 10 02 80 00 00 0A 10 02 80 00 00 0B 10 02 80 00 00 DC 94;HEX;
398;R;18:19:15:281;01 10 0A 06 00 08 10 19 0E 00 00 00 00 00 00 00 00 00 00 00 00 00 00 7E 9F;HEX;
399;R;18:19:15:578;01 10 0A 00 00 02 04 00 01 00 00 DC CF;HEX;
400;R;18:19:15:859;01 10 0A 05 00 01 02 00 00 0C 05;HEX;
401;R;18:19:16:140;01 10 0A FA 00 03 06 14 04 00 00 00 00 10 6F;HEX;
402;R;18:19:16:437;01 10 0A A0 00 22 44 13 42 01 10 02 80 00 00 02 10 02 80 00 00 03 10 02 80 00 00 04 10 02 80 00 00 05 10 02 80 00 00 06 10 02 80 00 00 07 10 02 80 00 00 08 10 02 80 00 00 09 10 02 80 00 00 0A 10 02 80 00 00 0B 10 02 80 00 00 DC 94;HEX;
403;R;18:19:16:750;01 10 0A 06 00 08 10 19 0E 00 00 00 00 00 00 00 00 00 00 00 00 00 00 7E 9F;HEX;
404;R;18:19:17:046;01 10 0A 00 00 02 04 00 01 00 00 DC CF;HEX;
405;R;18:19:17:328;01 10 0A 05 00 01 02 00 00 0C 05;HEX;
406;R;18:19:17:609;01 10 0A FA 00 03 06 14 04 00 00 00 00 10 6F;HEX;
407;R;18:19:17:906;01 10 0A A0 00 22 44 13 42 01 10 02 80 00 00 02 10 02 80 00 00 03 10 02 80 00 00 04 10 02 80 00 00 05 10 02 80 00 00 06 10 02 80 00 00 07 10 02 80 00 00 08 10 02 80 00 00 09 10 02 80 00 00 0A 10 02 80 00 00 0B 10 02 80 00 00 DC 94;HEX;
408;R;18:19:18:218;01 10 0A 06 00 08 10 19 0E 00 00 00 00 00 00 00 00 00 00 00 00 00 00 7E 9F;HEX;
409;R;18:19:18:515;01 10 0A 00 00 02 04 00 01 00 00 DC CF;HEX;
410;R;18:19:18:796;01 10 0A 05 00 01 02 00 00 0C 05;HEX;
411;R;18:19:19:078;01 10 0A FA 00 03 06 14 04 00 00 00 00 10 6F;HEX;
412;R;18:19:19:375;01 10 0A A0 00 22 44 13 42 01 10 02 80 00 00 02 10 02 80 00 00 03 10 02 80 00 00 04 10 02 80 00 00 05 10 02 80 00 00 06 10 02 80 00 00 07 10 02 80 00 00 08 10 02 80 00 00 09 10 02 80 00 00 0A 10 02 80 00 00 0B 10 02 80 00 00 DC 94;HEX;
413;R;18:19:19:687;01 10 0A 06 00 08 10 19 0E 00 00 00 00 00 00 00 00 00 00 00 00 00 00 7E 9F;HEX;
414;R;18:19:19:984;01 10 0A 00 00 02 04 00 01 00 00 DC CF;HEX;
415;R;18:19:20:265;01 10 0A 05 00 01 02 00 00 0C 05;HEX;
416;R;18:19:20:562;01 10 0A FA 00 03 06 14 04 00 00 00 00 10 6F;HEX;
417;R;18:19:20:843;01 10 0A A0 00 22 44 13 42 01 10 02 80 00 00 02 10 02 80 00 00 03 10 02 80 00 00 04 10 02 80 00 00 05 10 02 80 00 00 06 10 02 80 00 00 07 10 02 80 00 00 08 10 02 80 00 00 09 10 02 80 00 00 0A 10 02 80 00 00 0B 10 02 80 00 00 DC 94;HEX;
418;R;18:19:21:171;01 10 0A 06 00 08 10 19 0E 00 00 00 00 00 00 00 00 00 00 00 00 00 00 7E 9F;HEX;
419;R;18:19:21:453;01 10 0A 00 00 02 04 00 01 00 00 DC CF;HEX;
420;R;18:19:21:734;01 10 0A 05 00 01 02 00 00 0C 05;HEX;
421;R;18:19:22:031;01 10 0A FA 00 03 06 14 04 00 00 00 00 10 6F;HEX;
422;R;18:19:22:312;01 10 0A A0 00 22 44 13 42 01 10 02 80 00 00 02 10 02 80 00 00 03 10 02 80 00 00 04 10 02 80 00 00 05 10 02 80 00 00 06 10 02 80 00 00 07 10 02 80 00 00 08 10 02 80 00 00 09 10 02 80 00 00 0A 10 02 80 00 00 0B 10 02 80 00 00 DC 94;HEX;
423;R;18:19:22:640;01 10 0A 06 00 08 10 19 0E 00 00 00 00 00 00 00 00 00 00 00 00 00 00 7E 9F;HEX;
424;R;18:19:22:921;01 10 0A 00 00 02 04 00 01 00 00 DC CF;HEX;
425;R;18:19:23:218;01 10 0A 05 00 01 02 00 00 0C 05;HEX;
426;R;18:19:23:500;01 10 0A FA 00 03 06 14 04 00 00 00 00 10 6F;HEX;
427;R;18:19:23:781;01 10 0A A0 00 22 44 13 42 01 10 02 80 00 00 02 10 02 80 00 00 03 10 02 80 00 00 04 10 02 80 00 00 05 10 02 80 00 00 06 10 02 80 00 00 07 10 02 80 00 00 08 10 02 80 00 00 09 10 02 80 00 00 0A 10 02 80 00 00 0B 10 02 80 00 00 DC 94;HEX;
428;R;18:19:24:109;01 10 0A 06 00 08 10 19 0E 00 00 00 00 00 00 00 00 00 00 00 00 00 00 7E 9F;HEX;
429;R;18:19:24:390;01 10 0A 00 00 02 04 00 01 00 00 DC CF;HEX;
430;R;18:19:24:687;01 10 0A 05 00 01 02 00 00 0C 05;HEX;
431;R;18:19:24:968;01 10 0A FA 00 03 06 14 04 00 00 00 00 10 6F;HEX;
432;R;18:19:25:265;01 10 0A A0 00 22 44 13 42 01 10 02 80 00 00 02 10 02 80 00 00 03 10 02 80 00 00 04 10 02 80 00 00 05 10 02 80 00 00 06 10 02 80 00 00 07 10 02 80 00 00 08 10 02 80 00 00 09 10 02 80 00 00 0A 10 02 80 00 00 0B 10 02 80 00 00 DC 94;HEX;
433;R;18:19:25:578;01 10 0A 06 00 08 10 19 0E 00 00 00 00 00 00 00 00 00 00 00 00 00 00 7E 9F;HEX;
434;R;18:19:25:875;01 10 0A 00 00 02 04 00 01 00 00 DC CF;HEX;
435;R;18:19:26:156;01 10 0A 05 00 01 02 00 00 0C 05;HEX;
436;R;18:19:26:437;01 10 0A FA 00 03 06 14 04 00 00 00 00 10 6F;HEX;
437;R;18:19:26:734;01 10 0A A0 00 22 44 13 42 01 10 02 80 00 00 02 10 02 80 00 00 03 10 02 80 00 00 04 10 02 80 00 00 05 10 02 80 00 00 06 10 02 80 00 00 07 10 02 80 00 00 08 10 02 80 00 00 09 10 02 80 00 00 0A 10 02 80 00 00 0B 10 02 80 00 00 DC 94;HEX;
438;R;18:19:27:046;01 10 0A 06 00 08 10 19 0E 00 00 00 00 00 00 00 00 00 00 00 00 00 00 7E 9F;HEX;
439;R;18:19:27:343;01 10 0A 00 00 02 04 00 01 00 00 DC CF;HEX;
440;R;18:19:27:625;01 10 0A 05 00 01 02 00 00 0C 05;HEX;
441;R;18:19:27:921;01 10 0A FA 00 03 06 14 04 00 00 00 00 10 6F;HEX;
442;R;18:19:28:203;01 10 0A A0 00 22 44 13 42 01 10 02 80 00 00 02 10 02 80 00 00 03 10 02 80 00 00 04 10 02 80 00 00 05 10 02 80 00 00 06 10 02 80 00 00 07 10 02 80 00 00 08 10 02 80 00 00 09 10 02 80 00 00 0A 10 02 80 00 00 0B 10 02 80 00 00 DC 94;HEX;
443;R;18:19:28:531;01 10 0A 06 00 08 10 19 0E 00 00 00 00 00 00 00 00 00 00 00 00 00 00 7E 9F;HEX;
444;R;18:19:28:812;01 10 0A 00 00 02 04 00 01 00 00 DC CF;HEX;
445;R;18:19:29:093;01 10 0A 05 00 01 02 00 00 0C 05;HEX;
446;R;18:19:29:390;01 10 0A FA 00 03 06 14 04 00 00 00 00 10 6F;HEX;
447;R;18:19:29:656;01 10 0A A0 00 22 44 13 42 01 10 02 80 00 00 02 10 02 80 00 00 03 10 02 80 00 00 04 10 02 80 00 00 05 10 02 80 00 00 06 10 02 80 00 00 07 10 02 80 00 00 08 10 02 80 00 00 09 10 02 80 00 00 0A 10 02 80 00 00 0B 10 02 80 00 00 DC 94;HEX;
448;R;18:19:30:000;01 10 0A 06 00 08 10 19 0E 00 00 00 00 00 00 00 00 00 00 00 00 00 00 7E 9F;HEX;
449;R;18:19:30:281;01 10 0A 00 00 02 04 00 01 00 00 DC CF;HEX;
