#;Тип операции;Время;Сообщение;Вид представления;
0;R;11:34:34:453;01 10 0A 00 00 02 42 10;HEX;
1;R;11:34:35:234;01 10 0A 05 00 01 02 00 7C 0D E4 01 10 0A 05 00 01 12 10 01 10 0A FA 00 03 06 14 04 00 00 00 00 10 6F 01 10 0A FA 00 03 A3 E1 01 10 0A A0 00 22 44 13 42 01 10 02 80 00 00 02 10 02 80 00 00 03 10 02 80 00 00 04 10 02 80 00 00 05 10 02 80 00 00 06 10 02 80 00 00 07 10 02 80 00 00 08 10 02 80 00 00 09 10 02 80 00 00 0A 10 02 80 00 00 0B 10 02 80 00 00 DC 94 01 10 0A A0 00 22 43 EA 01 10 0A 06 00 08 10 19 0E 00 00 00 00 00 00 00 00 00 00 00 00 00 00 7E 9F 01 10 0A 06 00 08 22 16 01 10 0A 00 00 02 04 00 01 00 00 DC CF 01 10 0A 00 00 02 42 10;HEX;
2;R;11:34:36:234;01 10 0A 05 00 01 02 00 7D CC 24 01 10 0A 05 00 01 12 10 01 10 0A FA 00 03 06 14 04 00 00 00 00 10 6F 01 10 0A FA 00 03 A3 E1 01 10 0A A0 00 22 44 13 42 01 10 02 80 00 00 02 10 02 80 00 00 03 10 02 80 00 00 04 10 02 80 00 00 05 10 02 80 00 00 06 10 02 80 00 00 07 10 02 80 00 00 08 10 02 80 00 00 09 10 02 80 00 00 0A 10 02 80 00 00 0B 10 02 80 00 00 DC 94 01 10 0A A0 00 22 43 EA 01 10 0A 06 00 08 10 19 0E 00 00 00 00 00 00 00 00 00 00 00 00 00 00 7E 9F 01 10 0A 06 00 08 22 16 01 10 0A 00 00 02 04 00 01 00 00 DC CF 01 10 0A 00 00 02 42 10;HEX;
3;R;11:34:37:250;01 10 0A 05 00 01 02 00 7E 8C 25 01 10 0A 05 00 01 12 10 01 10 0A FA 00 03 06 14 04 00 00 00 00 10 6F 01 10 0A FA 00 03 A3 E1 01 10 0A A0 00 22 44 13 42 01 10 02 80 00 00 02 10 02 80 00 00 03 10 02 80 00 00 04 10 02 80 00 00 05 10 02 80 00 00 06 10 02 80 00 00 07 10 02 80 00 00 08 10 02 80 00 00 09 10 02 80 00 00 0A 10 02 80 00 00 0B 10 02 80 00 00 DC 94 01 10 0A A0 00 22 43 EA 01 10 0A 06 00 08 10 19 0E 00 00 00 00 00 00 00 00 00 00 00 00 00 00 7E 9F 01 10 0A 06 00 08 22 16 01 10 0A 00 00 02 04 00 01 00 00 DC CF 01 10 0A 00 00 02 42 10;HEX;
4;R;11:34:38:250;01 10 0A 05 00 01 02 00 7F 4D E5 01 10 0A 05 00 01 12 10 01 10 0A FA 00 03 06 14 04 00 00 00 00 10 6F 01 10 0A FA 00 03 A3 E1 01 10 0A A0 00 22 44 13 42 01 10 02 80 00 00 02 10 02 80 00 00 03 10 02 80 00 00 04 10 02 80 00 00 05 10 02 80 00 00 06 10 02 80 00 00 07 10 02 80 00 00 08 10 02 80 00 00 09 10 02 80 00 00 0A 10 02 80 00 00 0B 10 02 80 00 00 DC 94 01 10 0A A0 00 22 43 EA 01 10 0A 06 00 08 10 19 0E 00 00 00 00 00 00 00 00 00 00 00 00 00 00 7E 9F 01 10 0A 06 00 08 22 16 01 10 0A 00 00 02 04 00 01 00 00 DC CF 01 10 0A 00 00 02 42 10;HEX;
5;R;11:34:39:265;01 10 0A 05 00 01 02 00 80 0D A5 01 10 0A 05 00 01 12 10 01 10 0A FA 00 03 06 14 04 00 00 00 00 10 6F 01 10 0A FA 00 03 A3 E1 01 10 0A A0 00 22 44 13 42 01 10 02 80 00 00 02 10 02 80 00 00 03 10 02 80 00 00 04 10 02 80 00 00 05 10 02 80 00 00 06 10 02 80 00 00 07 10 02 80 00 00 08 10 02 80 00 00 09 10 02 80 00 00 0A 10 02 80 00 00 0B 10 02 80 00 00 DC 94 01 10 0A A0 00 22 43 EA 01 10 0A 06 00 08 10 19 0E 00 00 00 00 00 00 00 00 00 00 00 00 00 00 7E 9F 01 10 0A 06 00 08 22 16 01 10 0A 00 00 02 04 00 01 00 00 DC CF 01 10 0A 00 00 02 42 10;HEX;
6;R;11:34:40:265;01 10 0A 05 00 01 02 00 81 CC 65 01 10 0A 05 00 01 12 10 01 10 0A FA 00 03 06 14 04 00 00 00 00 10 6F 01 10 0A FA 00 03 A3 E1 01 10 0A A0 00 22 44 13 42 01 10 02 80 00 00 02 10 02 80 00 00 03 10 02 80 00 00 04 10 02 80 00 00 05 10 02 80 00 00 06 10 02 80 00 00 07 10 02 80 00 00 08 10 02 80 00 00 09 10 02 80 00 00 0A 10 02 80 00 00 0B 10 02 80 00 00 DC 94 01 10 0A A0 00 22 43 EA 01 10 0A 06 00 08 10 19 0E 00 00 00 00 00 00 00 00 00 00 00 00 00 00 7E 9F 01 10 0A 06 00 08 22 16 01 10 0A 00 00 02 04 00 01 00 00 DC CF 01 10 0A 00 00 02 42 10;HEX;
7;R;11:34:41:281;01 10 0A 05 00 01 02 00 82 8C 64 01 10 0A 05 00 01 12 10 01 10 0A FA 00 03 06 14 04 00 00 00 00 10 6F 01 10 0A FA 00 03 A3 E1 01 10 0A A0 00 22 44 13 42 01 10 02 80 00 00 02 10 02 80 00 00 03 10 02 80 00 00 04 10 02 80 00 00 05 10 02 80 00 00 06 10 02 80 00 00 07 10 02 80 00 00 08 10 02 80 00 00 09 10 02 80 00 00 0A 10 02 80 00 00 0B 10 02 80 00 00 DC 94 01 10 0A A0 00 22 43 EA 01 10 0A 06 00 08 10 19 0E 00 00 00 00 00 00 00 00 00 00 00 00 00 00 7E 9F 01 10 0A 06 00 08 22 16 01 10 0A 00 00 02 04 00 01 00 00 DC CF 01 10 0A 00 00 02 42 10;HEX;
8;R;11:34:42:281;01 10 0A 05 00 01 02 00 83 4D A4 01 10 0A 05 00 01 12 10 01 10 0A FA 00 03 06 14 04 00 00 00 00 10 6F 01 10 0A FA 00 03 A3 E1 01 10 0A A0 00 22 44 13 42 01 10 02 80 00 00 02 10 02 80 00 00 03 10 02 80 00 00 04 10 02 80 00 00 05 10 02 80 00 00 06 10 02 80 00 00 07 10 02 80 00 00 08 10 02 80 00 00 09 10 02 80 00 00 0A 10 02 80 00 00 0B 10 02 80 00 00 DC 94 01 10 0A A0 00 22 43 EA 01 10 0A 06 00 08 10 19 0E 00 00 00 00 00 00 00 00 00 00 00 00 00 00 7E 9F 01 10 0A 06 00 08 22 16 01 10 0A 00 00 02 04 00 01 00 00 DC CF 01 10 0A 00 00 02 42 10;HEX;
9;R;11:34:43:296;01 10 0A 05 00 01 02 00 84 0C 66 01 10 0A 05 00 01 12 10 01 10 0A FA 00 03 06 14 04 00 00 00 00 10 6F 01 10 0A FA 00 03 A3 E1 01 10 0A A0 00 22 44 13 42 01 10 02 80 00 00 02 10 02 80 00 00 03 10 02 80 00 00 04 10 02 80 00 00 05 10 02 80 00 00 06 10 02 80 00 00 07 10 02 80 00 00 08 10 02 80 00 00 09 10 02 80 00 00 0A 10 02 80 00 00 0B 10 02 80 00 00 DC 94 01 10 0A A0 00 22 43 EA 01 10 0A 06 00 08 10 19 0E 00 00 00 00 00 00 00 00 00 00 00 00 00 00 7E 9F 01 10 0A 06 00 08 22 16 01 10 0A 00 00 02 04 00 01 00 00 DC CF 01 10 0A 00 00 02 42 10;HEX;
10;R;11:34:44:296;01 10 0A 05 00 01 02 00 85 CD A6 01 10 0A 05 00 01 12 10 01 10 0A FA 00 03 06 14 04 00 00 00 00 10 6F 01 10 0A FA 00 03 A3 E1 01 10 0A A0 00 22 44 13 42 01 10 02 80 00 00 02 10 02 80 00 00 03 10 02 80 00 00 04 10 02 80 00 00 05 10 02 80 00 00 06 10 02 80 00 00 07 10 02 80 00 00 08 10 02 80 00 00 09 10 02 80 00 00 0A 10 02 80 00 00 0B 10 02 80 00 00 DC 94 01 10 0A A0 00 22 43 EA 01 10 0A 06 00 08 10 19 0E 00 00 00 00 00 00 00 00 00 00 00 00 00 00 7E 9F 01 10 0A 06 00 08 22 16 01 10 0A 00 00 02 04 00 01 00 00 DC CF 01 10 0A 00 00 02 42 10;HEX;
11;R;11:34:45:312;01 10 0A 05 00 01 02 00 86 8D A7 01 10 0A 05 00 01 12 10 01 10 0A FA 00 03 06 14 04 00 00 00 00 10 6F 01 10 0A FA 00 03 A3 E1 01 10 0A A0 00 22 44 13 42 01 10 02 80 00 00 02 10 02 80 00 00 03 10 02 80 00 00 04 10 02 80 00 00 05 10 02 80 00 00 06 10 02 80 00 00 07 10 02 80 00 00 08 10 02 80 00 00 09 10 02 80 00 00 0A 10 02 80 00 00 0B 10 02 80 00 00 DC 94 01 10 0A A0 00 22 43 EA 01 10 0A 06 00 08 10 19 0E 00 00 00 00 00 00 00 00 00 00 00 00 00 00 7E 9F 01 10 0A 06 00 08 22 16 01 10 0A 00 00 02 04 00 01 00 00 DC CF 01 10 0A 00 00 02 42 10;HEX;
12;R;11:34:46:312;01 10 0A 05 00 01 02 00 87 4C 67 01 10 0A 05 00 01 12 10 01 10 0A FA 00 03 06 14 04 00 00 00 00 10 6F 01 10 0A FA 00 03 A3 E1 01 10 0A A0 00 22 44 13 42 01 10 02 80 00 00 02 10 02 80 00 00 03 10 02 80 00 00 04 10 02 80 00 00 05 10 02 80 00 00 06 10 02 80 00 00 07 10 02 80 00 00 08 10 02 80 00 00 09 10 02 80 00 00 0A 10 02 80 00 00 0B 10 02 80 00 00 DC 94 01 10 0A A0 00 22 43 EA 01 10 0A 06 00 08 10 19 0E 00 00 00 00 00 00 00 00 00 00 00 00 00 00 7E 9F 01 10 0A 06 00 08 22 16 01 10 0A 00 00 02 04 00 01 00 00 DC CF 01 10 0A 00 00 02 42 10;HEX;
13;R;11:34:47:328;01 10 0A 05 00 01 02 00 88 0C 63 01 10 0A 05 00 01 12 10 01 10 0A FA 00 03 06 14 04 00 00 00 00 10 6F 01 10 0A FA 00 03 A3 E1 01 10 0A A0 00 22 44 13 42 01 10 02 80 00 00 02 10 02 80 00 00 03 10 02 80 00 00 04 10 02 80 00 00 05 10 02 80 00 00 06 10 02 80 00 00 07 10 02 80 00 00 08 10 02 80 00 00 09 10 02 80 00 00 0A 10 02 80 00 00 0B 10 02 80 00 00 DC 94 01 10 0A A0 00 22 43 EA 01 10 0A 06 00 08 10 19 0E 00 00 00 00 00 00 00 00 00 00 00 00 00 00 7E 9F 01 10 0A 06 00 08 22 16 01 10 0A 00 00 02 04 00 01 00 00 DC CF 01 10 0A 00 00 02 42 10;HEX;
14;R;11:34:48:328;01 10 0A 05 00 01 02 00 89 CD A3 01 10 0A 05 00 01 12 10 01 10 0A FA 00 03 06 14 04 00 00 00 00 10 6F 01 10 0A FA 00 03 A3 E1 01 10 0A A0 00 22 44 13 42 01 10 02 80 00 00 02 10 02 80 00 00 03 10 02 80 00 00 04 10 02 80 00 00 05 10 02 80 00 00 06 10 02 80 00 00 07 10 02 80 00 00 08 10 02 80 00 00 09 10 02 80 00 00 0A 10 02 80 00 00 0B 10 02 80 00 00 DC 94 01 10 0A A0 00 22 43 EA 01 10 0A 06 00 08 10 19 0E 00 00 00 00 00 00 00 00 00 00 00 00 00 00 7E 9F 01 10 0A 06 00 08 22 16 01 10 0A 00 00 02 04 00 01 00 00 DC CF 01 10 0A 00 00 02 42 10;HEX;
15;R;11:34:49:343;01 10 0A 05 00 01 02 00 8A 8D A2 01 10 0A 05 00 01 12 10 01 10 0A FA 00 03 06 14 04 00 00 00 00 10 6F 01 10 0A FA 00 03 A3 E1 01 10 0A A0 00 22 44 13 42 01 10 02 80 00 00 02 10 02 80 00 00 03 10 02 80 00 00 04 10 02 80 00 00 05 10 02 80 00 00 06 10 02 80 00 00 07 10 02 80 00 00 08 10 02 80 00 00 09 10 02 80 00 00 0A 10 02 80 00 00 0B 10 02 80 00 00 DC 94 01 10 0A A0 00 22 43 EA 01 10 0A 06 00 08 10 19 0E 00 00 00 00 00 00 00 00 00 00 00 00 00 00 7E 9F 01 10 0A 06 00 08 22 16 01 10 0A 00 00 02 04 00 01 00 00 DC CF 01 10 0A 00 00 02 42 10;HEX;
16;R;11:34:50:343;01 10 0A 05 00 01 02 00 8B 4C 62 01 10 0A 05 00 01 12 10 01 10 0A FA 00 03 06 14 04 00 00 00 00 10 6F 01 10 0A FA 00 03 A3 E1 01 10 0A A0 00 22 44 13 42 01 10 02 80 00 00 02 10 02 80 00 00 03 10 02 80 00 00 04 10 02 80 00 00 05 10 02 80 00 00 06 10 02 80 00 00 07 10 02 80 00 00 08 10 02 80 00 00 09 10 02 80 00 00 0A 10 02 80 00 00 0B 10 02 80 00 00 DC 94 01 10 0A A0 00 22 43 EA 01 10 0A 06 00 08 10 19 0E 00 00 00 00 00 00 00 00 00 00 00 00 00 00 7E 9F 01 10 0A 06 00 08 22 16 01 10 0A 00 00 02 04 00 01 00 00 DC CF 01 10 0A 00 00 02 42 10;HEX;
17;R;11:34:51:359;01 10 0A 05 00 01 02 00 8C 0D A0 01 10 0A 05 00 01 12 10 01 10 0A FA 00 03 06 14 04 00 00 00 00 10 6F 01 10 0A FA 00 03 A3 E1 01 10 0A A0 00 22 44 13 42 01 10 02 80 00 00 02 10 02 80 00 00 03 10 02 80 00 00 04 10 02 80 00 00 05 10 02 80 00 00 06 10 02 80 00 00 07 10 02 80 00 00 08 10 02 80 00 00 09 10 02 80 00 00 0A 10 02 80 00 00 0B 10 02 80 00 00 DC 94 01 10 0A A0 00 22 43 EA 01 10 0A 06 00 08 10 19 0E 00 00 00 00 00 00 00 00 00 00 00 00 00 00 7E 9F 01 10 0A 06 00 08 22 16 01 10 0A 00 00 02 04 00 01 00 00 DC CF 01 10 0A 00 00 02 42 10;HEX;
18;R;11:34:52:359;01 10 0A 05 00 01 02 00 8D CC 60 01 10 0A 05 00 01 12 10 01 10 0A FA 00 03 06 14 04 00 00 00 00 10 6F 01 10 0A FA 00 03 A3 E1 01 10 0A A0 00 22 44 13 42 01 10 02 80 00 00 02 10 02 80 00 00 03 10 02 80 00 00 04 10 02 80 00 00 05 10 02 80 00 00 06 10 02 80 00 00 07 10 02 80 00 00 08 10 02 80 00 00 09 10 02 80 00 00 0A 10 02 80 00 00 0B 10 02 80 00 00 DC 94 01 10 0A A0 00 22 43 EA 01 10 0A 06 00 08 10 19 0E 00 00 00 00 00 00 00 00 00 00 00 00 00 00 7E 9F 01 10 0A 06 00 08 22 16 01 10 0A 00 00 02 04 00 01 00 00 DC CF 01 10 0A 00 00 02 42 10;HEX;
19;R;11:34:53:375;01 10 0A 05 00 01 02 00 8E 8C 61 01 10 0A 05 00 01 12 10 01 10 0A FA 00 03 06 14 04 00 00 00 00 10 6F 01 10 0A FA 00 03 A3 E1 01 10 0A A0 00 22 44 13 42 01 10 02 80 00 00 02 10 02 80 00 00 03 10 02 80 00 00 04 10 02 80 00 00 05 10 02 80 00 00 06 10 02 80 00 00 07 10 02 80 00 00 08 10 02 80 00 00 09 10 02 80 00 00 0A 10 02 80 00 00 0B 10 02 80 00 00 DC 94 01 10 0A A0 00 22 43 EA 01 10 0A 06 00 08 10 19 0E 00 00 00 00 00 00 00 00 00 00 00 00 00 00 7E 9F 01 10 0A 06 00 08 22 16 01 10 0A 00 00 02 04 00 01 00 00 DC CF 01 10 0A 00 00 02 42 10;HEX;
20;R;11:34:54:375;01 10 0A 05 00 01 02 00 8F 4D A1 01 10 0A 05 00 01 12 10 01 10 0A FA 00 03 06 14 04 00 00 00 00 10 6F 01 10 0A FA 00 03 A3 E1 01 10 0A A0 00 22 44 13 42 01 10 02 80 00 00 02 10 02 80 00 00 03 10 02 80 00 00 04 10 02 80 00 00 05 10 02 80 00 00 06 10 02 80 00 00 07 10 02 80 00 00 08 10 02 80 00 00 09 10 02 80 00 00 0A 10 02 80 00 00 0B 10 02 80 00 00 DC 94 01 10 0A A0 00 22 43 EA 01 10 0A 06 00 08 10 19 0E 00 00 00 00 00 00 00 00 00 00 00 00 00 00 7E 9F 01 10 0A 06 00 08 22 16 01 10 0A 00 00 02 04 00 01 00 00 DC CF 01 10 0A 00 00 02 42 10;HEX;
21;R;11:34:55:390;01 10 0A 05 00 01 02 00 90 0C 69 01 10 0A 05 00 01 12 10 01 10 0A FA 00 03 06 14 04 00 00 00 00 10 6F 01 10 0A FA 00 03 A3 E1 01 10 0A A0 00 22 44 13 42 01 10 02 80 00 00 02 10 02 80 00 00 03 10 02 80 00 00 04 10 02 80 00 00 05 10 02 80 00 00 06 10 02 80 00 00 07 10 02 80 00 00 08 10 02 80 00 00 09 10 02 80 00 00 0A 10 02 80 00 00 0B 10 02 80 00 00 DC 94 01 10 0A A0 00 22 43 EA 01 10 0A 06 00 08 10 19 0E 00 00 00 00 00 00 00 00 00 00 00 00 00 00 7E 9F 01 10 0A 06 00 08 22 16 01 10 0A 00 00 02 04 00 01 00 00 DC CF 01 10 0A 00 00 02 42 10;HEX;
22;R;11:34:56:390;01 10 0A 05 00 01 02 00 91 CD A9 01 10 0A 05 00 01 12 10 01 10 0A FA 00 03 06 14 04 00 00 00 00 10 6F 01 10 0A FA 00 03 A3 E1 01 10 0A A0 00 22 44 13 42 01 10 02 80 00 00 02 10 02 80 00 00 03 10 02 80 00 00 04 10 02 80 00 00 05 10 02 80 00 00 06 10 02 80 00 00 07 10 02 80 00 00 08 10 02 80 00 00 09 10 02 80 00 00 0A 10 02 80 00 00 0B 10 02 80 00 00 DC 94 01 10 0A A0 00 22 43 EA 01 10 0A 06 00 08 10 19 0E 00 00 00 00 00 00 00 00 00 00 00 00 00 00 7E 9F 01 10 0A 06 00 08 22 16 01 10 0A 00 00 02 04 00 01 00 00 DC CF 01 10 0A 00 00 02 42 10;HEX;
23;R;11:34:57:406;01 10 0A 05 00 01 02 00 92 8D A8 01 10 0A 05 00 01 12 10 01 10 0A FA 00 03 06 14 04 00 00 00 00 10 6F 01 10 0A FA 00 03 A3 E1 01 10 0A A0 00 22 44 13 42 01 10 02 80 00 00 02 10 02 80 00 00 03 10 02 80 00 00 04 10 02 80 00 00 05 10 02 80 00 00 06 10 02 80 00 00 07 10 02 80 00 00 08 10 02 80 00 00 09 10 02 80 00 00 0A 10 02 80 00 00 0B 10 02 80 00 00 DC 94 01 10 0A A0 00 22 43 EA 01 10 0A 06 00 08 10 19 0E 00 00 00 00 00 00 00 00 00 00 00 00 00 00 7E 9F 01 10 0A 06 00 08 22 16 01 10 0A 00 00 02 04 00 01 00 00 DC CF 01 10 0A 00 00 02 42 10;HEX;
24;R;11:34:58:406;01 10 0A 05 00 01 02 00 93 4C 68 01 10 0A 05 00 01 12 10 01 10 0A FA 00 03 06 14 04 00 00 00 00 10 6F 01 10 0A FA 00 03 A3 E1 01 10 0A A0 00 22 44 13 42 01 10 02 80 00 00 02 10 02 80 00 00 03 10 02 80 00 00 04 10 02 80 00 00 05 10 02 80 00 00 06 10 02 80 00 00 07 10 02 80 00 00 08 10 02 80 00 00 09 10 02 80 00 00 0A 10 02 80 00 00 0B 10 02 80 00 00 DC 94 01 10 0A A0 00 22 43 EA 01 10 0A 06 00 08 10 19 0E 00 00 00 00 00 00 00 00 00 00 00 00 00 00 7E 9F 01 10 0A 06 00 08 22 16 01 10 0A 00 00 02 04 00 01 00 00 DC CF 01 10 0A 00 00 02 42 10;HEX;
25;R;11:34:59:421;01 10 0A 05 00 01 02 00 94 0D AA 01 10 0A 05 00 01 12 10 01 10 0A FA 00 03 06 14 04 00 00 00 00 10 6F 01 10 0A FA 00 03 A3 E1 01 10 0A A0 00 22 44 13 42 01 10 02 80 00 00 02 10 02 80 00 00 03 10 02 80 00 00 04 10 02 80 00 00 05 10 02 80 00 00 06 10 02 80 00 00 07 10 02 80 00 00 08 10 02 80 00 00 09 10 02 80 00 00 0A 10 02 80 00 00 0B 10 02 80 00 00 DC 94 01 10 0A A0 00 22 43 EA 01 10 0A 06 00 08 10 19 0E 00 00 00 00 00 00 00 00 00 00 00 00 00 00 7E 9F 01 10 0A 06 00 08 22 16 01 10 0A 00 00 02 04 00 01 00 00 DC CF 01 10 0A 00 00 02 42 10;HEX;
26;R;11:35:00:421;01 10 0A 05 00 01 02 00 95 CC 6A 01 10 0A 05 00 01 12 10 01 10 0A FA 00 03 06 14 04 00 00 00 00 10 6F 01 10 0A FA 00 03 A3 E1 01 10 0A A0 00 22 44 13 42 01 10 02 80 00 00 02 10 02 80 00 00 03 10 02 80 00 00 04 10 02 80 00 00 05 10 02 80 00 00 06 10 02 80 00 00 07 10 02 80 00 00 08 10 02 80 00 00 09 10 02 80 00 00 0A 10 02 80 00 00 0B 10 02 80 00 00 DC 94 01 10 0A A0 00 22 43 EA 01 10 0A 06 00 08 10 19 0E 00 00 00 00 00 00 00 00 00 00 00 00 00 00 7E 9F 01 10 0A 06 00 08 22 16 01 10 0A 00 00 02 04 00 01 00 00 DC CF 01 10 0A 00 00 02 42 10;HEX;
27;R;11:35:01:437;01 10 0A 05 00 01 02 00 96 8C 6B 01 10 0A 05 00 01 12 10 01 10 0A FA 00 03 06 14 04 00 00 00 00 10 6F 01 10 0A FA 00 03 A3 E1 01 10 0A A0 00 22 44 13 42 01 10 02 80 00 00 02 10 02 80 00 00 03 10 02 80 00 00 04 10 02 80 00 00 05 10 02 80 00 00 06 10 02 80 00 00 07 10 02 80 00 00 08 10 02 80 00 00 09 10 02 80 00 00 0A 10 02 80 00 00 0B 10 02 80 00 00 DC 94 01 10 0A A0 00 22 43 EA 01 10 0A 06 00 08 10 19 0E 00 00 00 00 00 00 00 00 00 00 00 00 00 00 7E 9F 01 10 0A 06 00 08 22 16 01 10 0A 00 00 02 04 00 01 00 00 DC CF 01 10 0A 00 00 02 42 10;HEX;
28;R;11:35:02:437;01 10 0A 05 00 01 02 00 97 4D AB 01 10 0A 05 00 01 12 10 01 10 0A FA 00 03 06 14 04 00 00 00 00 10 6F 01 10 0A FA 00 03 A3 E1 01 10 0A A0 00 22 44 13 42 01 10 02 80 00 00 02 10 02 80 00 00 03 10 02 80 00 00 04 10 02 80 00 00 05 10 02 80 00 00 06 10 02 80 00 00 07 10 02 80 00 00 08 10 02 80 00 00 09 10 02 80 00 00 0A 10 02 80 00 00 0B 10 02 80 00 00 DC 94 01 10 0A A0 00 22 43 EA 01 10 0A 06 00 08 10 19 0E 00 00 00 00 00 00 00 00 00 00 00 00 00 00 7E 9F 01 10 0A 06 00 08 22 16 01 10 0A 00 00 02 04 00 01 00 00 DC CF 01 10 0A 00 00 02 42 10;HEX;
29;R;11:35:03:453;01 10 0A 05 00 01 02 00 98 0D AF 01 10 0A 05 00 01 12 10 01 10 0A FA 00 03 06 14 04 00 00 00 00 10 6F 01 10 0A FA 00 03 A3 E1 01 10 0A A0 00 22 44 13 42 01 10 02 80 00 00 02 10 02 80 00 00 03 10 02 80 00 00 04 10 02 80 00 00 05 10 02 80 00 00 06 10 02 80 00 00 07 10 02 80 00 00 08 10 02 80 00 00 09 10 02 80 00 00 0A 10 02 80 00 00 0B 10 02 80 00 00 DC 94 01 10 0A A0 00 22 43 EA 01 10 0A 06 00 08 10 19 0E 00 00 00 00 00 00 00 00 00 00 00 00 00 00 7E 9F 01 10 0A 06 00 08 22 16 01 10 0A 00 00 02 04 00 01 00 00 DC CF 01 10 0A 00 00 02 42 10;HEX;
30;R;11:35:04:453;01 10 0A 05 00 01 02 00 99 CC 6F 01 10 0A 05 00 01 12 10 01 10 0A FA 00 03 06 14 04 00 00 00 00 10 6F 01 10 0A FA 00 03 A3 E1 01 10 0A A0 00 22 44 13 42 01 10 02 80 00 00 02 10 02 80 00 00 03 10 02 80 00 00 04 10 02 80 00 00 05 10 02 80 00 00 06 10 02 80 00 00 07 10 02 80 00 00 08 10 02 80 00 00 09 10 02 80 00 00 0A 10 02 80 00 00 0B 10 02 80 00 00 DC 94 01 10 0A A0 00 22 43 EA 01 10 0A 06 00 08 10 19 0E 00 00 00 00 00 00 00 00 00 00 00 00 00 00 7E 9F 01 10 0A 06 00 08 22 16 01 10 0A 00 00 02 04 00 01 00 00 DC CF 01 10 0A 00 00 02 42 10;HEX;
31;R;11:35:05:468;01 10 0A 05 00 01 02 00 9A 8C 6E 01 10 0A 05 00 01 12 10 01 10 0A FA 00 03 06 14 04 00 00 00 00 10 6F 01 10 0A FA 00 03 A3 E1 01 10 0A A0 00 22 44 13 42 01 10 02 80 00 00 02 10 02 80 00 00 03 10 02 80 00 00 04 10 02 80 00 00 05 10 02 80 00 00 06 10 02 80 00 00 07 10 02 80 00 00 08 10 02 80 00 00 09 10 02 80 00 00 0A 10 02 80 00 00 0B 10 02 80 00 00 DC 94 01 10 0A A0 00 22 43 EA 01 10 0A 06 00 08 10 19 0E 00 00 00 00 00 00 00 00 00 00 00 00 00 00 7E 9F 01 10 0A 06 00 08 22 16 01 10 0A 00 00 02 04 00 01 00 00 DC CF 01 10 0A 00 00 02 42 10;HEX;
32;R;11:35:06:468;01 10 0A 05 00 01 02 00 9B 4D AE 01 10 0A 05 00 01 12 10 01 10 0A FA 00 03 06 14 04 00 00 00 00 10 6F 01 10 0A FA 00 03 A3 E1 01 10 0A A0 00 22 44 13 42 01 10 02 80 00 00 02 10 02 80 00 00 03 10 02 80 00 00 04 10 02 80 00 00 05 10 02 80 00 00 06 10 02 80 00 00 07 10 02 80 00 00 08 10 02 80 00 00 09 10 02 80 00 00 0A 10 02 80 00 00 0B 10 02 80 00 00 DC 94 01 10 0A A0 00 22 43 EA 01 10 0A 06 00 08 10 19 0E 00 00 00 00 00 00 00 00 00 00 00 00 00 00 7E 9F 01 10 0A 06 00 08 22 16 01 10 0A 00 00 02 04 00 01 00 00 DC CF 01 10 0A 00 00 02 42 10;HEX;
33;R;11:35:07:484;01 10 0A 05 00 01 02 00 9C 0C 6C 01 10 0A 05 00 01 12 10 01 10 0A FA 00 03 06 14 04 00 00 00 00 10 6F 01 10 0A FA 00 03 A3 E1 01 10 0A A0 00 22 44 13 42 01 10 02 80 00 00 02 10 02 80 00 00 03 10 02 80 00 00 04 10 02 80 00 00 05 10 02 80 00 00 06 10 02 80 00 00 07 10 02 80 00 00 08 10 02 80 00 00 09 10 02 80 00 00 0A 10 02 80 00 00 0B 10 02 80 00 00 DC 94 01 10 0A A0 00 22 43 EA 01 10 0A 06 00 08 10 19 0E 00 00 00 00 00 00 00 00 00 00 00 00 00 00 7E 9F 01 10 0A 06 00 08 22 16 01 10 0A 00 00 02 04 00 01 00 00 DC CF 01 10 0A 00 00 02 42 10;HEX;
34;R;11:35:08:484;01 10 0A 05 00 01 02 00 9D CD AC 01 10 0A 05 00 01 12 10 01 10 0A FA 00 03 06 14 04 00 00 00 00 10 6F 01 10 0A FA 00 03 A3 E1 01 10 0A A0 00 22 44 13 42 01 10 02 80 00 00 02 10 02 80 00 00 03 10 02 80 00 00 04 10 02 80 00 00 05 10 02 80 00 00 06 10 02 80 00 00 07 10 02 80 00 00 08 10 02 80 00 00 09 10 02 80 00 00 0A 10 02 80 00 00 0B 10 02 80 00 00 DC 94 01 10 0A A0 00 22 43 EA 01 10 0A 06 00 08 10 19 0E 00 00 00 00 00 00 00 00 00 00 00 00 00 00 7E 9F 01 10 0A 06 00 08 22 16 01 10 0A 00 00 02 04 00 01 00 00 DC CF 01 10 0A 00 00 02 42 10;HEX;
35;R;11:35:09:500;01 10 0A 05 00 01 02 00 9E 8D AD 01 10 0A 05 00 01 12 10 01 10 0A FA 00 03 06 14 04 00 00 00 00 10 6F 01 10 0A FA 00 03 A3 E1 01 10 0A A0 00 22 44 13 42 01 10 02 80 00 00 02 10 02 80 00 00 03 10 02 80 00 00 04 10 02 80 00 00 05 10 02 80 00 00 06 10 02 80 00 00 07 10 02 80 00 00 08 10 02 80 00 00 09 10 02 80 00 00 0A 10 02 80 00 00 0B 10 02 80 00 00 DC 94 01 10 0A A0 00 22 43 EA 01 10 0A 06 00 08 10 19 0E 00 00 00 00 00 00 00 00 00 00 00 00 00 00 7E 9F 01 10 0A 06 00 08 22 16 01 10 0A 00 00 02 04 00 01 00 00 DC CF 01 10 0A 00 00 02 42 10;HEX;
36;R;11:35:10:500;01 10 0A 05 00 01 02 00 9F 4C 6D 01 10 0A 05 00 01 12 10 01 10 0A FA 00 03 06 14 04 00 00 00 00 10 6F 01 10 0A FA 00 03 A3 E1 01 10 0A A0 00 22 44 13 42 01 10 02 80 00 00 02 10 02 80 00 00 03 10 02 80 00 00 04 10 02 80 00 00 05 10 02 80 00 00 06 10 02 80 00 00 07 10 02 80 00 00 08 10 02 80 00 00 09 10 02 80 00 00 0A 10 02 80 00 00 0B 10 02 80 00 00 DC 94 01 10 0A A0 00 22 43 EA 01 10 0A 06 00 08 10 19 0E 00 00 00 00 00 00 00 00 00 00 00 00 00 00 7E 9F 01 10 0A 06 00 08 22 16 01 10 0A 00 00 02 04 00 01 00 00 DC CF 01 10 0A 00 00 02 42 10;HEX;
37;R;11:35:11:515;01 10 0A 05 00 01 02 00 A0 0C 7D 01 10 0A 05 00 01 12 10 01 10 0A FA 00 03 06 14 04 00 00 00 00 10 6F 01 10 0A FA 00 03 A3 E1 01 10 0A A0 00 22 44 13 42 01 10 02 80 00 00 02 10 02 80 00 00 03 10 02 80 00 00 04 10 02 80 00 00 05 10 02 80 00 00 06 10 02 80 00 00 07 10 02 80 00 00 08 10 02 80 00 00 09 10 02 80 00 00 0A 10 02 80 00 00 0B 10 02 80 00 00 DC 94 01 10 0A A0 00 22 43 EA 01 10 0A 06 00 08 10 19 0E 00 00 00 00 00 00 00 00 00 00 00 00 00 00 7E 9F 01 10 0A 06 00 08 22 16 01 10 0A 00 00 02 04 00 01 00 00 DC CF 01 10 0A 00 00 02 42 10;HEX;
38;R;11:35:12:515;01 10 0A 05 00 01 02 00 A1 CD BD 01 10 0A 05 00 01 12 10 01 10 0A FA 00 03 06 14 04 00 00 00 00 10 6F 01 10 0A FA 00 03 A3 E1 01 10 0A A0 00 22 44 13 42 01 10 02 80 00 00 02 10 02 80 00 00 03 10 02 80 00 00 04 10 02 80 00 00 05 10 02 80 00 00 06 10 02 80 00 00 07 10 02 80 00 00 08 10 02 80 00 00 09 10 02 80 00 00 0A 10 02 80 00 00 0B 10 02 80 00 00 DC 94 01 10 0A A0 00 22 43 EA 01 10 0A 06 00 08 10 19 0E 00 00 00 00 00 00 00 00 00 00 00 00 00 00 7E 9F 01 10 0A 06 00 08 22 16 01 10 0A 00 00 02 04 00 01 00 00 DC CF 01 10 0A 00 00 02 42 10;HEX;
