#;Тип операции;Время;Сообщение;Вид представления;
0;R;14:37:24:968;01 10 04 A6 00 08 10 19 0E 0B 00 00 00 00 00 00 00 00 00 00 00 00 00 03 C3;HEX;
1;R;14:37:25:281;01 10 04 A0 00 02 04 00 01 00 00 9A D7;HEX;
2;R;14:37:25:562;01 10 04 A3 00 02 04 33 02 02 06 A4 E4;HEX;
3;R;14:37:25:843;01 10 04 30 00 04 08 04 06 2B 2E 03 5B 30 3A 94 D4;HEX;
4;R;14:37:26:125;01 10 04 F0 00 09 12 03 10 38 00 13 00 85 00 13 00 86 00 13 00 18 00 13 00 C1 C5;HEX;
5;R;14:37:26:421;01 10 04 B0 00 09 12 02 10 41 00 85 00 6E 01 85 00 6F 01 85 00 91 00 85 00 A2 BA;HEX;
6;R;14:37:26:718;01 10 04 A5 00 01 02 00 00 FB 65;HEX;
7;R;14:37:27:000;01 10 04 A6 00 08 10 19 0E 0B 00 00 00 00 00 00 00 00 00 00 00 00 00 03 C3;HEX;
8;R;14:37:27:296;01 10 04 A0 00 02 04 00 01 00 00 9A D7;HEX;
9;R;14:37:27:578;01 10 04 A3 00 02 04 33 02 02 06 A4 E4;HEX;
10;R;14:37:27:875;01 10 04 30 00 04 08 04 06 2B 2E 03 5B 30 3E 95 17;HEX;
11;R;14:37:28:156;01 10 04 F0 00 09 12 03 10 38 00 13 00 85 00 13 00 86 00 13 00 18 00 13 00 C1 C5;HEX;
12;R;14:37:28:437;01 10 04 B0 00 09 12 02 10 41 00 85 00 6E 01 85 00 6F 01 85 00 91 00 85 00 A2 BA;HEX;
13;R;14:37:28:734;01 10 04 A5 00 01 02 00 00 FB 65;HEX;
14;R;14:37:29:015;01 10 04 A6 00 08 10 19 0E 0B 00 00 00 00 00 00 00 00 00 00 00 00 00 03 C3;HEX;
15;R;14:37:29:312;01 10 04 A0 00 02 04 00 01 00 00 9A D7;HEX;
16;R;14:37:29:593;01 10 04 A3 00 02 04 33 02 02 06 A4 E4;HEX;
17;R;14:37:29:890;01 10 04 30 00 04 08 04 06 2B 2E 03 5B 30 3A 94 D4;HEX;
18;R;14:37:30:171;01 10 04 F0 00 09 12 03 10 38 00 13 00 85 00 13 00 86 00 13 00 18 00 13 00 C1 C5;HEX;
19;R;14:37:30:453;01 10 04 B0 00 09 12 02 10 41 00 85 00 6E 01 85 00 6F 01 85 00 91 00 85 00 A2 BA;HEX;
20;R;14:37:30:765;01 10 04 A5 00 01 02 00 00 FB 65;HEX;
21;R;14:37:31:031;01 10 04 A6 00 08 10 19 0E 0B 00 00 00 00 00 00 00 00 00 00 00 00 00 03 C3;HEX;
22;R;14:37:31:343;01 10 04 A0 00 02 04 00 01 00 00 9A D7;HEX;
23;R;14:37:31:625;01 10 04 A3 00 02 04 33 02 02 06 A4 E4;HEX;
24;R;14:37:31:906;01 10 04 30 00 04 08 04 06 2B 2E 03 5B 30 3E 95 17;HEX;
25;R;14:37:32:187;01 10 04 F0 00 09 12 03 10 38 00 13 00 85 00 13 00 86 00 13 00 18 00 13 00 C1 C5;HEX;
26;R;14:37:32:500;01 10 04 B0 00 09 12 02 10 41 00 85 00 6E 01 85 00 6F 01 85 00 91 00 85 00 A2 BA;HEX;
27;R;14:37:32:781;01 10 04 A5 00 01 02 00 00 FB 65;HEX;
28;R;14:37:33:062;01 10 04 A6 00 08 10 19 0E 0B 00 00 00 00 00 00 00 00 00 00 00 00 00 03 C3;HEX;
29;R;14:37:33:359;01 10 04 A0 00 02 04 00 01 00 00 9A D7;HEX;
30;R;14:37:33:640;01 10 04 A3 00 02 04 33 02 02 06 A4 E4;HEX;
31;R;14:37:33:937;01 10 04 30 00 04 08 04 06 2B 2E 03 5B 30 3E 95 17;HEX;
32;R;14:37:34:218;01 10 04 F0 00 09 12 03 10 38 00 13 00 85 00 13 00 86 00 13 00 18 00 13 00 C1 C5;HEX;
33;R;14:37:34:500;01 10 04 B0 00 09 12 02 10 41 00 85 00 6E 01 85 00 6F 01 85 00 91 00 85 00 A2 BA;HEX;
34;R;14:37:34:796;01 10 04 A5 00 01 02 00 00 FB 65;HEX;
35;R;14:37:35:078;01 10 04 A6 00 08 10 19 0E 0B 00 00 00 00 00 00 00 00 00 00 00 00 00 03 C3;HEX;
36;R;14:37:35:375;01 10 04 A0 00 02 04 00 01 00 00 9A D7;HEX;
37;R;14:37:35:656;01 10 04 A3 00 02 04 33 02 02 06 A4 E4;HEX;
38;R;14:37:35:953;01 10 04 30 00 04 08 04 06 2B 2E 03 5B 30 3E 95 17;HEX;
39;R;14:37:36:234;01 10 04 F0 00 09 12 03 10 38 00 13 00 85 00 13 00 86 00 13 00 18 00 13 00 C1 C5;HEX;
40;R;14:37:36:515;01 10 04 B0 00 09 12 02 10 41 00 85 00 6E 01 85 00 6F 01 85 00 91 00 85 00 A2 BA;HEX;
41;R;14:37:36:828;01 10 04 A5 00 01 02 00 00 FB 65;HEX;
42;R;14:37:37:093;01 10 04 A6 00 08 10 19 0E 0B 00 00 00 00 00 00 00 00 00 00 00 00 00 03 C3;HEX;
43;R;14:37:37:406;01 10 04 A0 00 02 04 00 01 00 00 9A D7;HEX;
44;R;14:37:37:687;01 10 04 A3 00 02 04 33 02 02 06 A4 E4;HEX;
45;R;14:37:37:968;01 10 04 30 00 04 08 04 06 2B 2E 03 5B 30 3E 95 17;HEX;
46;R;14:37:38:250;01 10 04 F0 00 09 12 03 10 38 00 13 00 85 00 13 00 86 00 13 00 18 00 13 00 C1 C5;HEX;
47;R;14:37:38:562;01 10 04 B0 00 09 12 02 10 41 00 85 00 6E 01 85 00 6F 01 85 00 91 00 85 00 A2 BA;HEX;
48;R;14:37:38:843;01 10 04 A5 00 01 02 00 00 FB 65;HEX;
49;R;14:37:39:125;01 10 04 A6 00 08 10 19 0E 0B 00 00 00 00 00 00 00 00 00 00 00 00 00 03 C3;HEX;
50;R;14:37:39:421;01 10 04 A0 00 02 04 00 01 00 00 9A D7;HEX;
51;R;14:37:39:703;01 10 04 A3 00 02 04 33 02 02 06 A4 E4;HEX;
52;R;14:37:40:000;01 10 04 30 00 04 08 04 06 2B 2E 03 5B 30 3E 95 17;HEX;
53;R;14:37:40:281;01 10 04 F0 00 09 12 03 10 38 00 13 00 85 00 13 00 86 00 13 00 18 00 13 00 C1 C5;HEX;
54;R;14:37:40:578;01 10 04 B0 00 09 12 02 10 41 00 85 00 6E 01 85 00 6F 01 85 00 91 00 85 00 A2 BA;HEX;
55;R;14:37:40:859;01 10 04 A5 00 01 02 00 00 FB 65;HEX;
56;R;14:37:41:140;01 10 04 A6 00 08 10 19 0E 0B 00 00 00 00 00 00 00 00 00 00 00 00 00 03 C3;HEX;
57;R;14:37:41:437;01 10 04 A0 00 02 04 00 01 00 00 9A D7;HEX;
58;R;14:37:41:718;01 10 04 A3 00 02 04 33 02 02 06 A4 E4;HEX;
59;R;14:37:42:015;01 10 04 30 00 04 08 04 06 2B 2E 03 5B 30 3E 95 17;HEX;
60;R;14:37:42:296;01 10 04 F0 00 09 12 03 10 38 00 13 00 85 00 13 00 86 00 13 00 18 00 13 00 C1 C5;HEX;
61;R;14:37:42:593;01 10 04 B0 00 09 12 02 10 41 00 85 00 6E 01 85 00 6F 01 85 00 91 00 85 00 A2 BA;HEX;
62;R;14:37:42:890;01 10 04 A5 00 01 02 00 00 FB 65;HEX;
63;R;14:37:43:156;01 10 04 A6 00 08 10 19 0E 0B 00 00 00 00 00 00 00 00 00 00 00 00 00 03 C3;HEX;
64;R;14:37:43:468;01 10 04 A0 00 02 04 00 01 00 00 9A D7;HEX;
65;R;14:37:43:734;01 10 04 A3 00 02 04 33 02 02 06 A4 E4;HEX;
66;R;14:37:44:031;01 10 04 30 00 04 08 04 06 2B 2E 03 5B 30 3E 95 17;HEX;
67;R;14:37:44:312;01 10 04 F0 00 09 12 03 10 38 00 13 00 85 00 13 00 86 00 13 00 18 00 13 00 C1 C5;HEX;
68;R;14:37:44:625;01 10 04 B0 00 09 12 02 10 41 00 85 00 6E 01 85 00 6F 01 85 00 91 00 85 00 A2 BA;HEX;
69;R;14:37:44:906;01 10 04 A5 00 01 02 00 00 FB 65;HEX;
70;R;14:37:45:187;01 10 04 A6 00 08 10 19 0E 0B 00 00 00 00 00 00 00 00 00 00 00 00 00 03 C3;HEX;
71;R;14:37:45:484;01 10 04 A0 00 02 04 00 01 00 00 9A D7;HEX;
72;R;14:37:45:765;01 10 04 A3 00 02 04 33 02 02 06 A4 E4;HEX;
73;R;14:37:46:062;01 10 04 30 00 04 08 04 06 2B 2E 03 5B 30 3E 95 17;HEX;
74;R;14:37:46:343;01 10 04 F0 00 09 12 03 10 38 00 13 00 85 00 13 00 86 00 13 00 18 00 13 00 C1 C5;HEX;
75;R;14:37:46:640;01 10 04 B0 00 09 12 02 10 41 00 85 00 6E 01 85 00 6F 01 85 00 91 00 85 00 A2 BA;HEX;
76;R;14:37:46:921;01 10 04 A5 00 01 02 00 00 FB 65;HEX;
77;R;14:37:47:203;01 10 04 A6 00 08 10 19 0E 0B 00 00 00 00 00 00 00 00 00 00 00 00 00 03 C3;HEX;
78;R;14:37:47:500;01 10 04 A0 00 02 04 00 01 00 00 9A D7;HEX;
79;R;14:37:47:781;01 10 04 A3 00 02 04 33 02 02 06 A4 E4;HEX;
80;R;14:37:48:078;01 10 04 30 00 04 08 04 06 2B 2E 03 5B 30 3E 95 17;HEX;
81;R;14:37:48:359;01 10 04 F0 00 09 12 03 10 38 00 13 00 85 00 13 00 86 00 13 00 18 00 13 00 C1 C5;HEX;
82;R;14:37:48:656;01 10 04 B0 00 09 12 02 10 41 00 85 00 6E 01 85 00 6F 01 85 00 91 00 85 00 A2 BA;HEX;
83;R;14:37:48:953;01 10 04 A5 00 01 02 00 00 FB 65;HEX;
84;R;14:37:49:218;01 10 04 A6 00 08 10 19 0E 0B 00 00 00 00 00 00 00 00 00 00 00 00 00 03 C3;HEX;
85;R;14:37:49:531;01 10 04 A0 00 02 04 00 01 00 00 9A D7;HEX;
86;R;14:37:49:796;01 10 04 A3 00 02 04 33 02 02 06 A4 E4;HEX;
87;R;14:37:50:093;01 10 04 30 00 04 08 04 06 2B 2E 03 5B 30 3E 95 17;HEX;
88;R;14:37:50:375;01 10 04 F0 00 09 12 03 10 38 00 13 00 85 00 13 00 86 00 13 00 18 00 13 00 C1 C5;HEX;
89;R;14:37:50:687;01 10 04 B0 00 09 12 02 10 41 00 85 00 6E 01 85 00 6F 01 85 00 91 00 85 00 A2 BA;HEX;
90;R;14:37:50:968;01 10 04 A5 00 01 02 00 00 FB 65;HEX;
91;R;14:37:51:250;01 10 04 A6 00 08 10 19 0E 0B 00 00 00 00 00 00 00 00 00 00 00 00 00 03 C3;HEX;
92;R;14:37:51:546;01 10 04 A0 00 02 04 00 01 00 00 9A D7;HEX;
93;R;14:37:51:828;01 10 04 A3 00 02 04 33 02 02 06 A4 E4;HEX;
94;R;14:37:52:125;01 10 04 30 00 04 08 04 06 2B 2E 03 5B 30 3E 95 17;HEX;
95;R;14:37:52:406;01 10 04 F0 00 09 12 03 10 38 00 13 00 85 00 13 00 86 00 13 00 18 00 13 00 C1 C5;HEX;
96;R;14:37:52:703;01 10 04 B0 00 09 12 02 10 41 00 85 00 6E 01 85 00 6F 01 85 00 91 00 85 00 A2 BA;HEX;
97;R;14:37:52:984;01 10 04 A5 00 01 02 00 00 FB 65;HEX;
98;R;14:37:53:265;01 10 04 A6 00 08 10 19 0E 0B 00 00 00 00 00 00 00 00 00 00 00 00 00 03 C3;HEX;
99;R;14:37:53:562;01 10 04 A0 00 02 04 00 01 00 00 9A D7;HEX;
100;R;14:37:53:843;01 10 04 A3 00 02 04 33 02 02 06 A4 E4;HEX;
101;R;14:37:54:140;01 10 04 30 00 04 08 04 06 2B 2E 03 5B 30 3E 95 17;HEX;
102;R;14:37:54:421;01 10 04 F0 00 09 12 03 10 38 00 13 00 85 00 13 00 86 00 13 00 18 00 13 00 C1 C5;HEX;
103;R;14:37:54:718;01 10 04 B0 00 09 12 02 10 41 00 85 00 6E 01 85 00 6F 01 85 00 91 00 85 00 A2 BA;HEX;
104;R;14:37:55:015;01 10 04 A5 00 01 02 00 00 FB 65;HEX;
105;R;14:37:55:281;01 10 04 A6 00 08 10 19 0E 0B 00 00 00 00 00 00 00 00 00 00 00 00 00 03 C3;HEX;
106;R;14:37:55:593;01 10 04 A0 00 02 04 00 01 00 00 9A D7;HEX;
107;R;14:37:55:875;01 10 04 A3 00 02 04 33 02 02 06 A4 E4;HEX;
108;R;14:37:56:156;01 10 04 30 00 04 08 04 06 2B 2E 03 5B 30 3E 95 17;HEX;
109;R;14:37:56:437;01 10 04 F0 00 09 12 03 10 38 00 13 00 85 00 13 00 86 00 13 00 18 00 13 00 C1 C5;HEX;
110;R;14:37:56:750;01 10 04 B0 00 09 12 02 10 41 00 85 00 6E 01 85 00 6F 01 85 00 91 00 85 00 A2 BA;HEX;
111;R;14:37:57:031;01 10 04 A5 00 01 02 00 00 FB 65;HEX;
112;R;14:37:57:328;01 10 04 A6 00 08 10 19 0E 0B 00 00 00 00 00 00 00 00 00 00 00 00 00 03 C3;HEX;
113;R;14:37:57:609;01 10 04 A0 00 02 04 00 01 00 00 9A D7;HEX;
114;R;14:37:57:890;01 10 04 A3 00 02 04 33 02 02 06 A4 E4;HEX;
115;R;14:37:58:187;01 10 04 30 00 04 08 04 06 2B 2E 03 5B 30 3E 95 17;HEX;
116;R;14:37:58:468;01 10 04 F0 00 09 12 03 10 38 00 13 00 85 00 13 00 86 00 13 00 18 00 13 00 C1 C5;HEX;
117;R;14:37:58:765;01 10 04 B0 00 09 12 02 10 41 00 85 00 6E 01 85 00 6F 01 85 00 91 00 85 00 A2 BA;HEX;
118;R;14:37:59:046;01 10 04 A5 00 01 02 00 00 FB 65;HEX;
119;R;14:37:59:328;01 10 04 A6 00 08 10 19 0E 0B 00 00 00 00 00 00 00 00 00 00 00 00 00 03 C3;HEX;
120;R;14:37:59:625;01 10 04 A0 00 02 04 00 01 00 00 9A D7;HEX;
121;R;14:37:59:906;01 10 04 A3 00 02 04 33 02 02 06 A4 E4;HEX;
122;R;14:38:00:203;01 10 04 30 00 04 08 04 06 2B 2E 03 5B 30 3E 95 17;HEX;
123;R;14:38:00:484;01 10 04 F0 00 09 12 03 10 38 00 13 00 85 00 13 00 86 00 13 00 18 00 13 00 C1 C5;HEX;
124;R;14:38:00:781;01 10 04 B0 00 09 12 02 10 41 00 85 00 6E 01 85 00 6F 01 85 00 91 00 85 00 A2 BA;HEX;
125;R;14:38:01:078;01 10 04 A5 00 01 02 00 00 FB 65;HEX;
126;R;14:38:01:359;01 10 04 A6 00 08 10 19 0E 0B 00 00 00 00 00 00 00 00 00 00 00 00 00 03 C3;HEX;
127;R;14:38:01:656;01 10 04 A0 00 02 04 00 01 00 00 9A D7;HEX;
128;R;14:38:01:937;01 10 04 A3 00 02 04 33 02 02 06 A4 E4;HEX;
129;R;14:38:02:218;01 10 04 30 00 04 08 04 06 2B 2E 03 5B 30 3E 95 17;HEX;
130;R;14:38:02:500;01 10 04 F0 00 09 12 03 10 38 00 13 00 85 00 13 00 86 00 13 00 18 00 13 00 C1 C5;HEX;
131;R;14:38:02:812;01 10 04 B0 00 09 12 02 10 41 00 85 00 6E 01 85 00 6F 01 85 00 91 00 85 00 A2 BA;HEX;
132;R;14:38:03:093;01 10 04 A5 00 01 02 00 00 FB 65;HEX;
133;R;14:38:03:390;01 10 04 A6 00 08 10 19 0E 0B 00 00 00 00 00 00 00 00 00 00 00 00 00 03 C3;HEX;
134;R;14:38:03:671;01 10 04 A0 00 02 04 00 01 00 00 9A D7;HEX;
135;R;14:38:03:953;01 10 04 A3 00 02 04 33 02 02 06 A4 E4;HEX;
136;R;14:38:04:250;01 10 04 30 00 04 08 04 06 2B 2E 03 5B 30 3E 95 17;HEX;
137;R;14:38:04:531;01 10 04 F0 00 09 12 03 10 38 00 13 00 85 00 13 00 86 00 13 00 18 00 13 00 C1 C5;HEX;
138;R;14:38:04:828;01 10 04 B0 00 09 12 02 10 41 00 85 00 6E 01 85 00 6F 01 85 00 91 00 85 00 A2 BA;HEX;
139;R;14:38:05:109;01 10 04 A5 00 01 02 00 00 FB 65;HEX;
140;R;14:38:05:406;01 10 04 A6 00 08 10 19 0E 0B 00 00 00 00 00 00 00 00 00 00 00 00 00 03 C3;HEX;
141;R;14:38:05:687;01 10 04 A0 00 02 04 00 01 00 00 9A D7;HEX;
142;R;14:38:05:968;01 10 04 A3 00 02 04 33 02 02 06 A4 E4;HEX;
143;R;14:38:06:265;01 10 04 30 00 04 08 04 06 2B 2E 03 5B 30 3E 95 17;HEX;
144;R;14:38:06:546;01 10 04 F0 00 09 12 03 10 38 00 13 00 85 00 13 00 86 00 13 00 18 00 13 00 C1 C5;HEX;
145;R;14:38:06:843;01 10 04 B0 00 09 12 02 10 41 00 85 00 6E 01 85 00 6F 01 85 00 91 00 85 00 A2 BA;HEX;
146;R;14:38:07:140;01 10 04 A5 00 01 02 00 00 FB 65;HEX;
147;R;14:38:07:437;01 10 04 A6 00 08 10 19 0E 0B 00 00 00 00 00 00 00 00 00 00 00 00 00 03 C3;HEX;
148;R;14:38:07:718;01 10 04 A0 00 02 04 00 01 00 00 9A D7;HEX;
149;R;14:38:08:000;01 10 04 A3 00 02 04 33 02 02 06 A4 E4;HEX;
150;R;14:38:08:281;01 10 04 30 00 04 08 04 06 2B 2E 03 5B 30 3E 95 17;HEX;
151;R;14:38:08:562;01 10 04 F0 00 09 12 03 10 38 00 13 00 85 00 13 00 86 00 13 00 18 00 13 00 C1 C5;HEX;
152;R;14:38:08:875;01 10 04 B0 00 09 12 02 10 41 00 85 00 6E 01 85 00 6F 01 85 00 91 00 85 00 A2 BA;HEX;
153;R;14:38:09:156;01 10 04 A5 00 01 02 00 00 FB 65;HEX;
154;R;14:38:09:453;01 10 04 A6 00 08 10 19 0E 0B 00 00 00 00 00 00 00 00 00 00 00 00 00 03 C3;HEX;
155;R;14:38:09:734;01 10 04 A0 00 02 04 00 01 00 00 9A D7;HEX;
156;R;14:38:10:015;01 10 04 A3 00 02 04 33 02 02 06 A4 E4;HEX;
157;R;14:38:10:312;01 10 04 30 00 04 08 04 06 2B 2E 03 5B 30 3E 95 17;HEX;
158;R;14:38:10:593;01 10 04 F0 00 09 12 03 10 38 00 13 00 85 00 13 00 86 00 13 00 18 00 13 00 C1 C5;HEX;
159;R;14:38:10:890;01 10 04 B0 00 09 12 02 10 41 00 85 00 6E 01 85 00 6F 01 85 00 91 00 85 00 A2 BA;HEX;
160;R;14:38:11:171;01 10 04 A5 00 01 02 00 00 FB 65;HEX;
161;R;14:38:11:468;01 10 04 A6 00 08 10 19 0E 0B 00 00 00 00 00 00 00 00 00 00 00 00 00 03 C3;HEX;
162;R;14:38:11:750;01 10 04 A0 00 02 04 00 01 00 00 9A D7;HEX;
163;R;14:38:12:031;01 10 04 A3 00 02 04 33 02 02 06 A4 E4;HEX;
164;R;14:38:12:328;01 10 04 30 00 04 08 04 06 2B 2E 03 5B 30 3E 95 17;HEX;
165;R;14:38:12:609;01 10 04 F0 00 09 12 03 10 38 00 13 00 85 00 13 00 86 00 13 00 18 00 13 00 C1 C5;HEX;
166;R;14:38:12:906;01 10 04 B0 00 09 12 02 10 41 00 85 00 6E 01 85 00 6F 01 85 00 91 00 85 00 A2 BA;HEX;
167;R;14:38:13:203;01 10 04 A5 00 01 02 00 00 FB 65;HEX;
168;R;14:38:13:500;01 10 04 A6 00 08 10 19 0E 0B 00 00 00 00 00 00 00 00 00 00 00 00 00 03 C3;HEX;
169;R;14:38:13:781;01 10 04 A0 00 02 04 00 01 00 00 9A D7;HEX;
170;R;14:38:14:062;01 10 04 A3 00 02 04 33 02 02 06 A4 E4;HEX;
171;R;14:38:14:343;01 10 04 30 00 04 08 04 06 2B 2E 03 5B 30 3E 95 17;HEX;
172;R;14:38:14:625;01 10 04 F0 00 09 12 03 10 38 00 13 00 85 00 13 00 86 00 13 00 18 00 13 00 C1 C5;HEX;
173;R;14:38:14:937;01 10 04 B0 00 09 12 02 10 41 00 85 00 6E 01 85 00 6F 01 85 00 91 00 85 00 A2 BA;HEX;
174;R;14:38:15:218;01 10 04 A5 00 01 02 00 00 FB 65;HEX;
175;R;14:38:15:515;01 10 04 A6 00 08 10 19 0E 0B 00 00 00 00 00 00 00 00 00 00 00 00 00 03 C3;HEX;
176;R;14:38:15:796;01 10 04 A0 00 02 04 00 01 00 00 9A D7;HEX;
177;R;14:38:16:078;01 10 04 A3 00 02 04 33 02 02 06 A4 E4;HEX;
178;R;14:38:16:375;01 10 04 30 00 04 08 04 06 2B 2E 03 5B 30 3E 95 17;HEX;
179;R;14:38:16:656;01 10 04 F0 00 09 12 03 10 38 00 13 00 85 00 13 00 86 00 13 00 18 00 13 00 C1 C5;HEX;
180;R;14:38:16:953;01 10 04 B0 00 09 12 02 10 41 00 85 00 6E 01 85 00 6F 01 85 00 91 00 85 00 A2 BA;HEX;
181;R;14:38:17:234;01 10 04 A5 00 01 02 00 00 FB 65;HEX;
182;R;14:38:17:531;01 10 04 A6 00 08 10 19 0E 0B 00 00 00 00 00 00 00 00 00 00 00 00 00 03 C3;HEX;
183;R;14:38:17:828;01 10 04 A0 00 02 04 00 01 00 00 9A D7;HEX;
184;R;14:38:18:093;01 10 04 A3 00 02 04 33 02 02 06 A4 E4;HEX;
185;R;14:38:18:390;01 10 04 30 00 04 08 04 06 2B 2E 03 5B 30 3E 95 17;HEX;
186;R;14:38:18:671;01 10 04 F0 00 09 12 03 10 38 00 13 00 85 00 13 00 86 00 13 00 18 00 13 00 C1 C5;HEX;
187;R;14:38:18:968;01 10 04 B0 00 09 12 02 10 41 00 85 00 6E 01 85 00 6F 01 85 00 91 00 85 00 A2 BA;HEX;
188;R;14:38:19:265;01 10 04 A5 00 01 02 00 00 FB 65;HEX;
189;R;14:38:19:562;01 10 04 A6 00 08 10 19 0E 0B 00 00 00 00 00 00 00 00 00 00 00 00 00 03 C3;HEX;
190;R;14:38:19:843;01 10 04 A0 00 02 04 00 01 00 00 9A D7;HEX;
191;R;14:38:20:140;01 10 04 A3 00 02 04 33 02 02 06 A4 E4;HEX;
192;R;14:38:20:421;01 10 04 30 00 04 08 04 06 2B 2E 03 5B 30 3E 95 17;HEX;
193;R;14:38:20:687;01 10 04 F0 00 09 12 03 10 38 00 13 00 85 00 13 00 86 00 13 00 18 00 13 00 C1 C5;HEX;
194;R;14:38:21:000;01 10 04 B0 00 09 12 02 10 41 00 85 00 6E 01 85 00 6F 01 85 00 91 00 85 00 A2 BA;HEX;
195;R;14:38:21:281;01 10 04 A5 00 01 02 00 00 FB 65;HEX;
196;R;14:38:21:578;01 10 04 A6 00 08 10 19 0E 0B 00 00 00 00 00 00 00 00 00 00 00 00 00 03 C3;HEX;
197;R;14:38:21:859;01 10 04 A0 00 02 04 00 01 00 00 9A D7;HEX;
198;R;14:38:22:140;01 10 04 A3 00 02 04 33 02 02 06 A4 E4;HEX;
199;R;14:38:22:437;01 10 04 30 00 04 08 04 06 2B 2E 03 5B 30 3E 95 17;HEX;
200;R;14:38:22:718;01 10 04 F0 00 09 12 03 10 38 00 13 00 85 00 13 00 86 00 13 00 18 00 13 00 C1 C5;HEX;
201;R;14:38:23:015;01 10 04 B0 00 09 12 02 10 41 00 85 00 6E 01 85 00 6F 01 85 00 91 00 85 00 A2 BA;HEX;
202;R;14:38:23:296;01 10 04 A5 00 01 02 00 00 FB 65;HEX;
203;R;14:38:23:593;01 10 04 A6 00 08 10 19 0E 0B 00 00 00 00 00 00 00 00 00 00 00 00 00 03 C3;HEX;
