#;Тип операции;Время;Сообщение;Вид представления;
0;R;13:32:24:796;1F 16 01 24 00 01 00 13 37 01 10 02 80 00 02 10 02 80 00 03 10 02 80 00 04 10 02 80 00 05 10 02 80 00 06 10 02 80 00 07 10 02 80 00 08 10 02 80 00 09 10 02 80 00 0A 10 02 80 00 0B 10 02 80 00 14 04 00 00 00 00 19 06 00 00 00 00 00 00 DA A2 2F 55;HEX;
1;R;13:32:25:812;1F 16 01 24 00 01 00 13 37 01 10 02 80 00 02 10 02 80 00 03 10 02 80 00 04 10 02 80 00 05 10 02 80 00 06 10 02 80 00 07 10 02 80 00 08 10 02 80 00 09 10 02 80 00 0A 10 02 80 00 0B 10 02 80 00 14 04 00 00 00 00 19 06 00 00 00 00 00 00 DA A2 2F 55;HEX;
2;R;13:32:26:812;1F 16 01 24 00 01 00 13 37 01 10 02 80 00 02 10 02 80 00 03 10 02 80 00 04 10 02 80 00 05 10 02 80 00 06 10 02 80 00 07 10 02 80 00 08 10 02 80 00 09 10 02 80 00 0A 10 02 80 00 0B 10 02 80 00 14 04 00 00 00 00 19 06 00 00 00 00 00 00 DA A2 2F 55;HEX;
3;R;13:32:27:828;1F 16 01 24 00 01 00 13 37 01 10 02 80 00 02 10 02 80 00 03 10 02 80 00 04 10 02 80 00 05 10 02 80 00 06 10 02 80 00 07 10 02 80 00 08 10 02 80 00 09 10 02 80 00 0A 10 02 80 00 0B 10 02 80 00 14 04 00 00 00 00 19 06 00 00 00 00 00 00 DA A2 2F 55;HEX;
4;R;13:32:28:828;1F 16 01 24 00 01 00 13 37 01 10 02 80 00 02 10 02 80 00 03 10 02 80 00 04 10 02 80 00 05 10 02 80 00 06 10 02 80 00 07 10 02 80 00 08 10 02 80 00 09 10 02 80 00 0A 10 02 80 00 0B 10 02 80 00 14 04 00 00 00 00 19 06 00 00 00 00 00 00 DA A2 2F 55;HEX;
5;R;13:32:29:843;1F 16 01 24 00 01 00 13 37 01 10 02 80 00 02 10 02 80 00 03 10 02 80 00 04 10 02 80 00 05 10 02 80 00 06 10 02 80 00 07 10 02 80 00 08 10 02 80 00 09 10 02 80 00 0A 10 02 80 00 0B 10 02 80 00 14 04 00 00 00 00 19 06 00 00 00 00 00 00 DA A2 2F 55;HEX;
6;R;13:32:30:843;1F 16 01 24 00 01 00 13 37 01 10 02 80 00 02 10 02 80 00 03 10 02 80 00 04 10 02 80 00 05 10 02 80 00 06 10 02 80 00 07 10 02 80 00 08 10 02 80 00 09 10 02 80 00 0A 10 02 80 00 0B 10 02 80 00 14 04 00 00 00 00 19 06 00 00 00 00 00 00 DA A2 2F 55;HEX;
7;R;13:32:31:859;1F 16 01 24 00 01 00 13 37 01 10 02 80 00 02 10 02 80 00 03 10 02 80 00 04 10 02 80 00 05 10 02 80 00 06 10 02 80 00 07 10 02 80 00 08 10 02 80 00 09 10 02 80 00 0A 10 02 80 00 0B 10 02 80 00 14 04 00 00 00 00 19 06 00 00 00 00 00 00 DA A2 2F 55;HEX;
8;R;13:32:32:859;1F 16 01 24 00 01 00 13 37 01 10 02 80 00 02 10 02 80 00 03 10 02 80 00 04 10 02 80 00 05 10 02 80 00 06 10 02 80 00 07 10 02 80 00 08 10 02 80 00 09 10 02 80 00 0A 10 02 80 00 0B 10 02 80 00 14 04 00 00 00 00 19 06 00 00 00 00 00 00 DA A2 2F 55;HEX;
9;R;13:32:33:875;1F 16 01 24 00 01 00 13 37 01 10 02 80 00 02 10 02 80 00 03 10 02 80 00 04 10 02 80 00 05 10 02 80 00 06 10 02 80 00 07 10 02 80 00 08 10 02 80 00 09 10 02 80 00 0A 10 02 80 00 0B 10 02 80 00 14 04 00 00 00 00 19 06 00 00 00 00 00 00 DA A2 2F 55;HEX;
10;R;13:32:34:875;1F 16 01 24 00 01 00 13 37 01 10 02 80 00 02 10 02 80 00 03 10 02 80 00 04 10 02 80 00 05 10 02 80 00 06 10 02 80 00 07 10 02 80 00 08 10 02 80 00 09 10 02 80 00 0A 10 02 80 00 0B 10 02 80 00 14 04 00 00 00 00 19 06 00 00 00 00 00 00 DA A2 2F 55;HEX;
11;R;13:32:35:890;1F 16 01 24 00 01 00 13 37 01 10 02 80 00 02 10 02 80 00 03 10 02 80 00 04 10 02 80 00 05 10 02 80 00 06 10 02 80 00 07 10 02 80 00 08 10 02 80 00 09 10 02 80 00 0A 10 02 80 00 0B 10 02 80 00 14 04 00 00 00 00 19 06 00 00 00 00 00 00 DA A2 2F 55;HEX;
12;R;13:32:36:890;1F 16 01 24 00 01 00 13 37 01 10 02 80 00 02 10 02 80 00 03 10 02 80 00 04 10 02 80 00 05 10 02 80 00 06 10 02 80 00 07 10 02 80 00 08 10 02 80 00 09 10 02 80 00 0A 10 02 80 00 0B 10 02 80 00 14 04 00 00 00 00 19 06 00 00 00 00 00 00 DA A2 2F 55;HEX;
13;R;13:32:37:906;1F 16 01 24 00 01 00 13 37 01 10 02 80 00 02 10 02 80 00 03 10 02 80 00 04 10 02 80 00 05 10 02 80 00 06 10 02 80 00 07 10 02 80 00 08 10 02 80 00 09 10 02 80 00 0A 10 02 80 00 0B 10 02 80 00 14 04 00 00 00 00 19 06 00 00 00 00 00 00 DA A2 2F 55;HEX;
14;R;13:32:38:921;1F 16 01 24 00 01 00 13 37 01 10 02 80 00 02 10 02 80 00 03 10 02 80 00 04 10 02 80 00 05 10 02 80 00 06 10 02 80 00 07 10 02 80 00 08 10 02 80 00 09 10 02 80 00 0A 10 02 80 00 0B 10 02 80 00 14 04 00 00 00 00 19 06 00 00 00 00 00 00 DA A2 2F 55;HEX;
15;R;13:32:39:921;1F 16 01 24 00 01 00 13 37 01 10 02 80 00 02 10 02 80 00 03 10 02 80 00 04 10 02 80 00 05 10 02 80 00 06 10 02 80 00 07 10 02 80 00 08 10 02 80 00 09 10 02 80 00 0A 10 02 80 00 0B 10 02 80 00 14 04 00 00 00 00 19 06 00 00 00 00 00 00 DA A2 2F 55;HEX;
16;R;13:32:40:921;1F 16 01 24 00 01 00 13 37 01 10 02 80 00 02 10 02 80 00 03 10 02 80 00 04 10 02 80 00 05 10 02 80 00 06 10 02 80 00 07 10 02 80 00 08 10 02 80 00 09 10 02 80 00 0A 10 02 80 00 0B 10 02 80 00 14 04 00 00 00 00 19 06 00 00 00 00 00 00 DA A2 2F 55;HEX;
17;R;13:32:41:937;1F 16 01 24 00 01 00 13 37 01 10 02 80 00 02 10 02 80 00 03 10 02 80 00 04 10 02 80 00 05 10 02 80 00 06 10 02 80 00 07 10 02 80 00 08 10 02 80 00 09 10 02 80 00 0A 10 02 80 00 0B 10 02 80 00 14 04 00 00 00 00 19 06 00 00 00 00 00 00 DA A2 2F 55;HEX;
18;R;13:32:42:953;1F 16 01 24 00 01 00 13 37 01 10 02 80 00 02 10 02 80 00 03 10 02 80 00 04 10 02 80 00 05 10 02 80 00 06 10 02 80 00 07 10 02 80 00 08 10 02 80 00 09 10 02 80 00 0A 10 02 80 00 0B 10 02 80 00 14 04 00 00 00 00 19 06 00 00 00 00 00 00 DA A2 2F 55;HEX;
19;R;13:32:43:953;1F 16 01 24 00 01 00 13 37 01 10 02 80 00 02 10 02 80 00 03 10 02 80 00 04 10 02 80 00 05 10 02 80 00 06 10 02 80 00 07 10 02 80 00 08 10 02 80 00 09 10 02 80 00 0A 10 02 80 00 0B 10 02 80 00 14 04 00 00 00 00 19 06 00 00 00 00 00 00 DA A2 2F 55;HEX;
20;R;13:32:44:953;1F 16 01 24 00 01 00 13 37 01 10 02 80 00 02 10 02 80 00 03 10 02 80 00 04 10 02 80 00 05 10 02 80 00 06 10 02 80 00 07 10 02 80 00 08 10 02 80 00 09 10 02 80 00 0A 10 02 80 00 0B 10 02 80 00 14 04 00 00 00 00 19 06 00 00 00 00 00 00 DA A2 2F 55;HEX;
21;R;13:32:45:968;1F 16 01 24 00 01 00 13 37 01 10 02 80 00 02 10 02 80 00 03 10 02 80 00 04 10 02 80 00 05 10 02 80 00 06 10 02 80 00 07 10 02 80 00 08 10 02 80 00 09 10 02 80 00 0A 10 02 80 00 0B 10 02 80 00 14 04 00 00 00 00 19 06 00 00 00 00 00 00 DA A2 2F 55;HEX;
22;R;13:32:46:968;1F 16 01 24 00 01 00 13 37 01 10 02 80 00 02 10 02 80 00 03 10 02 80 00 04 10 02 80 00 05 10 02 80 00 06 10 02 80 00 07 10 02 80 00 08 10 02 80 00 09 10 02 80 00 0A 10 02 80 00 0B 10 02 80 00 14 04 00 00 00 00 19 06 00 00 00 00 00 00 DA A2 2F 55;HEX;
23;R;13:32:47:984;1F 16 01 24 00 01 00 13 37 01 10 02 80 00 02 10 02 80 00 03 10 02 80 00 04 10 02 80 00 05 10 02 80 00 06 10 02 80 00 07 10 02 80 00 08 10 02 80 00 09 10 02 80 00 0A 10 02 80 00 0B 10 02 80 00 14 04 00 00 00 00 19 06 00 00 00 00 00 00 DA A2 2F 55;HEX;
24;R;13:32:49:000;1F 16 01 24 00 01 00 13 37 01 10 02 80 00 02 10 02 80 00 03 10 02 80 00 04 10 02 80 00 05 10 02 80 00 06 10 02 80 00 07 10 02 80 00 08 10 02 80 00 09 10 02 80 00 0A 10 02 80 00 0B 10 02 80 00 14 04 00 00 00 00 19 06 00 00 00 00 00 00 DA A2 2F 55;HEX;
25;R;13:32:50:000;1F 16 01 24 00 01 00 13 37 01 10 02 80 00 02 10 02 80 00 03 10 02 80 00 04 10 02 80 00 05 10 02 80 00 06 10 02 80 00 07 10 02 80 00 08 10 02 80 00 09 10 02 80 00 0A 10 02 80 00 0B 10 02 80 00 14 04 00 00 00 00 19 06 00 00 00 00 00 00 DA A2 2F 55;HEX;
26;R;13:32:51:000;1F 16 01 24 00 01 00 13 37 01 10 02 80 00 02 10 02 80 00 03 10 02 80 00 04 10 02 80 00 05 10 02 80 00 06 10 02 80 00 07 10 02 80 00 08 10 02 80 00 09 10 02 80 00 0A 10 02 80 00 0B 10 02 80 00 14 04 00 00 00 00 19 06 00 00 00 00 00 00 DA A2 2F 55;HEX;
27;R;13:32:52:015;1F 16 01 24 00 01 00 13 37 01 10 02 80 00 02 10 02 80 00 03 10 02 80 00 04 10 02 80 00 05 10 02 80 00 06 10 02 80 00 07 10 02 80 00 08 10 02 80 00 09 10 02 80 00 0A 10 02 80 00 0B 10 02 80 00 14 04 00 00 00 00 19 06 00 00 00 00 00 00 DA A2 2F 55;HEX;
28;R;13:32:53:031;1F 16 01 24 00 01 00 13 37 01 10 02 80 00 02 10 02 80 00 03 10 02 80 00 04 10 02 80 00 05 10 02 80 00 06 10 02 80 00 07 10 02 80 00 08 10 02 80 00 09 10 02 80 00 0A 10 02 80 00 0B 10 02 80 00 14 04 00 00 00 00 19 06 00 00 00 00 00 00 DA A2 2F 55;HEX;
29;R;13:32:54:031;1F 16 01 24 00 01 00 13 37 01 10 02 80 00 02 10 02 80 00 03 10 02 80 00 04 10 02 80 00 05 10 02 80 00 06 10 02 80 00 07 10 02 80 00 08 10 02 80 00 09 10 02 80 00 0A 10 02 80 00 0B 10 02 80 00 14 04 00 00 00 00 19 06 00 00 00 00 00 00 DA A2 2F 55;HEX;
30;R;13:32:55:046;1F 16 01 24 00 01 00 13 37 01 10 02 80 00 02 10 02 80 00 03 10 02 80 00 04 10 02 80 00 05 10 02 80 00 06 10 02 80 00 07 10 02 80 00 08 10 02 80 00 09 10 02 80 00 0A 10 02 80 00 0B 10 02 80 00 14 04 00 00 00 00 19 06 00 00 00 00 00 00 DA A2 2F 55;HEX;
31;R;13:32:56:046;1F 16 01 24 00 01 00 13 37 01 10 02 80 00 02 10 02 80 00 03 10 02 80 00 04 10 02 80 00 05 10 02 80 00 06 10 02 80 00 07 10 02 80 00 08 10 02 80 00 09 10 02 80 00 0A 10 02 80 00 0B 10 02 80 00 14 04 00 00 00 00 19 06 00 00 00 00 00 00 DA A2 2F 55;HEX;
32;R;13:32:57:062;1F 16 01 24 00 01 00 13 37 01 10 02 80 00 02 10 02 80 00 03 10 02 80 00 04 10 02 80 00 05 10 02 80 00 06 10 02 80 00 07 10 02 80 00 08 10 02 80 00 09 10 02 80 00 0A 10 02 80 00 0B 10 02 80 00 14 04 00 00 00 00 19 06 00 00 00 00 00 00 DA A2 2F 55;HEX;
33;R;13:32:58:062;1F 16 01 24 00 01 00 13 37 01 10 02 80 00 02 10 02 80 00 03 10 02 80 00 04 10 02 80 00 05 10 02 80 00 06 10 02 80 00 07 10 02 80 00 08 10 02 80 00 09 10 02 80 00 0A 10 02 80 00 0B 10 02 80 00 14 04 00 00 00 00 19 06 00 00 00 00 00 00 DA A2 2F 55;HEX;
34;R;13:32:59:078;1F 16 01 24 00 01 00 13 37 01 10 02 80 00 02 10 02 80 00 03 10 02 80 00 04 10 02 80 00 05 10 02 80 00 06 10 02 80 00 07 10 02 80 00 08 10 02 80 00 09 10 02 80 00 0A 10 02 80 00 0B 10 02 80 00 14 04 00 00 00 00 19 06 00 00 00 00 00 00 DA A2 2F 55;HEX;
35;R;13:33:00:078;1F 16 01 24 00 01 00 13 37 01 10 02 80 00 02 10 02 80 00 03 10 02 80 00 04 10 02 80 00 05 10 02 80 00 06 10 02 80 00 07 10 02 80 00 08 10 02 80 00 09 10 02 80 00 0A 10 02 80 00 0B 10 02 80 00 14 04 00 00 00 00 19 06 00 00 00 00 00 00 DA A2 2F 55;HEX;
36;R;13:33:01:093;1F 16 01 24 00 01 00 13 37 01 10 02 80 00 02 10 02 80 00 03 10 02 80 00 04 10 02 80 00 05 10 02 80 00 06 10 02 80 00 07 10 02 80 00 08 10 02 80 00 09 10 02 80 00 0A 10 02 80 00 0B 10 02 80 00 14 04 00 00 00 00 19 06 00 00 00 00 00 00 DA A2 2F 55;HEX;
37;R;13:33:02:093;1F 16 01 24 00 01 00 13 37 01 10 02 80 00 02 10 02 80 00 03 10 02 80 00 04 10 02 80 00 05 10 02 80 00 06 10 02 80 00 07 10 02 80 00 08 10 02 80 00 09 10 02 80 00 0A 10 02 80 00 0B 10 02 80 00 14 04 00 00 00 00 19 06 00 00 00 00 00 00 DA A2 2F 55;HEX;
38;R;13:33:03:109;1F 16 01 24 00 01 00 13 37 01 10 02 80 00 02 10 02 80 00 03 10 02 80 00 04 10 02 80 00 05 10 02 80 00 06 10 02 80 00 07 10 02 80 00 08 10 02 80 00 09 10 02 80 00 0A 10 02 80 00 0B 10 02 80 00 14 04 00 00 00 00 19 06 00 00 00 00 00 00 DA A2 2F 55;HEX;
39;R;13:33:04:109;1F 16 01 24 00 01 00 13 37 01 10 02 80 00 02 10 02 80 00 03 10 02 80 00 04 10 02 80 00 05 10 02 80 00 06 10 02 80 00 07 10 02 80 00 08 10 02 80 00 09 10 02 80 00 0A 10 02 80 00 0B 10 02 80 00 14 04 00 00 00 00 19 06 00 00 00 00 00 00 DA A2 2F 55;HEX;
40;R;13:33:05:125;1F 16 01 24 00 01 00 13 37 01 10 02 80 00 02 10 02 80 00 03 10 02 80 00 04 10 02 80 00 05 10 02 80 00 06 10 02 80 00 07 10 02 80 00 08 10 02 80 00 09 10 02 80 00 0A 10 02 80 00 0B 10 02 80 00 14 04 00 00 00 00 19 06 00 00 00 00 00 00 DA A2 2F 55;HEX;
41;R;13:33:06:125;1F 16 01 24 00 01 00 13 37 01 10 02 80 00 02 10 02 80 00 03 10 02 80 00 04 10 02 80 00 05 10 02 80 00 06 10 02 80 00 07 10 02 80 00 08 10 02 80 00 09 10 02 80 00 0A 10 02 80 00 0B 10 02 80 00 14 04 00 00 00 00 19 06 00 00 00 00 00 00 DA A2 2F 55;HEX;
42;R;13:33:07:140;1F 16 01 24 00 01 00 13 37 01 10 02 80 00 02 10 02 80 00 03 10 02 80 00 04 10 02 80 00 05 10 02 80 00 06 10 02 80 00 07 10 02 80 00 08 10 02 80 00 09 10 02 80 00 0A 10 02 80 00 0B 10 02 80 00 14 04 00 00 00 00 19 06 00 00 00 00 00 00 DA A2 2F 55;HEX;
43;R;13:33:08:140;1F 16 01 24 00 01 00 13 37 01 10 02 80 00 02 10 02 80 00 03 10 02 80 00 04 10 02 80 00 05 10 02 80 00 06 10 02 80 00 07 10 02 80 00 08 10 02 80 00 09 10 02 80 00 0A 10 02 80 00 0B 10 02 80 00 14 04 00 00 00 00 19 06 00 00 00 00 00 00 DA A2 2F 55;HEX;
44;R;13:33:09:156;1F 16 01 24 00 01 00 13 37 01 10 02 80 00 02 10 02 80 00 03 10 02 80 00 04 10 02 80 00 05 10 02 80 00 06 10 02 80 00 07 10 02 80 00 08 10 02 80 00 09 10 02 80 00 0A 10 02 80 00 0B 10 02 80 00 14 04 00 00 00 00 19 06 00 00 00 00 00 00 DA A2 2F 55;HEX;
45;R;13:33:10:156;1F 16 01 24 00 01 00 13 37 01 10 02 80 00 02 10 02 80 00 03 10 02 80 00 04 10 02 80 00 05 10 02 80 00 06 10 02 80 00 07 10 02 80 00 08 10 02 80 00 09 10 02 80 00 0A 10 02 80 00 0B 10 02 80 00 14 04 00 00 00 00 19 06 00 00 00 00 00 00 DA A2 2F 55;HEX;
46;R;13:33:11:171;1F 16 01 24 00 01 00 13 37 01 10 02 80 00 02 10 02 80 00 03 10 02 80 00 04 10 02 80 00 05 10 02 80 00 06 10 02 80 00 07 10 02 80 00 08 10 02 80 00 09 10 02 80 00 0A 10 02 80 00 0B 10 02 80 00 14 04 00 00 00 00 19 06 00 00 00 00 00 00 DA A2 2F 55;HEX;
47;R;13:33:12:171;1F 16 01 24 00 01 00 13 37 01 10 02 80 00 02 10 02 80 00 03 10 02 80 00 04 10 02 80 00 05 10 02 80 00 06 10 02 80 00 07 10 02 80 00 08 10 02 80 00 09 10 02 80 00 0A 10 02 80 00 0B 10 02 80 00 14 04 00 00 00 00 19 06 00 00 00 00 00 00 DA A2 2F 55;HEX;
48;R;13:33:13:187;1F 16 01 24 00 01 00 13 37 01 10 02 80 00 02 10 02 80 00 03 10 02 80 00 04 10 02 80 00 05 10 02 80 00 06 10 02 80 00 07 10 02 80 00 08 10 02 80 00 09 10 02 80 00 0A 10 02 80 00 0B 10 02 80 00 14 04 00 00 00 00 19 06 00 00 00 00 00 00 DA A2 2F 55;HEX;
49;R;13:33:14:187;1F 16 01 24 00 01 00 13 37 01 10 02 80 00 02 10 02 80 00 03 10 02 80 00 04 10 02 80 00 05 10 02 80 00 06 10 02 80 00 07 10 02 80 00 08 10 02 80 00 09 10 02 80 00 0A 10 02 80 00 0B 10 02 80 00 14 04 00 00 00 00 19 06 00 00 00 00 00 00 DA A2 2F 55;HEX;
50;R;13:33:15:203;1F 16 01 24 00 01 00 13 37 01 10 02 80 00 02 10 02 80 00 03 10 02 80 00 04 10 02 80 00 05 10 02 80 00 06 10 02 80 00 07 10 02 80 00 08 10 02 80 00 09 10 02 80 00 0A 10 02 80 00 0B 10 02 80 00 14 04 00 00 00 00 19 06 00 00 00 00 00 00 DA A2 2F 55;HEX;
51;R;13:33:16:203;1F 16 01 24 00 01 00 13 37 01 10 02 80 00 02 10 02 80 00 03 10 02 80 00 04 10 02 80 00 05 10 02 80 00 06 10 02 80 00 07 10 02 80 00 08 10 02 80 00 09 10 02 80 00 0A 10 02 80 00 0B 10 02 80 00 14 04 00 00 00 00 19 06 00 00 00 00 00 00 DA A2 2F 55;HEX;
52;R;13:33:17:218;1F 16 01 24 00 01 00 13 37 01 10 02 80 00 02 10 02 80 00 03 10 02 80 00 04 10 02 80 00 05 10 02 80 00 06 10 02 80 00 07 10 02 80 00 08 10 02 80 00 09 10 02 80 00 0A 10 02 80 00 0B 10 02 80 00 14 04 00 00 00 00 19 06 00 00 00 00 00 00 DA A2 2F 55;HEX;
53;R;13:33:18:218;1F 16 01 24 00 01 00 13 37 01 10 02 80 00 02 10 02 80 00 03 10 02 80 00 04 10 02 80 00 05 10 02 80 00 06 10 02 80 00 07 10 02 80 00 08 10 02 80 00 09 10 02 80 00 0A 10 02 80 00 0B 10 02 80 00 14 04 00 00 00 00 19 06 00 00 00 00 00 00 DA A2 2F 55;HEX;
54;R;13:33:19:234;1F 16 01 24 00 01 00 13 37 01 10 02 80 00 02 10 02 80 00 03 10 02 80 00 04 10 02 80 00 05 10 02 80 00 06 10 02 80 00 07 10 02 80 00 08 10 02 80 00 09 10 02 80 00 0A 10 02 80 00 0B 10 02 80 00 14 04 00 00 00 00 19 06 00 00 00 00 00 00 DA A2 2F 55;HEX;
55;R;13:33:20:234;1F 16 01 24 00 01 00 13 37 01 10 02 80 00 02 10 02 80 00 03 10 02 80 00 04 10 02 80 00 05 10 02 80 00 06 10 02 80 00 07 10 02 80 00 08 10 02 80 00 09 10 02 80 00 0A 10 02 80 00 0B 10 02 80 00 14 04 00 00 00 00 19 06 00 00 00 00 00 00 DA A2 2F 55;HEX;
56;R;13:33:21:250;1F 16 01 24 00 01 00 13 37 01 10 02 80 00 02 10 02 80 00 03 10 02 80 00 04 10 02 80 00 05 10 02 80 00 06 10 02 80 00 07 10 02 80 00 08 10 02 80 00 09 10 02 80 00 0A 10 02 80 00 0B 10 02 80 00 14 04 00 00 00 00 19 06 00 00 00 00 00 00 DA A2 2F 55;HEX;
57;R;13:33:22:250;1F 16 01 24 00 01 00 13 37 01 10 02 80 00 02 10 02 80 00 03 10 02 80 00 04 10 02 80 00 05 10 02 80 00 06 10 02 80 00 07 10 02 80 00 08 10 02 80 00 09 10 02 80 00 0A 10 02 80 00 0B 10 02 80 00 14 04 00 00 00 00 19 06 00 00 00 00 00 00 DA A2 2F 55;HEX;
58;R;13:33:23:265;1F 16 01 24 00 01 00 13 37 01 10 02 80 00 02 10 02 80 00 03 10 02 80 00 04 10 02 80 00 05 10 02 80 00 06 10 02 80 00 07 10 02 80 00 08 10 02 80 00 09 10 02 80 00 0A 10 02 80 00 0B 10 02 80 00 14 04 00 00 00 00 19 06 00 00 00 00 00 00 DA A2 2F 55;HEX;
59;R;13:33:24:265;1F 16 01 24 00 01 00 13 37 01 10 02 80 00 02 10 02 80 00 03 10 02 80 00 04 10 02 80 00 05 10 02 80 00 06 10 02 80 00 07 10 02 80 00 08 10 02 80 00 09 10 02 80 00 0A 10 02 80 00 0B 10 02 80 00 14 04 00 00 00 00 19 06 00 00 00 00 00 00 DA A2 2F 55;HEX;
60;R;13:33:25:281;1F 16 01 24 00 01 00 13 37 01 10 02 80 00 02 10 02 80 00 03 10 02 80 00 04 10 02 80 00 05 10 02 80 00 06 10 02 80 00 07 10 02 80 00 08 10 02 80 00 09 10 02 80 00 0A 10 02 80 00 0B 10 02 80 00 14 04 00 00 00 00 19 06 00 00 00 00 00 00 DA A2 2F 55;HEX;
61;R;13:33:26:281;1F 16 01 24 00 01 00 13 37 01 10 02 80 00 02 10 02 80 00 03 10 02 80 00 04 10 02 80 00 05 10 02 80 00 06 10 02 80 00 07 10 02 80 00 08 10 02 80 00 09 10 02 80 00 0A 10 02 80 00 0B 10 02 80 00 14 04 00 00 00 00 19 06 00 00 00 00 00 00 DA A2 2F 55;HEX;
62;R;13:33:27:296;1F 16 01 24 00 01 00 13 37 01 10 02 80 00 02 10 02 80 00 03 10 02 80 00 04 10 02 80 00 05 10 02 80 00 06 10 02 80 00 07 10 02 80 00 08 10 02 80 00 09 10 02 80 00 0A 10 02 80 00 0B 10 02 80 00 14 04 00 00 00 00 19 06 00 00 00 00 00 00 DA A2 2F 55;HEX;
63;R;13:33:28:296;1F 16 01 24 00 01 00 13 37 01 10 02 80 00 02 10 02 80 00 03 10 02 80 00 04 10 02 80 00 05 10 02 80 00 06 10 02 80 00 07 10 02 80 00 08 10 02 80 00 09 10 02 80 00 0A 10 02 80 00 0B 10 02 80 00 14 04 00 00 00 00 19 06 00 00 00 00 00 00 DA A2 2F 55;HEX;
64;R;13:33:29:312;1F 16 01 24 00 01 00 13 37 01 10 02 80 00 02 10 02 80 00 03 10 02 80 00 04 10 02 80 00 05 10 02 80 00 06 10 02 80 00 07 10 02 80 00 08 10 02 80 00 09 10 02 80 00 0A 10 02 80 00 0B 10 02 80 00 14 04 00 00 00 00 19 06 00 00 00 00 00 00 DA A2 2F 55;HEX;
65;R;13:33:30:312;1F 16 01 24 00 01 00 13 37 01 10 02 80 00 02 10 02 80 00 03 10 02 80 00 04 10 02 80 00 05 10 02 80 00 06 10 02 80 00 07 10 02 80 00 08 10 02 80 00 09 10 02 80 00 0A 10 02 80 00 0B 10 02 80 00 14 04 00 00 00 00 19 06 00 00 00 00 00 00 DA A2 2F 55;HEX;
66;R;13:33:31:328;1F 16 01 24 00 01 00 13 37 01 10 02 80 00 02 10 02 80 00 03 10 02 80 00 04 10 02 80 00 05 10 02 80 00 06 10 02 80 00 07 10 02 80 00 08 10 02 80 00 09 10 02 80 00 0A 10 02 80 00 0B 10 02 80 00 14 04 00 00 00 00 19 06 00 00 00 00 00 00 DA A2 2F 55;HEX;
67;R;13:33:32:328;1F 16 01 24 00 01 00 13 37 01 10 02 80 00 02 10 02 80 00 03 10 02 80 00 04 10 02 80 00 05 10 02 80 00 06 10 02 80 00 07 10 02 80 00 08 10 02 80 00 09 10 02 80 00 0A 10 02 80 00 0B 10 02 80 00 14 04 00 00 00 00 19 06 00 00 00 00 00 00 DA A2 2F 55;HEX;
68;R;13:33:33:343;1F 16 01 24 00 01 00 13 37 01 10 02 80 00 02 10 02 80 00 03 10 02 80 00 04 10 02 80 00 05 10 02 80 00 06 10 02 80 00 07 10 02 80 00 08 10 02 80 00 09 10 02 80 00 0A 10 02 80 00 0B 10 02 80 00 14 04 00 00 00 00 19 06 00 00 00 00 00 00 DA A2 2F 55;HEX;
69;R;13:33:34:343;1F 16 01 24 00 01 00 13 37 01 10 02 80 00 02 10 02 80 00 03 10 02 80 00 04 10 02 80 00 05 10 02 80 00 06 10 02 80 00 07 10 02 80 00 08 10 02 80 00 09 10 02 80 00 0A 10 02 80 00 0B 10 02 80 00 14 04 00 00 00 00 19 06 00 00 00 00 00 00 DA A2 2F 55;HEX;
70;R;13:33:35:359;1F 16 01 24 00 01 00 13 37 01 10 02 80 00 02 10 02 80 00 03 10 02 80 00 04 10 02 80 00 05 10 02 80 00 06 10 02 80 00 07 10 02 80 00 08 10 02 80 00 09 10 02 80 00 0A 10 02 80 00 0B 10 02 80 00 14 04 00 00 00 00 19 06 00 00 00 00 00 00 DA A2 2F 55;HEX;
71;R;13:33:36:359;1F 16 01 24 00 01 00 13 37 01 10 02 80 00 02 10 02 80 00 03 10 02 80 00 04 10 02 80 00 05 10 02 80 00 06 10 02 80 00 07 10 02 80 00 08 10 02 80 00 09 10 02 80 00 0A 10 02 80 00 0B 10 02 80 00 14 04 00 00 00 00 19 06 00 00 00 00 00 00 DA A2 2F 55;HEX;
72;R;13:33:37:375;1F 16 01 24 00 01 00 13 37 01 10 02 80 00 02 10 02 80 00 03 10 02 80 00 04 10 02 80 00 05 10 02 80 00 06 10 02 80 00 07 10 02 80 00 08 10 02 80 00 09 10 02 80 00 0A 10 02 80 00 0B 10 02 80 00 14 04 00 00 00 00 19 06 00 00 00 00 00 00 DA A2 2F 55;HEX;
73;R;13:33:38:375;1F 16 01 24 00 01 00 13 37 01 10 02 80 00 02 10 02 80 00 03 10 02 80 00 04 10 02 80 00 05 10 02 80 00 06 10 02 80 00 07 10 02 80 00 08 10 02 80 00 09 10 02 80 00 0A 10 02 80 00 0B 10 02 80 00 14 04 00 00 00 00 19 06 00 00 00 00 00 00 DA A2 2F 55;HEX;
74;R;13:33:39:390;1F 16 01 24 00 01 00 13 37 01 10 02 80 00 02 10 02 80 00 03 10 02 80 00 04 10 02 80 00 05 10 02 80 00 06 10 02 80 00 07 10 02 80 00 08 10 02 80 00 09 10 02 80 00 0A 10 02 80 00 0B 10 02 80 00 14 04 00 00 00 00 19 06 00 00 00 00 00 00 DA A2 2F 55;HEX;
75;R;13:33:40:390;1F 16 01 24 00 01 00 13 37 01 10 02 80 00 02 10 02 80 00 03 10 02 80 00 04 10 02 80 00 05 10 02 80 00 06 10 02 80 00 07 10 02 80 00 08 10 02 80 00 09 10 02 80 00 0A 10 02 80 00 0B 10 02 80 00 14 04 00 00 00 00 19 06 00 00 00 00 00 00 DA A2 2F 55;HEX;
76;R;13:33:41:406;1F 16 01 24 00 01 00 13 37 01 10 02 80 00 02 10 02 80 00 03 10 02 80 00 04 10 02 80 00 05 10 02 80 00 06 10 02 80 00 07 10 02 80 00 08 10 02 80 00 09 10 02 80 00 0A 10 02 80 00 0B 10 02 80 00 14 04 00 00 00 00 19 06 00 00 00 00 00 00 DA A2 2F 55;HEX;
77;R;13:33:42:406;1F 16 01 24 00 01 00 13 37 01 10 02 80 00 02 10 02 80 00 03 10 02 80 00 04 10 02 80 00 05 10 02 80 00 06 10 02 80 00 07 10 02 80 00 08 10 02 80 00 09 10 02 80 00 0A 10 02 80 00 0B 10 02 80 00 14 04 00 00 00 00 19 06 00 00 00 00 00 00 DA A2 2F 55;HEX;
78;R;13:33:43:421;1F 16 01 24 00 01 00 13 37 01 10 02 80 00 02 10 02 80 00 03 10 02 80 00 04 10 02 80 00 05 10 02 80 00 06 10 02 80 00 07 10 02 80 00 08 10 02 80 00 09 10 02 80 00 0A 10 02 80 00 0B 10 02 80 00 14 04 00 00 00 00 19 06 00 00 00 00 00 00 DA A2 2F 55;HEX;
79;R;13:33:44:421;1F 16 01 24 00 01 00 13 37 01 10 02 80 00 02 10 02 80 00 03 10 02 80 00 04 10 02 80 00 05 10 02 80 00 06 10 02 80 00 07 10 02 80 00 08 10 02 80 00 09 10 02 80 00 0A 10 02 80 00 0B 10 02 80 00 14 04 00 00 00 00 19 06 00 00 00 00 00 00 DA A2 2F 55;HEX;
80;R;13:33:45:437;1F 16 01 24 00 01 00 13 37 01 10 02 80 00 02 10 02 80 00 03 10 02 80 00 04 10 02 80 00 05 10 02 80 00 06 10 02 80 00 07 10 02 80 00 08 10 02 80 00 09 10 02 80 00 0A 10 02 80 00 0B 10 02 80 00 14 04 00 00 00 00 19 06 00 00 00 00 00 00 DA A2 2F 55;HEX;
81;R;13:33:46:437;1F 16 01 24 00 01 00 13 37 01 10 02 80 00 02 10 02 80 00 03 10 02 80 00 04 10 02 80 00 05 10 02 80 00 06 10 02 80 00 07 10 02 80 00 08 10 02 80 00 09 10 02 80 00 0A 10 02 80 00 0B 10 02 80 00 14 04 00 00 00 00 19 06 00 00 00 00 00 00 DA A2 2F 55;HEX;
82;R;13:33:47:453;1F 16 01 24 00 01 00 13 37 01 10 02 80 00 02 10 02 80 00 03 10 02 80 00 04 10 02 80 00 05 10 02 80 00 06 10 02 80 00 07 10 02 80 00 08 10 02 80 00 09 10 02 80 00 0A 10 02 80 00 0B 10 02 80 00 14 04 00 00 00 00 19 06 00 00 00 00 00 00 DA A2 2F 55;HEX;
83;R;13:33:48:453;1F 16 01 24 00 01 00 13 37 01 10 02 80 00 02 10 02 80 00 03 10 02 80 00 04 10 02 80 00 05 10 02 80 00 06 10 02 80 00 07 10 02 80 00 08 10 02 80 00 09 10 02 80 00 0A 10 02 80 00 0B 10 02 80 00 14 04 00 00 00 00 19 06 00 00 00 00 00 00 DA A2 2F 55;HEX;
84;R;13:33:49:468;1F 16 01 24 00 01 00 13 37 01 10 02 80 00 02 10 02 80 00 03 10 02 80 00 04 10 02 80 00 05 10 02 80 00 06 10 02 80 00 07 10 02 80 00 08 10 02 80 00 09 10 02 80 00 0A 10 02 80 00 0B 10 02 80 00 14 04 00 00 00 00 19 06 00 00 00 00 00 00 DA A2 2F 55;HEX;
85;R;13:33:50:468;1F 16 01 24 00 01 00 13 37 01 10 02 80 00 02 10 02 80 00 03 10 02 80 00 04 10 02 80 00 05 10 02 80 00 06 10 02 80 00 07 10 02 80 00 08 10 02 80 00 09 10 02 80 00 0A 10 02 80 00 0B 10 02 80 00 14 04 00 00 00 00 19 06 00 00 00 00 00 00 DA A2 2F 55;HEX;
86;R;13:33:51:484;1F 16 01 24 00 01 00 13 37 01 10 02 80 00 02 10 02 80 00 03 10 02 80 00 04 10 02 80 00 05 10 02 80 00 06 10 02 80 00 07 10 02 80 00 08 10 02 80 00 09 10 02 80 00 0A 10 02 80 00 0B 10 02 80 00 14 04 00 00 00 00 19 06 00 00 00 00 00 00 DA A2 2F 55;HEX;
87;R;13:33:52:484;1F 16 01 24 00 01 00 13 37 01 10 02 80 00 02 10 02 80 00 03 10 02 80 00 04 10 02 80 00 05 10 02 80 00 06 10 02 80 00 07 10 02 80 00 08 10 02 80 00 09 10 02 80 00 0A 10 02 80 00 0B 10 02 80 00 14 04 00 00 00 00 19 06 00 00 00 00 00 00 DA A2 2F 55;HEX;
88;R;13:33:53:500;1F 16 01 24 00 01 00 13 37 01 10 02 80 00 02 10 02 80 00 03 10 02 80 00 04 10 02 80 00 05 10 02 80 00 06 10 02 80 00 07 10 02 80 00 08 10 02 80 00 09 10 02 80 00 0A 10 02 80 00 0B 10 02 80 00 14 04 00 00 00 00 19 06 00 00 00 00 00 00 DA A2 2F 55;HEX;
89;R;13:33:54:500;1F 16 01 24 00 01 00 13 37 01 10 02 80 00 02 10 02 80 00 03 10 02 80 00 04 10 02 80 00 05 10 02 80 00 06 10 02 80 00 07 10 02 80 00 08 10 02 80 00 09 10 02 80 00 0A 10 02 80 00 0B 10 02 80 00 14 04 00 00 00 00 19 06 00 00 00 00 00 00 DA A2 2F 55;HEX;
90;R;13:33:55:515;1F 16 01 24 00 01 00 13 37 01 10 02 80 00 02 10 02 80 00 03 10 02 80 00 04 10 02 80 00 05 10 02 80 00 06 10 02 80 00 07 10 02 80 00 08 10 02 80 00 09 10 02 80 00 0A 10 02 80 00 0B 10 02 80 00 14 04 00 00 00 00 19 06 00 00 00 00 00 00 DA A2 2F 55;HEX;
91;R;13:33:56:515;1F 16 01 24 00 01 00 13 37 01 10 02 80 00 02 10 02 80 00 03 10 02 80 00 04 10 02 80 00 05 10 02 80 00 06 10 02 80 00 07 10 02 80 00 08 10 02 80 00 09 10 02 80 00 0A 10 02 80 00 0B 10 02 80 00 14 04 00 00 00 00 19 06 00 00 00 00 00 00 DA A2 2F 55;HEX;
92;R;13:33:57:531;1F 16 01 24 00 01 00 13 37 01 10 02 80 00 02 10 02 80 00 03 10 02 80 00 04 10 02 80 00 05 10 02 80 00 06 10 02 80 00 07 10 02 80 00 08 10 02 80 00 09 10 02 80 00 0A 10 02 80 00 0B 10 02 80 00 14 04 00 00 00 00 19 06 00 00 00 00 00 00 DA A2 2F 55;HEX;
93;R;13:33:58:531;1F 16 01 24 00 01 00 13 37 01 10 02 80 00 02 10 02 80 00 03 10 02 80 00 04 10 02 80 00 05 10 02 80 00 06 10 02 80 00 07 10 02 80 00 08 10 02 80 00 09 10 02 80 00 0A 10 02 80 00 0B 10 02 80 00 14 04 00 00 00 00 19 06 00 00 00 00 00 00 DA A2 2F 55;HEX;
94;R;13:33:59:546;1F 16 01 24 00 01 00 13 37 01 10 02 80 00 02 10 02 80 00 03 10 02 80 00 04 10 02 80 00 05 10 02 80 00 06 10 02 80 00 07 10 02 80 00 08 10 02 80 00 09 10 02 80 00 0A 10 02 80 00 0B 10 02 80 00 14 04 00 00 00 00 19 06 00 00 00 00 00 00 DA A2 2F 55;HEX;
95;R;13:34:00:546;1F 16 01 24 00 01 00 13 37 01 10 02 80 00 02 10 02 80 00 03 10 02 80 00 04 10 02 80 00 05 10 02 80 00 06 10 02 80 00 07 10 02 80 00 08 10 02 80 00 09 10 02 80 00 0A 10 02 80 00 0B 10 02 80 00 14 04 00 00 00 00 19 06 00 00 00 00 00 00 DA A2 2F 55;HEX;
96;R;13:34:01:562;1F 16 01 24 00 01 00 13 37 01 10 02 80 00 02 10 02 80 00 03 10 02 80 00 04 10 02 80 00 05 10 02 80 00 06 10 02 80 00 07 10 02 80 00 08 10 02 80 00 09 10 02 80 00 0A 10 02 80 00 0B 10 02 80 00 14 04 00 00 00 00 19 06 00 00 00 00 00 00 DA A2 2F 55;HEX;
97;R;13:34:02:562;1F 16 01 24 00 01 00 13 37 01 10 02 80 00 02 10 02 80 00 03 10 02 80 00 04 10 02 80 00 05 10 02 80 00 06 10 02 80 00 07 10 02 80 00 08 10 02 80 00 09 10 02 80 00 0A 10 02 80 00 0B 10 02 80 00 14 04 00 00 00 00 19 06 00 00 00 00 00 00 DA A2 2F 55;HEX;
98;R;13:34:03:578;1F 16 01 24 00 01 00 13 37 01 10 02 80 00 02 10 02 80 00 03 10 02 80 00 04 10 02 80 00 05 10 02 80 00 06 10 02 80 00 07 10 02 80 00 08 10 02 80 00 09 10 02 80 00 0A 10 02 80 00 0B 10 02 80 00 14 04 00 00 00 00 19 06 00 00 00 00 00 00 DA A2 2F 55;HEX;
99;R;13:34:04:578;1F 16 01 24 00 01 00 13 37 01 10 02 80 00 02 10 02 80 00 03 10 02 80 00 04 10 02 80 00 05 10 02 80 00 06 10 02 80 00 07 10 02 80 00 08 10 02 80 00 09 10 02 80 00 0A 10 02 80 00 0B 10 02 80 00 14 04 00 00 00 00 19 06 00 00 00 00 00 00 DA A2 2F 55;HEX;
100;R;13:34:05:593;1F 16 01 24 00 01 00 13 37 01 10 02 80 00 02 10 02 80 00 03 10 02 80 00 04 10 02 80 00 05 10 02 80 00 06 10 02 80 00 07 10 02 80 00 08 10 02 80 00 09 10 02 80 00 0A 10 02 80 00 0B 10 02 80 00 14 04 00 00 00 00 19 06 00 00 00 00 00 00 DA A2 2F 55;HEX;
101;R;13:34:06:593;1F 16 01 24 00 01 00 13 37 01 10 02 80 00 02 10 02 80 00 03 10 02 80 00 04 10 02 80 00 05 10 02 80 00 06 10 02 80 00 07 10 02 80 00 08 10 02 80 00 09 10 02 80 00 0A 10 02 80 00 0B 10 02 80 00 14 04 00 00 00 00 19 06 00 00 00 00 00 00 DA A2 2F 55;HEX;
102;R;13:34:07:609;1F 16 01 24 00 01 00 13 37 01 10 02 80 00 02 10 02 80 00 03 10 02 80 00 04 10 02 80 00 05 10 02 80 00 06 10 02 80 00 07 10 02 80 00 08 10 02 80 00 09 10 02 80 00 0A 10 02 80 00 0B 10 02 80 00 14 04 00 00 00 00 19 06 00 00 00 00 00 00 DA A2 2F 55;HEX;
103;R;13:34:08:609;1F 16 01 24 00 01 00 13 37 01 10 02 80 00 02 10 02 80 00 03 10 02 80 00 04 10 02 80 00 05 10 02 80 00 06 10 02 80 00 07 10 02 80 00 08 10 02 80 00 09 10 02 80 00 0A 10 02 80 00 0B 10 02 80 00 14 04 00 00 00 00 19 06 00 00 00 00 00 00 DA A2 2F 55;HEX;
104;R;13:34:09:625;1F 16 01 24 00 01 00 13 37 01 10 02 80 00 02 10 02 80 00 03 10 02 80 00 04 10 02 80 00 05 10 02 80 00 06 10 02 80 00 07 10 02 80 00 08 10 02 80 00 09 10 02 80 00 0A 10 02 80 00 0B 10 02 80 00 14 04 00 00 00 00 19 06 00 00 00 00 00 00 DA A2 2F 55;HEX;
105;R;13:34:10:625;1F 16 01 24 00 01 00 13 37 01 10 02 80 00 02 10 02 80 00 03 10 02 80 00 04 10 02 80 00 05 10 02 80 00 06 10 02 80 00 07 10 02 80 00 08 10 02 80 00 09 10 02 80 00 0A 10 02 80 00 0B 10 02 80 00 14 04 00 00 00 00 19 06 00 00 00 00 00 00 DA A2 2F 55;HEX;
106;R;13:34:11:640;1F 16 01 24 00 01 00 13 37 01 10 02 80 00 02 10 02 80 00 03 10 02 80 00 04 10 02 80 00 05 10 02 80 00 06 10 02 80 00 07 10 02 80 00 08 10 02 80 00 09 10 02 80 00 0A 10 02 80 00 0B 10 02 80 00 14 04 00 00 00 00 19 06 00 00 00 00 00 00 DA A2 2F 55;HEX;
107;R;13:34:12:640;1F 16 01 24 00 01 00 13 37 01 10 02 80 00 02 10 02 80 00 03 10 02 80 00 04 10 02 80 00 05 10 02 80 00 06 10 02 80 00 07 10 02 80 00 08 10 02 80 00 09 10 02 80 00 0A 10 02 80 00 0B 10 02 80 00 14 04 00 00 00 00 19 06 00 00 00 00 00 00 DA A2 2F 55;HEX;
108;R;13:34:13:656;1F 16 01 24 00 01 00 13 37 01 10 02 80 00 02 10 02 80 00 03 10 02 80 00 04 10 02 80 00 05 10 02 80 00 06 10 02 80 00 07 10 02 80 00 08 10 02 80 00 09 10 02 80 00 0A 10 02 80 00 0B 10 02 80 00 14 04 00 00 00 00 19 06 00 00 00 00 00 00 DA A2 2F 55;HEX;
109;R;13:34:14:656;1F 16 01 24 00 01 00 13 37 01 10 02 80 00 02 10 02 80 00 03 10 02 80 00 04 10 02 80 00 05 10 02 80 00 06 10 02 80 00 07 10 02 80 00 08 10 02 80 00 09 10 02 80 00 0A 10 02 80 00 0B 10 02 80 00 14 04 00 00 00 00 19 06 00 00 00 00 00 00 DA A2 2F 55;HEX;
110;R;13:34:15:671;1F 16 01 24 00 01 00 13 37 01 10 02 80 00 02 10 02 80 00 03 10 02 80 00 04 10 02 80 00 05 10 02 80 00 06 10 02 80 00 07 10 02 80 00 08 10 02 80 00 09 10 02 80 00 0A 10 02 80 00 0B 10 02 80 00 14 04 00 00 00 00 19 06 00 00 00 00 00 00 DA A2 2F 55;HEX;
111;R;13:34:16:671;1F 16 01 24 00 01 00 13 37 01 10 02 80 00 02 10 02 80 00 03 10 02 80 00 04 10 02 80 00 05 10 02 80 00 06 10 02 80 00 07 10 02 80 00 08 10 02 80 00 09 10 02 80 00 0A 10 02 80 00 0B 10 02 80 00 14 04 00 00 00 00 19 06 00 00 00 00 00 00 DA A2 2F 55;HEX;
112;R;13:34:17:703;1F 16 01 24 00 01 00 13 37 01 10 02 80 00 02 10 02 80 00 03 10 02 80 00 04 10 02 80 00 05 10 02 80 00 06 10 02 80 00 07 10 02 80 00 08 10 02 80 00 09 10 02 80 00 0A 10 02 80 00 0B 10 02 80 00 14 04 00 00 00 00 19 06 00 00 00 00 00 00 DA A2 2F 55;HEX;
113;R;13:34:18:703;1F 16 01 24 00 01 00 13 37 01 10 02 80 00 02 10 02 80 00 03 10 02 80 00 04 10 02 80 00 05 10 02 80 00 06 10 02 80 00 07 10 02 80 00 08 10 02 80 00 09 10 02 80 00 0A 10 02 80 00 0B 10 02 80 00 14 04 00 00 00 00 19 06 00 00 00 00 00 00 DA A2 2F 55;HEX;
114;R;13:34:19:718;1F 16 01 24 00 01 00 13 37 01 10 02 80 00 02 10 02 80 00 03 10 02 80 00 04 10 02 80 00 05 10 02 80 00 06 10 02 80 00 07 10 02 80 00 08 10 02 80 00 09 10 02 80 00 0A 10 02 80 00 0B 10 02 80 00 14 04 00 00 00 00 19 06 00 00 00 00 00 00 DA A2 2F 55;HEX;
115;R;13:34:20:718;1F 16 01 24 00 01 00 13 37 01 10 02 80 00 02 10 02 80 00 03 10 02 80 00 04 10 02 80 00 05 10 02 80 00 06 10 02 80 00 07 10 02 80 00 08 10 02 80 00 09 10 02 80 00 0A 10 02 80 00 0B 10 02 80 00 14 04 00 00 00 00 19 06 00 00 00 00 00 00 DA A2 2F 55;HEX;
116;R;13:34:21:734;1F 16 01 24 00 01 00 13 37 01 10 02 80 00 02 10 02 80 00 03 10 02 80 00 04 10 02 80 00 05 10 02 80 00 06 10 02 80 00 07 10 02 80 00 08 10 02 80 00 09 10 02 80 00 0A 10 02 80 00 0B 10 02 80 00 14 04 00 00 00 00 19 06 00 00 00 00 00 00 DA A2 2F 55;HEX;
117;R;13:34:22:734;1F 16 01 24 00 01 00 13 37 01 10 02 80 00 02 10 02 80 00 03 10 02 80 00 04 10 02 80 00 05 10 02 80 00 06 10 02 80 00 07 10 02 80 00 08 10 02 80 00 09 10 02 80 00 0A 10 02 80 00 0B 10 02 80 00 14 04 00 00 00 00 19 06 00 00 00 00 00 00 DA A2 2F 55;HEX;
118;R;13:34:23:750;1F 16 01 24 00 01 00 13 37 01 10 02 80 00 02 10 02 80 00 03 10 02 80 00 04 10 02 80 00 05 10 02 80 00 06 10 02 80 00 07 10 02 80 00 08 10 02 80 00 09 10 02 80 00 0A 10 02 80 00 0B 10 02 80 00 14 04 00 00 00 00 19 06 00 00 00 00 00 00 DA A2 2F 55;HEX;
119;R;13:34:24:750;1F 16 01 24 00 01 00 13 37 01 10 02 80 00 02 10 02 80 00 03 10 02 80 00 04 10 02 80 00 05 10 02 80 00 06 10 02 80 00 07 10 02 80 00 08 10 02 80 00 09 10 02 80 00 0A 10 02 80 00 0B 10 02 80 00 14 04 00 00 00 00 19 06 00 00 00 00 00 00 DA A2 2F 55;HEX;
120;R;13:34:25:765;1F 16 01 24 00 01 00 13 37 01 10 02 80 00 02 10 02 80 00 03 10 02 80 00 04 10 02 80 00 05 10 02 80 00 06 10 02 80 00 07 10 02 80 00 08 10 02 80 00 09 10 02 80 00 0A 10 02 80 00 0B 10 02 80 00 14 04 00 00 00 00 19 06 00 00 00 00 00 00 DA A2 2F 55;HEX;
121;R;13:34:26:765;1F 16 01 24 00 01 00 13 37 01 10 02 80 00 02 10 02 80 00 03 10 02 80 00 04 10 02 80 00 05 10 02 80 00 06 10 02 80 00 07 10 02 80 00 08 10 02 80 00 09 10 02 80 00 0A 10 02 80 00 0B 10 02 80 00 14 04 00 00 00 00 19 06 00 00 00 00 00 00 DA A2 2F 55;HEX;
122;R;13:34:27:781;1F 16 01 24 00 01 00 13 37 01 10 02 80 00 02 10 02 80 00 03 10 02 80 00 04 10 02 80 00 05 10 02 80 00 06 10 02 80 00 07 10 02 80 00 08 10 02 80 00 09 10 02 80 00 0A 10 02 80 00 0B 10 02 80 00 14 04 00 00 00 00 19 06 00 00 00 00 00 00 DA A2 2F 55;HEX;
123;R;13:34:28:781;1F 16 01 24 00 01 00 13 37 01 10 02 80 00 02 10 02 80 00 03 10 02 80 00 04 10 02 80 00 05 10 02 80 00 06 10 02 80 00 07 10 02 80 00 08 10 02 80 00 09 10 02 80 00 0A 10 02 80 00 0B 10 02 80 00 14 04 00 00 00 00 19 06 00 00 00 00 00 00 DA A2 2F 55;HEX;
124;R;13:34:29:796;1F 16 01 24 00 01 00 13 37 01 10 02 80 00 02 10 02 80 00 03 10 02 80 00 04 7B 82 80 00 05 10 02 80 00 06 10 02 80 00 07 10 02 80 00 08 10 02 80 00 09 10 02 80 00 0A 10 02 80 00 0B 10 02 80 00 14 04 00 00 00 00 19 06 00 00 00 00 00 00 F4 4C 2F 55;HEX;
125;R;13:34:30:796;1F 16 01 24 00 01 00 13 37 01 10 02 80 00 02 10 02 80 00 03 10 02 80 00 04 7B 82 80 00 05 10 02 80 00 06 10 02 80 00 07 10 02 80 00 08 10 02 80 00 09 10 02 80 00 0A 10 02 80 00 0B 10 02 80 00 14 04 00 00 00 00 19 06 00 00 00 00 00 00 F4 4C 2F 55;HEX;
126;R;13:34:31:812;1F 16 01 24 00 01 00 13 37 01 10 02 80 00 02 00 02 80 00 03 00 02 80 00 04 7B 82 80 00 05 00 02 80 00 06 10 02 80 00 07 10 02 80 00 08 10 02 80 00 09 10 02 80 00 0A 10 02 80 00 0B 10 02 80 00 14 04 00 00 00 00 19 06 00 00 00 00 00 00 82 C8 2F 55;HEX;
127;R;13:34:32:812;1F 16 01 24 00 01 00 13 37 01 10 02 80 00 02 00 02 80 00 03 00 02 80 00 04 7B 82 80 00 05 00 02 80 00 06 00 02 80 00 07 10 02 80 00 08 10 02 80 00 09 10 02 80 00 0A 10 02 80 00 0B 10 02 80 00 14 04 00 00 00 00 19 06 00 00 00 00 00 00 E4 00 2F 55;HEX;
128;R;13:34:33:828;1F 16 01 24 00 01 00 13 37 01 10 02 80 00 02 00 02 80 00 03 00 02 80 00 04 7B 82 80 00 05 00 02 80 00 06 00 02 80 00 07 10 02 80 00 08 10 02 80 00 09 10 02 80 00 0A 10 02 80 00 0B 10 02 80 00 14 04 00 00 00 00 19 06 00 00 00 00 00 00 E4 00 2F 55;HEX;
129;R;13:34:34:828;1F 16 01 24 00 01 00 13 37 01 10 02 80 00 02 00 02 80 00 03 00 02 80 00 04 7B 82 80 00 05 00 02 80 00 06 00 02 80 00 07 10 02 80 00 08 10 02 80 00 09 10 02 80 00 0A 10 02 80 00 0B 10 02 80 00 14 04 00 00 00 00 19 06 00 00 00 00 00 00 E4 00 2F 55;HEX;
130;R;13:34:35:843;1F 16 01 24 00 01 00 13 37 01 10 02 80 00 02 00 02 80 00 03 00 02 80 00 04 7B 82 80 00 05 00 02 80 00 06 00 02 80 00 07 10 02 80 00 08 10 02 80 00 09 10 02 80 00 0A 10 02 80 00 0B 10 02 80 00 14 04 00 00 00 00 19 06 00 00 00 00 00 00 E4 00 2F 55;HEX;
131;R;13:34:36:843;1F 16 01 24 00 01 00 13 37 01 10 02 80 00 02 00 02 80 00 03 00 02 80 00 04 7B 82 80 00 05 00 02 80 00 06 00 02 80 00 07 10 02 80 00 08 10 02 80 00 09 10 02 80 00 0A 10 02 80 00 0B 10 02 80 00 14 04 00 00 00 00 19 06 00 00 00 00 00 00 E4 00 2F 55;HEX;
132;R;13:34:37:859;1F 16 01 24 00 01 00 13 37 01 10 02 80 00 02 00 02 80 00 03 00 02 80 00 04 7B 82 80 00 05 00 02 80 00 06 00 02 80 00 07 10 02 80 00 08 10 02 80 00 09 10 02 80 00 0A 10 02 80 00 0B 10 02 80 00 14 04 00 00 00 00 19 06 00 00 00 00 00 00 E4 00 2F 55;HEX;
133;R;13:34:38:859;1F 16 01 24 00 01 00 13 37 01 10 02 80 00 02 00 02 80 00 03 00 02 80 00 04 7B 82 80 00 05 00 02 80 00 06 00 02 80 00 07 10 02 80 00 08 10 02 80 00 09 10 02 80 00 0A 10 02 80 00 0B 10 02 80 00 14 04 00 00 00 00 19 06 00 00 00 00 00 00 E4 00 2F 55;HEX;
134;R;13:34:39:875;1F 16 01 24 00 01 00 13 37 01 10 02 80 00 02 00 02 80 00 03 00 02 80 00 04 7B 82 80 00 05 00 02 80 00 06 00 02 80 00 07 10 02 80 00 08 10 02 80 00 09 10 02 80 00 0A 10 02 80 00 0B 10 02 80 00 14 04 00 00 00 00 19 06 00 00 00 00 00 00 E4 00 2F 55;HEX;
135;R;13:34:40:875;1F 16 01 24 00 01 00 13 37 01 10 02 80 00 02 00 02 80 00 03 00 02 80 00 04 7B 82 80 00 05 00 02 80 00 06 00 02 80 00 07 10 02 80 00 08 10 02 80 00 09 10 02 80 00 0A 10 02 80 00 0B 10 02 80 00 14 04 00 00 00 00 19 06 00 00 00 00 00 00 E4 00 2F 55;HEX;
136;R;13:34:41:890;1F 16 01 24 00 01 00 13 37 01 10 02 80 00 02 00 02 80 00 03 00 02 80 00 04 7B 82 80 00 05 00 02 80 00 06 00 02 80 00 07 10 02 80 00 08 10 02 80 00 09 10 02 80 00 0A 10 02 80 00 0B 10 02 80 00 14 04 00 00 00 00 19 06 00 00 00 00 00 00 E4 00 2F 55;HEX;
137;R;13:34:42:890;1F 16 01 24 00 01 00 13 37 01 10 02 80 00 02 00 02 80 00 03 00 02 80 00 04 7B 82 80 00 05 00 02 80 00 06 00 02 80 00 07 10 02 80 00 08 10 02 80 00 09 10 02 80 00 0A 10 02 80 00 0B 10 02 80 00 14 04 00 00 00 00 19 06 00 00 00 00 00 00 E4 00 2F 55;HEX;
138;R;13:34:43:906;1F 16 01 24 00 01 00 13 37 01 10 02 80 00 02 00 02 80 00 03 00 02 80 00 04 7B 82 80 00 05 00 02 80 00 06 00 02 80 00 07 10 02 80 00 08 10 02 80 00 09 10 02 80 00 0A 10 02 80 00 0B 10 02 80 00 14 04 00 00 00 00 19 06 00 00 00 00 00 00 E4 00 2F 55;HEX;
139;R;13:34:44:906;1F 16 01 24 00 01 00 13 37 01 10 02 80 00 02 00 02 80 00 03 00 02 80 00 04 7B 82 80 00 05 00 02 80 00 06 00 02 80 00 07 10 02 80 00 08 10 02 80 00 09 10 02 80 00 0A 10 02 80 00 0B 10 02 80 00 14 04 00 00 00 00 19 06 00 00 00 00 00 00 E4 00 2F 55;HEX;
140;R;13:34:45:921;1F 16 01 24 00 01 00 13 37 01 10 02 80 00 02 00 02 80 00 03 00 02 80 00 04 7B 82 80 00 05 00 02 80 00 06 00 02 80 00 07 10 02 80 00 08 10 02 80 00 09 10 02 80 00 0A 10 02 80 00 0B 10 02 80 00 14 04 00 00 00 00 19 06 00 00 00 00 00 00 E4 00 2F 55;HEX;
141;R;13:34:46:921;1F 16 01 24 00 01 00 13 37 01 10 02 80 00 02 00 02 80 00 03 00 02 80 00 04 7B 82 80 00 05 00 02 80 00 06 00 02 80 00 07 10 02 80 00 08 10 02 80 00 09 10 02 80 00 0A 10 02 80 00 0B 10 02 80 00 14 04 00 00 00 00 19 06 00 00 00 00 00 00 E4 00 2F 55;HEX;
142;R;13:34:47:937;1F 16 01 24 00 01 00 13 37 01 10 02 80 00 02 00 02 80 00 03 00 02 80 00 04 7B 82 80 00 05 00 02 80 00 06 00 02 80 00 07 10 02 80 00 08 10 02 80 00 09 10 02 80 00 0A 10 02 80 00 0B 10 02 80 00 14 04 00 00 00 00 19 06 00 00 00 00 00 00 E4 00 2F 55;HEX;
143;R;13:34:48:937;1F 16 01 24 00 01 00 13 37 01 10 02 80 00 02 00 02 80 00 03 00 02 80 00 04 7B 82 80 00 05 00 02 80 00 06 00 02 80 00 07 10 02 80 00 08 10 02 80 00 09 10 02 80 00 0A 10 02 80 00 0B 10 02 80 00 14 04 00 00 00 00 19 06 00 00 00 00 00 00 E4 00 2F 55;HEX;
144;R;13:34:49:953;1F 16 01 24 00 01 00 13 37 01 10 02 80 00 02 00 02 80 00 03 00 02 80 00 04 7B 82 80 00 05 00 02 80 00 06 00 02 80 00 07 10 02 80 00 08 10 02 80 00 09 10 02 80 00 0A 10 02 80 00 0B 10 02 80 00 14 04 00 00 00 00 19 06 00 00 00 00 00 00 E4 00 2F 55;HEX;
145;R;13:34:50:953;1F 16 01 24 00 01 00 13 37 01 10 02 80 00 02 00 02 80 00 03 00 02 80 00 04 7B 82 80 00 05 00 02 80 00 06 00 02 80 00 07 10 02 80 00 08 10 02 80 00 09 10 02 80 00 0A 10 02 80 00 0B 10 02 80 00 14 04 00 00 00 00 19 06 00 00 00 00 00 00 E4 00 2F 55;HEX;
146;R;13:34:51:968;1F 16 01 24 00 01 00 13 37 01 10 02 80 00 02 00 02 80 00 03 00 02 80 00 04 7B 82 80 00 05 00 02 80 00 06 00 02 80 00 07 10 02 80 00 08 10 02 80 00 09 10 02 80 00 0A 10 02 80 00 0B 10 02 80 00 14 04 00 00 00 00 19 06 00 00 00 00 00 00 E4 00 2F 55;HEX;
147;R;13:34:52:968;1F 16 01 24 00 01 00 13 37 01 10 02 80 00 02 00 02 80 00 03 00 02 80 00 04 7B 82 80 00 05 00 02 80 00 06 00 02 80 00 07 10 02 80 00 08 10 02 80 00 09 10 02 80 00 0A 10 02 80 00 0B 10 02 80 00 14 04 00 00 00 00 19 06 00 00 00 00 00 00 E4 00 2F 55;HEX;
148;R;13:34:53:984;1F 16 01 24 00 01 00 13 37 01 10 02 80 00 02 00 02 80 00 03 00 02 80 00 04 7B 82 80 00 05 00 02 80 00 06 00 02 80 00 07 10 02 80 00 08 10 02 80 00 09 10 02 80 00 0A 10 02 80 00 0B 10 02 80 00 14 04 00 00 00 00 19 06 00 00 00 00 00 00 E4 00 2F 55;HEX;
149;R;13:34:54:984;1F 16 01 24 00 01 00 13 37 01 10 02 80 00 02 00 02 80 00 03 00 02 80 00 04 7B 82 80 00 05 00 02 80 00 06 00 02 80 00 07 10 02 80 00 08 10 02 80 00 09 10 02 80 00 0A 10 02 80 00 0B 10 02 80 00 14 04 00 00 00 00 19 06 00 00 00 00 00 00 E4 00 2F 55;HEX;
150;R;13:34:56:000;1F 16 01 24 00 01 00 13 37 01 10 02 80 00 02 00 02 80 00 03 00 02 80 00 04 7B 82 80 00 05 00 02 80 00 06 00 02 80 00 07 10 02 80 00 08 10 02 80 00 09 10 02 80 00 0A 10 02 80 00 0B 10 02 80 00 14 04 00 00 00 00 19 06 00 00 00 00 00 00 E4 00 2F 55;HEX;
151;R;13:34:57:000;1F 16 01 24 00 01 00 13 37 01 10 02 80 00 02 00 02 80 00 03 00 02 80 00 04 77 82 80 1E 05 00 02 80 00 06 00 02 80 00 07 10 02 80 00 08 10 02 80 00 09 10 02 80 00 0A 10 02 80 00 0B 10 02 80 00 14 04 00 00 00 00 19 06 00 00 00 00 00 00 F7 E9 2F 55;HEX;
152;R;13:34:58:015;1F 16 01 24 00 01 00 13 37 01 10 02 80 00 02 00 02 80 00 03 00 02 80 00 04 77 82 80 1D 05 00 02 80 00 06 00 02 80 00 07 10 02 80 00 08 10 02 80 00 09 10 02 80 00 0A 10 02 80 00 0B 10 02 80 00 14 04 00 00 00 00 19 06 00 00 00 00 00 00 6D DF 2F 55;HEX;
153;R;13:34:59:015;1F 16 01 24 00 01 00 13 37 01 10 02 80 00 02 00 02 80 00 03 00 02 80 00 04 77 82 80 1C 05 00 02 80 00 06 00 02 80 00 07 10 02 80 00 08 10 02 80 00 09 10 02 80 00 0A 10 02 80 00 0B 10 02 80 00 14 04 00 00 00 00 19 06 00 00 00 00 00 00 1B CD 2F 55;HEX;
154;R;13:35:00:031;1F 16 01 24 00 01 00 13 37 01 10 02 80 00 02 00 02 80 00 03 00 02 80 00 04 77 82 80 1B 05 00 02 80 00 06 00 02 80 00 07 10 02 80 00 08 10 02 80 00 09 10 02 80 00 0A 10 02 80 00 0B 10 02 80 00 14 04 00 00 00 00 19 06 00 00 00 00 00 00 59 B2 2F 55;HEX;
155;R;13:35:01:031;1F 16 01 24 00 01 00 13 37 01 10 02 80 00 02 00 02 80 00 03 00 02 80 00 04 77 82 80 1A 05 00 02 80 00 06 00 02 80 00 07 10 02 80 00 08 10 02 80 00 09 10 02 80 00 0A 10 02 80 00 0B 10 02 80 00 14 04 00 00 00 00 19 06 00 00 00 00 00 00 2F 2F A0 2F 55;HEX;
156;R;13:35:02:046;1F 16 01 24 00 01 00 13 37 01 10 02 80 00 02 00 02 80 00 03 00 02 80 00 04 77 82 80 19 05 00 02 80 00 06 00 02 80 00 07 10 02 80 00 08 10 02 80 00 09 10 02 80 00 0A 10 02 80 00 0B 10 02 80 00 14 04 00 00 00 00 19 06 00 00 00 00 00 00 B5 96 2F 55;HEX;
157;R;13:35:03:046;1F 16 01 24 00 01 00 13 37 01 10 02 80 00 02 00 02 80 00 03 00 02 80 00 04 77 82 80 17 05 00 02 80 00 06 00 02 80 00 07 10 02 80 00 08 10 02 80 00 09 10 02 80 00 0A 10 02 80 00 0B 10 02 80 00 14 04 00 00 00 00 19 06 00 00 00 00 00 00 31 68 2F 55;HEX;
158;R;13:35:04:062;1F 16 01 24 00 01 00 13 37 01 10 02 80 00 02 00 02 80 00 03 00 02 80 00 04 77 82 80 17 05 00 02 80 00 06 00 02 80 00 07 10 02 80 00 08 10 02 80 00 09 10 02 80 00 0A 10 02 80 00 0B 10 02 80 00 14 04 00 00 00 00 19 06 00 00 00 00 00 00 31 68 2F 55;HEX;
159;R;13:35:05:062;1F 16 01 24 00 01 00 13 37 01 10 02 80 00 02 00 02 80 00 03 00 02 80 00 04 77 82 80 16 05 00 02 80 00 06 00 02 80 00 07 10 02 80 00 08 10 02 80 00 09 10 02 80 00 0A 10 02 80 00 0B 10 02 80 00 14 04 00 00 00 00 19 06 00 00 00 00 00 00 47 7A 2F 55;HEX;
160;R;13:35:06:078;1F 16 01 24 00 01 00 13 37 01 10 02 80 00 02 00 02 80 00 03 00 02 80 00 04 77 82 80 15 05 00 02 80 00 06 00 02 80 00 07 10 02 80 00 08 10 02 80 00 09 10 02 80 00 0A 10 02 80 00 0B 10 02 80 00 14 04 00 00 00 00 19 06 00 00 00 00 00 00 DD 4C 2F 55;HEX;
161;R;13:35:07:078;1F 16 01 24 00 01 00 13 37 01 10 02 80 00 02 00 02 80 00 03 00 02 80 00 04 78 82 80 14 05 00 02 80 00 06 00 02 80 00 07 10 02 80 00 08 10 02 80 00 09 10 02 80 00 0A 10 02 80 00 0B 10 02 80 00 14 04 00 00 00 00 19 06 00 00 00 00 00 00 58 FE 2F 55;HEX;
162;R;13:35:08:093;1F 16 01 24 00 01 00 13 37 01 10 02 80 00 02 00 02 80 00 03 00 02 80 00 04 78 82 80 14 05 00 02 80 00 06 00 02 80 00 07 10 02 80 00 08 10 02 80 00 09 10 02 80 00 0A 10 02 80 00 0B 10 02 80 00 14 04 00 00 00 00 19 06 00 00 00 00 00 00 58 FE 2F 55;HEX;
163;R;13:35:09:093;1F 16 01 24 00 01 00 13 37 01 10 02 80 00 02 00 02 80 00 03 00 02 80 00 04 78 82 80 14 05 00 02 80 00 06 00 02 80 00 07 10 02 80 00 08 10 02 80 00 09 10 02 80 00 0A 10 02 80 00 0B 10 02 80 00 14 04 00 00 00 00 19 06 00 00 00 00 00 00 58 FE 2F 55;HEX;
164;R;13:35:10:109;1F 16 01 24 00 01 00 13 37 01 10 02 80 00 02 00 02 80 00 03 00 02 80 00 04 78 82 80 14 05 00 02 80 00 06 00 02 80 00 07 10 02 80 00 08 10 02 80 00 09 10 02 80 00 0A 10 02 80 00 0B 10 02 80 00 14 04 00 00 00 00 19 06 00 00 00 00 00 00 58 FE 2F 55;HEX;
165;R;13:35:11:109;1F 16 01 24 00 01 00 13 37 01 10 02 80 00 02 00 02 80 00 03 00 02 80 00 04 78 82 80 14 05 00 02 80 00 06 00 02 80 00 07 10 02 80 00 08 10 02 80 00 09 10 02 80 00 0A 10 02 80 00 0B 10 02 80 00 14 04 00 00 00 00 19 06 00 00 00 00 00 00 58 FE 2F 55;HEX;
166;R;13:35:12:125;1F 16 01 24 00 01 00 13 37 01 10 02 80 00 02 00 02 80 00 03 00 02 80 00 04 78 82 80 14 05 00 02 80 00 06 00 02 80 00 07 10 02 80 00 08 10 02 80 00 09 10 02 80 00 0A 10 02 80 00 0B 10 02 80 00 14 04 00 00 00 00 19 06 00 00 00 00 00 00 58 FE 2F 55;HEX;
167;R;13:35:13:125;1F 16 01 24 00 01 00 13 37 01 10 02 80 00 02 00 02 80 00 03 00 02 80 00 04 78 82 80 14 05 00 02 80 00 06 00 02 80 00 07 10 02 80 00 08 10 02 80 00 09 10 02 80 00 0A 10 02 80 00 0B 10 02 80 00 14 04 00 00 00 00 19 06 00 00 00 00 00 00 58 FE 2F 55;HEX;
168;R;13:35:14:140;1F 16 01 24 00 01 00 13 37 01 10 02 80 00 02 00 02 80 00 03 00 02 80 00 04 78 82 80 14 05 00 02 80 00 06 00 02 80 00 07 10 02 80 00 08 10 02 80 00 09 10 02 80 00 0A 10 02 80 00 0B 10 02 80 00 14 04 00 00 00 00 19 06 00 00 00 00 00 00 58 FE 2F 55;HEX;
169;R;13:35:15:140;1F 16 01 24 00 01 00 13 37 01 10 02 80 00 02 00 02 80 00 03 00 02 80 00 04 77 82 80 14 05 00 02 80 00 06 00 02 80 00 07 10 02 80 00 08 10 02 80 00 09 10 02 80 00 0A 10 02 80 00 0B 10 02 80 00 14 04 00 00 00 00 19 06 00 00 00 00 00 00 AB 5E 2F 55;HEX;
170;R;13:35:16:156;1F 16 01 24 00 01 00 13 37 01 10 02 80 00 02 00 02 80 00 03 00 02 80 00 04 77 82 80 13 05 00 02 80 00 06 00 02 80 00 07 10 02 80 00 08 10 02 80 00 09 10 02 80 00 0A 10 02 80 00 0B 10 02 80 00 14 04 00 00 00 00 19 06 00 00 00 00 00 00 E9 21 2F 55;HEX;
171;R;13:35:17:156;1F 16 01 24 00 01 00 13 37 01 10 02 80 00 02 00 02 80 00 03 00 02 80 00 04 77 82 80 12 05 00 02 80 00 06 00 02 80 00 07 10 02 80 00 08 10 02 80 00 09 10 02 80 00 0A 10 02 80 00 0B 10 02 80 00 14 04 00 00 00 00 19 06 00 00 00 00 00 00 9F 33 2F 55;HEX;
172;R;13:35:18:171;1F 16 01 24 00 01 00 13 37 01 10 02 80 00 02 00 02 80 00 03 00 02 80 00 04 77 82 80 11 05 00 02 80 00 06 00 02 80 00 07 10 02 80 00 08 10 02 80 00 09 10 02 80 00 0A 10 02 80 00 0B 10 02 80 00 14 04 00 00 00 00 19 06 00 00 00 00 00 00 05 05 2F 55;HEX;
173;R;13:35:19:171;1F 16 01 24 00 01 00 13 37 01 10 02 80 00 02 00 02 80 00 03 00 02 80 00 04 77 82 80 10 05 00 02 80 00 06 00 02 80 00 07 10 02 80 00 08 10 02 80 00 09 10 02 80 00 0A 10 02 80 00 0B 10 02 80 00 14 04 00 00 00 00 19 06 00 00 00 00 00 00 73 17 2F 55;HEX;
174;R;13:35:20:187;1F 16 01 24 00 01 00 13 37 01 10 02 80 00 02 00 02 80 00 03 00 02 80 00 04 77 82 80 0F 05 00 02 80 00 06 00 02 80 00 07 10 02 80 00 08 10 02 80 00 09 10 02 80 00 0A 10 02 80 00 0B 10 02 80 00 14 04 00 00 00 00 19 06 00 00 00 00 00 00 C0 CC 2F 55;HEX;
175;R;13:35:21:187;1F 16 01 24 00 01 00 13 37 01 10 02 80 00 02 00 02 80 00 03 00 02 80 00 04 77 82 80 0D 05 00 02 80 00 06 00 02 80 00 07 10 02 80 00 08 10 02 80 00 09 10 02 80 00 0A 10 02 80 00 0B 10 02 80 00 14 04 00 00 00 00 19 06 00 00 00 00 00 00 2C E8 2F 55;HEX;
176;R;13:35:22:203;1F 16 01 24 00 01 00 13 37 01 10 02 80 00 02 00 02 80 00 03 00 02 80 00 04 77 82 80 0C 05 00 02 80 00 06 00 02 80 00 07 10 02 80 00 08 10 02 80 00 09 10 02 80 00 0A 10 02 80 00 0B 10 02 80 00 14 04 00 00 00 00 19 06 00 00 00 00 00 00 5A FA 2F 55;HEX;
177;R;13:35:23:203;1F 16 01 24 00 01 00 13 37 01 10 02 80 00 02 00 02 80 00 03 00 02 80 00 04 77 82 80 0B 05 00 02 80 00 06 00 02 80 00 07 10 02 80 00 08 10 02 80 00 09 10 02 80 00 0A 10 02 80 00 0B 10 02 80 00 14 04 00 00 00 00 19 06 00 00 00 00 00 00 18 85 2F 55;HEX;
178;R;13:35:24:218;1F 16 01 24 00 01 00 13 37 01 10 02 80 00 02 00 02 80 00 03 00 02 80 00 04 77 82 80 0A 05 00 02 80 00 06 00 02 80 00 07 10 02 80 00 08 10 02 80 00 09 10 02 80 00 0A 10 02 80 00 0B 10 02 80 00 14 04 00 00 00 00 19 06 00 00 00 00 00 00 6E 97 2F 55;HEX;
179;R;13:35:25:218;1F 16 01 24 00 01 00 13 37 01 10 02 80 00 02 00 02 80 00 03 00 02 80 00 04 77 82 80 0A 05 00 02 80 00 06 00 02 80 00 07 10 02 80 00 08 10 02 80 00 09 10 02 80 00 0A 10 02 80 00 0B 10 02 80 00 14 04 00 00 00 00 19 06 00 00 00 00 00 00 6E 97 2F 55;HEX;
180;R;13:35:26:234;1F 16 01 24 00 01 00 13 37 01 10 02 80 00 02 00 02 80 00 03 00 02 80 00 04 77 82 80 09 05 00 02 80 00 06 00 02 80 00 07 10 02 80 00 08 10 02 80 00 09 10 02 80 00 0A 10 02 80 00 0B 10 02 80 00 14 04 00 00 00 00 19 06 00 00 00 00 00 00 F4 A1 2F 55;HEX;
181;R;13:35:27:234;1F 16 01 24 00 01 00 13 37 01 10 02 80 00 02 00 02 80 00 03 00 02 80 00 04 77 82 80 08 05 00 02 80 00 06 00 02 80 00 07 10 02 80 00 08 10 02 80 00 09 10 02 80 00 0A 10 02 80 00 0B 10 02 80 00 14 04 00 00 00 00 19 06 00 00 00 00 00 00 82 B3 2F 55;HEX;
182;R;13:35:28:250;1F 16 01 24 00 01 00 13 37 01 10 02 80 00 02 00 02 80 00 03 00 02 80 00 04 77 82 80 06 05 00 02 80 00 06 00 02 80 00 07 10 02 80 00 08 10 02 80 00 09 10 02 80 00 0A 10 02 80 00 0B 10 02 80 00 14 04 00 00 00 00 19 06 00 00 00 00 00 00 06 4D 2F 55;HEX;
183;R;13:35:29:250;1F 16 01 24 00 01 00 13 37 01 10 02 80 00 02 00 02 80 00 03 00 02 80 00 04 77 82 80 05 05 00 02 80 00 06 00 02 80 00 07 10 02 80 00 08 10 02 80 00 09 10 02 80 00 0A 10 02 80 00 0B 10 02 80 00 14 04 00 00 00 00 19 06 00 00 00 00 00 00 9C 7B 2F 55;HEX;
184;R;13:35:30:265;1F 16 01 24 00 01 00 13 37 01 10 02 80 00 02 00 02 80 00 03 00 02 80 00 04 77 82 80 04 05 00 02 80 00 06 00 02 80 00 07 10 02 80 00 08 10 02 80 00 09 10 02 80 00 0A 10 02 80 00 0B 10 02 80 00 14 04 00 00 00 00 19 06 00 00 00 00 00 00 EA 69 2F 55;HEX;
185;R;13:35:31:265;1F 16 01 24 00 01 00 13 37 01 10 02 80 00 02 00 02 80 00 03 00 02 80 00 04 77 82 80 03 05 00 02 80 00 06 00 02 80 00 07 10 02 80 00 08 10 02 80 00 09 10 02 80 00 0A 10 02 80 00 0B 10 02 80 00 14 04 00 00 00 00 19 06 00 00 00 00 00 00 A8 16 2F 55;HEX;
186;R;13:35:32:281;1F 16 01 24 00 01 00 13 37 01 10 02 80 00 02 00 02 80 00 03 00 02 80 00 04 77 82 80 03 05 00 02 80 00 06 00 02 80 00 07 10 02 80 00 08 10 02 80 00 09 10 02 80 00 0A 10 02 80 00 0B 10 02 80 00 14 04 00 00 00 00 19 06 00 00 00 00 00 00 A8 16 2F 55;HEX;
187;R;13:35:33:281;1F 16 01 24 00 01 00 13 37 01 10 02 80 00 02 00 02 80 00 03 00 02 80 00 04 77 82 80 02 05 00 02 80 00 06 00 02 80 00 07 10 02 80 00 08 10 02 80 00 09 10 02 80 00 0A 10 02 80 00 0B 10 02 80 00 14 04 00 00 00 00 19 06 00 00 00 00 00 00 DE 04 2F 55;HEX;
188;R;13:35:34:296;1F 16 01 24 00 01 00 13 37 01 10 02 80 00 02 00 02 80 00 03 00 02 80 00 04 77 82 80 01 05 00 02 80 00 06 00 02 80 00 07 10 02 80 00 08 10 02 80 00 09 10 02 80 00 0A 10 02 80 00 0B 10 02 80 00 14 04 00 00 00 00 19 06 00 00 00 00 00 00 44 32 2F 55;HEX;
189;R;13:35:35:296;1F 16 01 24 00 01 00 13 37 01 10 02 80 00 02 00 02 80 00 03 00 02 80 00 04 7C 82 81 05 05 00 02 80 00 06 00 02 80 00 07 10 02 80 00 08 10 02 80 00 09 10 02 80 00 0A 10 02 80 00 0B 10 02 80 00 14 04 00 00 00 00 19 06 00 00 00 00 00 00 AE 80 2F 55;HEX;
190;R;13:35:36:312;1F 16 01 24 00 01 00 13 37 01 10 02 80 00 02 00 02 80 00 03 00 02 80 00 04 7C 82 81 05 05 00 02 80 00 06 00 02 80 00 07 10 02 80 00 08 10 02 80 00 09 10 02 80 00 0A 10 02 80 00 0B 10 02 80 00 14 04 19 00 00 00 19 06 00 00 00 00 00 00 23 AF 2F 55;HEX;
191;R;13:35:37:312;1F 16 01 24 00 01 00 13 37 01 10 02 80 00 02 00 02 80 00 03 00 02 80 00 04 7C 82 81 05 05 00 02 80 00 06 00 02 80 00 07 10 02 80 00 08 10 02 80 00 09 10 02 80 00 0A 10 02 80 00 0B 10 02 80 00 14 04 19 00 00 00 19 06 00 00 00 00 00 00 23 AF 2F 55;HEX;
192;R;13:35:38:328;1F 16 01 24 00 01 00 13 37 01 10 02 80 00 02 00 02 80 00 03 00 02 80 00 04 7C 82 81 05 05 00 02 80 00 06 00 02 80 00 07 10 02 80 00 08 10 02 80 00 09 10 02 80 00 0A 10 02 80 00 0B 10 02 80 00 14 04 19 00 00 00 19 06 00 00 00 00 00 00 23 AF 2F 55;HEX;
193;R;13:35:39:328;1F 16 01 24 00 01 00 13 37 01 10 02 80 00 02 00 02 80 00 03 00 02 80 00 04 7C 82 81 01 05 00 02 80 00 06 00 02 80 00 07 10 02 80 00 08 10 02 80 00 09 10 02 80 00 0A 10 02 80 00 0B 10 02 80 00 14 04 19 00 00 00 19 06 00 00 00 00 00 00 FB E6 2F 55;HEX;
194;R;13:35:40:343;1F 16 01 24 00 01 00 13 37 01 10 02 80 00 02 00 02 80 00 03 00 02 80 00 04 7D 82 81 00 05 00 02 80 00 06 00 02 80 00 07 10 02 80 00 08 10 02 80 00 09 10 02 80 00 0A 10 02 80 00 0B 10 02 80 00 14 04 19 00 00 00 19 06 00 00 00 00 00 00 71 7B 2F 55;HEX;
195;R;13:35:41:343;1F 16 01 24 00 01 00 13 37 01 10 02 80 00 02 00 02 80 00 03 00 02 80 00 04 7D 82 81 00 05 00 02 80 00 06 00 02 80 00 07 10 02 80 00 08 10 02 80 00 09 10 02 80 00 0A 10 02 80 00 0B 10 02 80 00 14 04 19 00 00 00 19 06 00 00 00 00 00 00 71 7B 2F 55;HEX;
196;R;13:35:42:359;1F 16 01 24 00 01 00 13 37 01 10 02 80 00 02 00 02 80 00 03 00 02 80 00 04 7D 82 81 00 05 00 02 80 00 06 00 02 80 00 07 10 02 80 00 08 10 02 80 00 09 10 02 80 00 0A 10 02 80 00 0B 10 02 80 00 14 04 19 00 00 00 19 06 00 00 00 00 00 00 71 7B 2F 55;HEX;
197;R;13:35:43:375;1F 16 01 24 00 01 00 13 37 01 10 02 80 00 02 00 02 80 00 03 00 02 80 00 04 7D 82 81 00 05 00 02 80 00 06 00 02 80 00 07 10 02 80 00 08 10 02 80 00 09 10 02 80 00 0A 10 02 80 00 0B 10 02 80 00 14 04 19 00 00 00 19 06 00 00 00 00 00 00 71 7B 2F 55;HEX;
198;R;13:35:44:375;1F 16 01 24 00 01 00 13 37 01 10 02 80 00 02 00 02 80 00 03 00 02 80 00 04 7D 82 81 00 05 00 02 80 00 06 00 02 80 00 07 10 02 80 00 08 10 02 80 00 09 10 02 80 00 0A 10 02 80 00 0B 10 02 80 00 14 04 19 00 00 00 19 06 00 00 00 00 00 00 71 7B 2F 55;HEX;
199;R;13:35:45:375;1F 16 01 24 00 01 00 13 37 01 10 02 80 00 02 00 02 80 00 03 00 02 80 00 04 7D 82 81 00 05 00 02 80 00 06 00 02 80 00 07 10 02 80 00 08 10 02 80 00 09 10 02 80 00 0A 10 02 80 00 0B 10 02 80 00 14 04 19 00 00 00 19 06 00 00 00 00 00 00 71 7B 2F 55;HEX;
200;R;13:35:46:390;1F 16 01 24 00 01 00 13 37 01 10 02 80 00 02 00 02 80 00 03 00 02 80 00 04 7D 82 81 00 05 00 02 80 00 06 00 02 80 00 07 10 02 80 00 08 10 02 80 00 09 10 02 80 00 0A 10 02 80 00 0B 10 02 80 00 14 04 19 00 00 00 19 06 00 00 00 00 00 00 71 7B 2F 55;HEX;
201;R;13:35:47:390;1F 16 01 24 00 01 00 13 37 01 10 02 80 00 02 00 02 80 00 03 00 02 80 00 04 7D 82 81 00 05 00 02 80 00 06 00 02 80 00 07 10 02 80 00 08 10 02 80 00 09 10 02 80 00 0A 10 02 80 00 0B 10 02 80 00 14 04 19 00 00 00 19 06 00 00 00 00 00 00 71 7B 2F 55;HEX;
202;R;13:35:48:406;1F 16 01 24 00 01 00 13 37 01 10 02 80 00 02 00 02 80 00 03 00 02 80 00 04 7D 82 81 00 05 00 02 80 00 06 00 02 80 00 07 10 02 80 00 08 10 02 80 00 09 10 02 80 00 0A 10 02 80 00 0B 10 02 80 00 14 04 19 00 00 00 19 06 00 00 00 00 00 00 71 7B 2F 55;HEX;
203;R;13:35:49:406;1F 16 01 24 00 01 00 13 37 01 10 02 80 00 02 00 02 80 00 03 00 02 80 00 04 7D 82 81 00 05 00 02 80 00 06 00 02 80 00 07 10 02 80 00 08 10 02 80 00 09 10 02 80 00 0A 10 02 80 00 0B 10 02 80 00 14 04 19 00 00 00 19 06 00 00 00 00 00 00 71 7B 2F 55;HEX;
204;R;13:35:50:421;1F 16 01 24 00 01 00 13 37 01 10 02 80 00 02 00 02 80 00 03 00 02 80 00 04 7D 82 81 00 05 00 02 80 00 06 00 02 80 00 07 10 02 80 00 08 10 02 80 00 09 10 02 80 00 0A 10 02 80 00 0B 10 02 80 00 14 04 19 00 00 00 19 06 00 00 00 00 00 00 71 7B 2F 55;HEX;
205;R;13:35:51:421;1F 16 01 24 00 01 00 13 37 01 10 02 80 00 02 00 02 80 00 03 00 02 80 00 04 7D 82 81 00 05 00 02 80 00 06 00 02 80 00 07 10 02 80 00 08 10 02 80 00 09 10 02 80 00 0A 10 02 80 00 0B 10 02 80 00 14 04 19 00 00 00 19 06 00 00 00 00 00 00 71 7B 2F 55;HEX;
206;R;13:35:52:437;1F 16 01 24 00 01 00 13 37 01 10 02 80 00 02 00 02 80 00 03 00 02 80 00 04 7D 82 81 00 05 00 02 80 00 06 00 02 80 00 07 10 02 80 00 08 10 02 80 00 09 10 02 80 00 0A 10 02 80 00 0B 10 02 80 00 14 04 19 00 00 00 19 06 00 00 00 00 00 00 71 7B 2F 55;HEX;
207;R;13:35:53:437;1F 16 01 24 00 01 00 13 37 01 10 02 80 00 02 00 02 80 00 03 00 02 80 00 04 7D 82 81 00 05 00 02 80 00 06 00 02 80 00 07 10 02 80 00 08 10 02 80 00 09 10 02 80 00 0A 10 02 80 00 0B 10 02 80 00 14 04 19 00 00 00 19 06 00 00 00 00 00 00 71 7B 2F 55;HEX;
208;R;13:35:54:453;1F 16 01 24 00 01 00 13 37 01 10 02 80 00 02 00 02 80 00 03 00 02 80 00 04 7D 82 81 00 05 00 02 80 00 06 00 02 80 00 07 10 02 80 00 08 10 02 80 00 09 10 02 80 00 0A 10 02 80 00 0B 10 02 80 00 14 04 19 00 00 00 19 06 00 00 00 00 00 00 71 7B 2F 55;HEX;
209;R;13:35:55:453;1F 16 01 24 00 01 00 13 37 01 10 02 80 00 02 00 02 80 00 03 00 02 80 00 04 7D 82 81 00 05 00 02 80 00 06 00 02 80 00 07 10 02 80 00 08 10 02 80 00 09 10 02 80 00 0A 10 02 80 00 0B 10 02 80 00 14 04 19 00 00 00 19 06 00 00 00 00 00 00 71 7B 2F 55;HEX;
210;R;13:35:56:468;1F 16 01 24 00 01 00 13 37 01 10 02 80 00 02 00 02 80 00 03 00 02 80 00 04 7D 82 81 00 05 00 02 80 00 06 00 02 80 00 07 10 02 80 00 08 10 02 80 00 09 10 02 80 00 0A 10 02 80 00 0B 10 02 80 00 14 04 19 00 00 00 19 06 00 00 00 00 00 00 71 7B 2F 55;HEX;
211;R;13:35:57:468;1F 16 01 24 00 01 00 13 37 01 10 02 80 00 02 00 02 80 00 03 00 02 80 00 04 7D 82 81 00 05 00 02 80 00 06 00 02 80 00 07 10 02 80 00 08 10 02 80 00 09 10 02 80 00 0A 10 02 80 00 0B 10 02 80 00 14 04 19 00 00 00 19 06 00 00 00 00 00 00 71 7B 2F 55;HEX;
212;R;13:35:58:484;1F 16 01 24 00 01 00 13 37 01 10 02 80 00 02 00 02 80 00 03 00 02 80 00 04 7D 82 81 00 05 00 02 80 00 06 00 02 80 00 07 10 02 80 00 08 10 02 80 00 09 10 02 80 00 0A 10 02 80 00 0B 10 02 80 00 14 04 19 00 00 00 19 06 00 00 00 00 00 00 71 7B 2F 55;HEX;
213;R;13:35:59:484;1F 16 01 24 00 01 00 13 37 01 10 02 80 00 02 00 02 80 00 03 00 02 80 00 04 7D 82 81 00 05 00 02 80 00 06 00 02 80 00 07 10 02 80 00 08 10 02 80 00 09 10 02 80 00 0A 10 02 80 00 0B 10 02 80 00 14 04 19 00 00 00 19 06 00 00 00 00 00 00 71 7B 2F 55;HEX;
214;R;13:36:00:500;1F 16 01 24 00 01 00 13 37 01 10 02 80 00 02 00 02 80 00 03 00 02 80 00 04 7D 82 81 00 05 00 02 80 00 06 00 02 80 00 07 10 02 80 00 08 10 02 80 00 09 10 02 80 00 0A 10 02 80 00 0B 10 02 80 00 14 04 19 00 00 00 19 06 00 00 00 00 00 00 71 7B 2F 55;HEX;
215;R;13:36:01:500;1F 16 01 24 00 01 00 13 37 01 10 02 80 00 02 00 02 80 00 03 00 02 80 00 04 7D 82 81 00 05 00 02 80 00 06 00 02 80 00 07 10 02 80 00 08 10 02 80 00 09 10 02 80 00 0A 10 02 80 00 0B 10 02 80 00 14 04 19 00 00 00 19 06 00 00 00 00 00 00 71 7B 2F 55;HEX;
216;R;13:36:02:515;1F 16 01 24 00 01 00 13 37 01 10 02 80 00 02 00 02 80 00 03 00 02 80 00 04 7D 82 81 00 05 00 02 80 00 06 00 02 80 00 07 10 02 80 00 08 10 02 80 00 09 10 02 80 00 0A 10 02 80 00 0B 10 02 80 00 14 04 19 00 00 00 19 06 00 00 00 00 00 00 71 7B 2F 55;HEX;
217;R;13:36:03:515;1F 16 01 24 00 01 00 13 37 01 10 02 80 00 02 00 02 80 00 03 00 02 80 00 04 7D 82 81 00 05 00 02 80 00 06 00 02 80 00 07 10 02 80 00 08 10 02 80 00 09 10 02 80 00 0A 10 02 80 00 0B 10 02 80 00 14 04 19 00 00 00 19 06 00 00 00 00 00 00 71 7B 2F 55;HEX;
218;R;13:36:04:531;1F 16 01 24 00 01 00 13 37 01 10 02 80 00 02 00 02 80 00 03 00 02 80 00 04 7D 82 81 00 05 00 02 80 00 06 00 02 80 00 07 10 02 80 00 08 10 02 80 00 09 10 02 80 00 0A 10 02 80 00 0B 10 02 80 00 14 04 19 00 00 00 19 06 00 00 00 00 00 00 71 7B 2F 55;HEX;
219;R;13:36:05:546;1F 16 01 24 00 01 00 13 37 01 10 02 80 00 02 00 02 80 00 03 00 02 80 00 04 7D 82 81 00 05 00 02 80 00 06 00 02 80 00 07 10 02 80 00 08 10 02 80 00 09 10 02 80 00 0A 10 02 80 00 0B 10 02 80 00 14 04 19 00 00 00 19 06 00 00 00 00 00 00 71 7B 2F 55;HEX;
220;R;13:36:06:546;1F 16 01 24 00 01 00 13 37 01 10 02 80 00 02 00 02 80 00 03 00 02 80 00 04 7D 82 81 00 05 00 02 80 00 06 00 02 80 00 07 10 02 80 00 08 10 02 80 00 09 10 02 80 00 0A 10 02 80 00 0B 10 02 80 00 14 04 19 00 00 00 19 06 00 00 00 00 00 00 71 7B 2F 55;HEX;
221;R;13:36:07:546;1F 16 01 24 00 01 00 13 37 01 10 02 80 00 02 00 02 80 00 03 00 02 80 00 04 7D 82 81 00 05 00 02 80 00 06 00 02 80 00 07 10 02 80 00 08 10 02 80 00 09 10 02 80 00 0A 10 02 80 00 0B 10 02 80 00 14 04 19 00 00 00 19 06 00 00 00 00 00 00 71 7B 2F 55;HEX;
222;R;13:36:08:562;1F 16 01 24 00 01 00 13 37 01 10 02 80 00 02 00 02 80 00 03 00 02 80 00 04 7D 82 81 00 05 00 02 80 00 06 00 02 80 00 07 10 02 80 00 08 10 02 80 00 09 10 02 80 00 0A 10 02 80 00 0B 10 02 80 00 14 04 19 00 00 00 19 06 00 00 00 00 00 00 71 7B 2F 55;HEX;
223;R;13:36:09:562;1F 16 01 24 00 01 00 13 37 01 10 02 80 00 02 00 02 80 00 03 00 02 80 00 04 7D 82 81 00 05 00 02 80 00 06 00 02 80 00 07 10 02 80 00 08 10 02 80 00 09 10 02 80 00 0A 10 02 80 00 0B 10 02 80 00 14 04 19 00 00 00 19 06 00 00 00 00 00 00 71 7B 2F 55;HEX;
224;R;13:36:10:578;1F 16 01 24 00 01 00 13 37 01 10 02 80 00 02 00 02 80 00 03 00 02 80 00 04 7D 82 81 00 05 00 02 80 00 06 00 02 80 00 07 10 02 80 00 08 10 02 80 00 09 10 02 80 00 0A 10 02 80 00 0B 10 02 80 00 14 04 19 00 00 00 19 06 00 00 00 00 00 00 71 7B 2F 55;HEX;
225;R;13:36:11:593;1F 16 01 24 00 01 00 13 37 01 10 02 80 00 02 00 02 80 00 03 00 02 80 00 04 7D 82 81 00 05 00 02 80 00 06 00 02 80 00 07 10 02 80 00 08 10 02 80 00 09 10 02 80 00 0A 10 02 80 00 0B 10 02 80 00 14 04 19 00 00 00 19 06 00 00 00 00 00 00 71 7B 2F 55;HEX;
226;R;13:36:12:593;1F 16 01 24 00 01 00 13 37 01 10 02 80 00 02 00 02 80 00 03 00 02 80 00 04 7D 82 81 00 05 00 02 80 00 06 00 02 80 00 07 10 02 80 00 08 10 02 80 00 09 10 02 80 00 0A 10 02 80 00 0B 10 02 80 00 14 04 19 00 00 00 19 06 00 00 00 00 00 00 71 7B 2F 55;HEX;
227;R;13:36:13:593;1F 16 01 24 00 01 00 13 37 01 10 02 80 00 02 00 02 80 00 03 00 02 80 00 04 7D 82 81 00 05 00 02 80 00 06 00 02 80 00 07 10 02 80 00 08 10 02 80 00 09 10 02 80 00 0A 10 02 80 00 0B 10 02 80 00 14 04 19 00 00 00 19 06 00 00 00 00 00 00 71 7B 2F 55;HEX;
228;R;13:36:14:609;1F 16 01 24 00 01 00 13 37 01 10 02 80 00 02 00 02 80 00 03 00 02 80 00 04 7D 82 81 00 05 00 02 80 00 06 00 02 80 00 07 10 02 80 00 08 10 02 80 00 09 10 02 80 00 0A 10 02 80 00 0B 10 02 80 00 14 04 19 00 00 00 19 06 00 00 00 00 00 00 71 7B 2F 55;HEX;
229;R;13:36:15:625;1F 16 01 24 00 01 00 13 37 01 10 02 80 00 02 00 02 80 00 03 00 02 80 00 04 7D 82 81 00 05 00 02 80 00 06 00 02 80 00 07 10 02 80 00 08 10 02 80 00 09 10 02 80 00 0A 10 02 80 00 0B 10 02 80 00 14 04 19 00 00 00 19 06 00 00 00 00 00 00 71 7B 2F 55;HEX;
230;R;13:36:16:625;1F 16 01 24 00 01 00 13 37 01 10 02 80 00 02 00 02 80 00 03 00 02 80 00 04 7D 82 81 00 05 00 02 80 00 06 00 02 80 00 07 10 02 80 00 08 10 02 80 00 09 10 02 80 00 0A 10 02 80 00 0B 10 02 80 00 14 04 19 00 00 00 19 06 00 00 00 00 00 00 71 7B 2F 55;HEX;
231;R;13:36:17:640;1F 16 01 24 00 01 00 13 37 01 10 02 80 00 02 00 02 80 00 03 00 02 80 00 04 7D 82 81 00 05 00 02 80 00 06 00 02 80 00 07 10 02 80 00 08 10 02 80 00 09 10 02 80 00 0A 10 02 80 00 0B 10 02 80 00 14 04 19 00 00 00 19 06 00 00 00 00 00 00 71 7B 2F 55;HEX;
232;R;13:36:18:640;1F 16 01 24 00 01 00 13 37 01 10 02 80 00 02 00 02 80 00 03 00 02 80 00 04 7D 82 81 00 05 00 02 80 00 06 00 02 80 00 07 10 02 80 00 08 10 02 80 00 09 10 02 80 00 0A 10 02 80 00 0B 10 02 80 00 14 04 19 00 00 00 19 06 00 00 00 00 00 00 71 7B 2F 55;HEX;
233;R;13:36:19:656;1F 16 01 24 00 01 00 13 37 01 10 02 80 00 02 00 02 80 00 03 00 02 80 00 04 7D 82 81 00 05 00 02 80 00 06 00 02 80 00 07 10 02 80 00 08 10 02 80 00 09 10 02 80 00 0A 10 02 80 00 0B 10 02 80 00 14 04 19 00 00 00 19 06 00 00 00 00 00 00 71 7B 2F 55;HEX;
234;R;13:36:20:656;1F 16 01 24 00 01 00 13 37 01 10 02 80 00 02 00 02 80 00 03 00 02 80 00 04 7D 82 81 00 05 00 02 80 00 06 00 02 80 00 07 10 02 80 00 08 10 02 80 00 09 10 02 80 00 0A 10 02 80 00 0B 10 02 80 00 14 04 19 00 00 00 19 06 00 00 00 00 00 00 71 7B 2F 55;HEX;
235;R;13:36:21:671;1F 16 01 24 00 01 00 13 37 01 10 02 80 00 02 00 02 80 00 03 00 02 80 00 04 7D 82 81 00 05 00 02 80 00 06 00 02 80 00 07 10 02 80 00 08 10 02 80 00 09 10 02 80 00 0A 10 02 80 00 0B 10 02 80 00 14 04 19 00 00 00 19 06 00 00 00 00 00 00 71 7B 2F 55;HEX;
236;R;13:36:22:671;1F 16 01 24 00 01 00 13 37 01 10 02 80 00 02 00 02 80 00 03 00 02 80 00 04 7D 82 81 00 05 00 02 80 00 06 00 02 80 00 07 10 02 80 00 08 10 02 80 00 09 10 02 80 00 0A 10 02 80 00 0B 10 02 80 00 14 04 19 00 00 00 19 06 00 00 00 00 00 00 71 7B 2F 55;HEX;
237;R;13:36:23:687;1F 16 01 24 00 01 00 13 37 01 10 02 80 00 02 00 02 80 00 03 00 02 80 00 04 7D 82 81 00 05 00 02 80 00 06 00 02 80 00 07 10 02 80 00 08 10 02 80 00 09 10 02 80 00 0A 10 02 80 00 0B 10 02 80 00 14 04 19 00 00 00 19 06 00 00 00 00 00 00 71 7B 2F 55;HEX;
238;R;13:36:24:687;1F 16 01 24 00 01 00 13 37 01 10 02 80 00 02 00 02 80 00 03 00 02 80 00 04 7D 82 81 00 05 00 02 80 00 06 00 02 80 00 07 10 02 80 00 08 10 02 80 00 09 10 02 80 00 0A 10 02 80 00 0B 10 02 80 00 14 04 19 00 00 00 19 06 00 00 00 00 00 00 71 7B 2F 55;HEX;
239;R;13:36:25:703;1F 16 01 24 00 01 00 13 37 01 10 02 80 00 02 00 02 80 00 03 00 02 80 00 04 7D 82 81 00 05 00 02 80 00 06 00 02 80 00 07 10 02 80 00 08 10 02 80 00 09 10 02 80 00 0A 10 02 80 00 0B 10 02 80 00 14 04 19 00 00 00 19 06 00 00 00 00 00 00 71 7B 2F 55;HEX;
240;R;13:36:26:703;1F 16 01 24 00 01 00 13 37 01 10 02 80 00 02 00 02 80 00 03 00 02 80 00 04 7D 82 81 00 05 00 02 80 00 06 00 02 80 00 07 10 02 80 00 08 10 02 80 00 09 10 02 80 00 0A 10 02 80 00 0B 10 02 80 00 14 04 19 00 00 00 19 06 00 00 00 00 00 00 71 7B 2F 55;HEX;
241;R;13:36:27:718;1F 16 01 24 00 01 00 13 37 01 10 02 80 00 02 00 02 80 00 03 00 02 80 00 04 7D 82 81 00 05 00 02 80 00 06 00 02 80 00 07 10 02 80 00 08 10 02 80 00 09 10 02 80 00 0A 10 02 80 00 0B 10 02 80 00 14 04 19 00 00 00 19 06 00 00 00 00 00 00 71 7B 2F 55;HEX;
242;R;13:36:28:718;1F 16 01 24 00 01 00 13 37 01 10 02 80 00 02 00 02 80 00 03 00 02 80 00 04 7D 82 81 00 05 00 02 80 00 06 00 02 80 00 07 10 02 80 00 08 10 02 80 00 09 10 02 80 00 0A 10 02 80 00 0B 10 02 80 00 14 04 19 00 00 00 19 06 00 00 00 00 00 00 71 7B 2F 55;HEX;
243;R;13:36:29:734;1F 16 01 24 00 01 00 13 37 01 10 02 80 00 02 00 02 80 00 03 00 02 80 00 04 7D 82 81 00 05 00 02 80 00 06 00 02 80 00 07 10 02 80 00 08 10 02 80 00 09 10 02 80 00 0A 10 02 80 00 0B 10 02 80 00 14 04 19 00 00 00 19 06 00 00 00 00 00 00 71 7B 2F 55;HEX;
244;R;13:36:30:734;1F 16 01 24 00 01 00 13 37 01 10 02 80 00 02 00 02 80 00 03 00 02 80 00 04 7D 82 81 00 05 00 02 80 00 06 00 02 80 00 07 10 02 80 00 08 10 02 80 00 09 10 02 80 00 0A 10 02 80 00 0B 10 02 80 00 14 04 19 00 00 00 19 06 00 00 00 00 00 00 71 7B 2F 55;HEX;
245;R;13:36:31:750;1F 16 01 24 00 01 00 13 37 01 10 02 80 00 02 00 02 80 00 03 00 02 80 00 04 7D 82 81 00 05 00 02 80 00 06 00 02 80 00 07 10 02 80 00 08 10 02 80 00 09 10 02 80 00 0A 10 02 80 00 0B 10 02 80 00 14 04 19 00 00 00 19 06 00 00 00 00 00 00 71 7B 2F 55;HEX;
246;R;13:36:32:750;1F 16 01 24 00 01 00 13 37 01 10 02 80 00 02 00 02 80 00 03 00 02 80 00 04 7D 82 81 00 05 00 02 80 00 06 00 02 80 00 07 10 02 80 00 08 10 02 80 00 09 10 02 80 00 0A 10 02 80 00 0B 10 02 80 00 14 04 19 00 00 00 19 06 00 00 00 00 00 00 71 7B 2F 55;HEX;
247;R;13:36:33:765;1F 16 01 24 00 01 00 13 37 01 10 02 80 00 02 00 02 80 00 03 00 02 80 00 04 7D 82 81 00 05 00 02 80 00 06 00 02 80 00 07 10 02 80 00 08 10 02 80 00 09 10 02 80 00 0A 10 02 80 00 0B 10 02 80 00 14 04 19 00 00 00 19 06 00 00 00 00 00 00 71 7B 2F 55;HEX;
248;R;13:36:34:765;1F 16 01 24 00 01 00 13 37 01 10 02 80 00 02 00 02 80 00 03 00 02 80 00 04 7D 82 81 00 05 00 02 80 00 06 00 02 80 00 07 10 02 80 00 08 10 02 80 00 09 10 02 80 00 0A 10 02 80 00 0B 10 02 80 00 14 04 19 00 00 00 19 06 00 00 00 00 00 00 71 7B 2F 55;HEX;
249;R;13:36:35:796;1F 16 01 24 00 01 00 13 37 01 10 02 80 00 02 00 02 80 00 03 00 02 80 00 04 7D 82 81 00 05 00 02 80 00 06 00 02 80 00 07 10 02 80 00 08 10 02 80 00 09 10 02 80 00 0A 10 02 80 00 0B 10 02 80 00 14 04 19 00 00 00 19 06 00 00 00 00 00 00 71 7B 2F 55;HEX;
250;R;13:36:36:796;1F 16 01 24 00 01 00 13 37 01 10 02 80 00 02 00 02 80 00 03 00 02 80 00 04 7D 82 81 00 05 00 02 80 00 06 00 02 80 00 07 10 02 80 00 08 10 02 80 00 09 10 02 80 00 0A 10 02 80 00 0B 10 02 80 00 14 04 19 00 00 00 19 06 00 00 00 00 00 00 71 7B 2F 55;HEX;
251;R;13:36:37:812;1F 16 01 24 00 01 00 13 37 01 10 02 80 00 02 00 02 80 00 03 00 02 80 00 04 7D 82 81 00 05 00 02 80 00 06 00 02 80 00 07 10 02 80 00 08 10 02 80 00 09 10 02 80 00 0A 10 02 80 00 0B 10 02 80 00 14 04 19 00 00 00 19 06 00 00 00 00 00 00 71 7B 2F 55;HEX;
252;R;13:36:38:812;1F 16 01 24 00 01 00 13 37 01 10 02 80 00 02 00 02 80 00 03 00 02 80 00 04 7D 82 81 00 05 00 02 80 00 06 00 02 80 00 07 10 02 80 00 08 10 02 80 00 09 10 02 80 00 0A 10 02 80 00 0B 10 02 80 00 14 04 19 00 00 00 19 06 00 00 00 00 00 00 71 7B 2F 55;HEX;
253;R;13:36:39:828;1F 16 01 24 00 01 00 13 37 01 10 02 80 00 02 00 02 80 00 03 00 02 80 00 04 7D 82 81 00 05 00 02 80 00 06 00 02 80 00 07 10 02 80 00 08 10 02 80 00 09 10 02 80 00 0A 10 02 80 00 0B 10 02 80 00 14 04 19 00 00 00 19 06 00 00 00 00 00 00 71 7B 2F 55;HEX;
254;R;13:36:40:828;1F 16 01 24 00 01 00 13 37 01 10 02 80 00 02 00 02 80 00 03 00 02 80 00 04 7D 82 81 00 05 00 02 80 00 06 00 02 80 00 07 10 02 80 00 08 10 02 80 00 09 10 02 80 00 0A 10 02 80 00 0B 10 02 80 00 14 04 19 00 00 00 19 06 00 00 00 00 00 00 71 7B 2F 55;HEX;
255;R;13:36:41:843;1F 16 01 24 00 01 00 13 37 01 10 02 80 00 02 00 02 80 00 03 00 02 80 00 04 7D 82 81 00 05 00 02 80 00 06 00 02 80 00 07 10 02 80 00 08 10 02 80 00 09 10 02 80 00 0A 10 02 80 00 0B 10 02 80 00 14 04 19 00 00 00 19 06 00 00 00 00 00 00 71 7B 2F 55;HEX;
256;R;13:36:42:843;1F 16 01 24 00 01 00 13 37 01 10 02 80 00 02 00 02 80 00 03 00 02 80 00 04 7D 82 81 00 05 00 02 80 00 06 00 02 80 00 07 10 02 80 00 08 10 02 80 00 09 10 02 80 00 0A 10 02 80 00 0B 10 02 80 00 14 04 19 00 00 00 19 06 00 00 00 00 00 00 71 7B 2F 55;HEX;
257;R;13:36:43:859;1F 16 01 24 00 01 00 13 37 01 10 02 80 00 02 00 02 80 00 03 00 02 80 00 04 7D 82 81 00 05 00 02 80 00 06 00 02 80 00 07 10 02 80 00 08 10 02 80 00 09 10 02 80 00 0A 10 02 80 00 0B 10 02 80 00 14 04 19 00 00 00 19 06 00 00 00 00 00 00 71 7B 2F 55;HEX;
258;R;13:36:44:859;1F 16 01 24 00 01 00 13 37 01 10 02 80 00 02 00 02 80 00 03 00 02 80 00 04 7D 82 81 00 05 00 02 80 00 06 00 02 80 00 07 10 02 80 00 08 10 02 80 00 09 10 02 80 00 0A 10 02 80 00 0B 10 02 80 00 14 04 19 00 00 00 19 06 00 00 00 00 00 00 71 7B 2F 55;HEX;
259;R;13:36:45:875;1F 16 01 24 00 01 00 13 37 01 10 02 80 00 02 00 02 80 00 03 00 02 80 00 04 7D 82 84 00 05 00 02 80 00 06 00 02 80 00 07 10 02 80 00 08 10 02 80 00 09 10 02 80 00 0A 10 02 80 00 0B 10 02 80 00 14 04 19 00 00 00 19 06 00 00 00 00 00 00 EF 3E 2F 55;HEX;
260;R;13:36:46:875;1F 16 01 24 00 01 00 13 37 01 10 02 80 00 02 00 02 80 00 03 00 02 80 00 04 7D 82 84 00 05 00 02 80 00 06 00 02 80 00 07 10 02 80 00 08 10 02 80 00 09 10 02 80 00 0A 10 02 80 00 0B 10 02 80 00 14 04 18 00 00 00 19 06 00 00 00 00 00 00 9A 3D 2F 55;HEX;
261;R;13:36:47:890;1F 16 01 24 00 01 00 13 37 01 10 02 80 00 02 00 02 80 00 03 00 02 80 00 04 7D 82 84 00 05 00 02 80 00 06 00 02 80 00 07 10 02 80 00 08 10 02 80 00 09 10 02 80 00 0A 10 02 80 00 0B 10 02 80 00 14 04 18 00 00 00 19 06 00 00 00 00 00 00 9A 3D 2F 55;HEX;
262;R;13:36:48:890;1F 16 01 24 00 01 00 13 37 01 10 02 80 00 02 00 02 80 00 03 00 02 80 00 04 7D 82 84 00 05 00 02 80 00 06 00 02 80 00 07 10 02 80 00 08 10 02 80 00 09 10 02 80 00 0A 10 02 80 00 0B 10 02 80 00 14 04 18 00 00 00 19 06 00 00 00 00 00 00 9A 3D 2F 55;HEX;
263;R;13:36:49:906;1F 16 01 24 00 01 00 13 37 01 10 02 80 00 02 00 02 80 00 03 00 02 80 00 04 7D 82 84 00 05 00 02 80 00 06 00 02 80 00 07 10 02 80 00 08 10 02 80 00 09 10 02 80 00 0A 10 02 80 00 0B 10 02 80 00 14 04 18 00 00 00 19 06 00 00 00 00 00 00 9A 3D 2F 55;HEX;
264;R;13:36:50:906;1F 16 01 24 00 01 00 13 37 01 10 02 80 00 02 00 02 80 00 03 00 02 80 00 04 7D 82 84 00 05 00 02 80 00 06 00 02 80 00 07 10 02 80 00 08 10 02 80 00 09 10 02 80 00 0A 10 02 80 00 0B 10 02 80 00 14 04 18 00 00 00 19 06 00 00 00 00 00 00 9A 3D 2F 55;HEX;
265;R;13:36:51:921;1F 16 01 24 00 01 00 13 37 01 10 02 80 00 02 00 02 80 00 03 00 02 80 00 04 7D 82 84 00 05 00 02 80 00 06 00 02 80 00 07 10 02 80 00 08 10 02 80 00 09 10 02 80 00 0A 10 02 80 00 0B 10 02 80 00 14 04 18 00 00 00 19 06 00 00 00 00 00 00 9A 3D 2F 55;HEX;
266;R;13:36:52:921;1F 16 01 24 00 01 00 13 37 01 10 02 80 00 02 00 02 80 00 03 00 02 80 00 04 7D 82 84 00 05 00 02 80 00 06 00 02 80 00 07 10 02 80 00 08 10 02 80 00 09 10 02 80 00 0A 10 02 80 00 0B 10 02 80 00 14 04 18 00 00 00 19 06 00 00 00 00 00 00 9A 3D 2F 55;HEX;
267;R;13:36:53:937;1F 16 01 24 00 01 00 13 37 01 10 02 80 00 02 00 02 80 00 03 00 02 80 00 04 7D 82 84 00 05 00 02 80 00 06 00 02 80 00 07 10 02 80 00 08 10 02 80 00 09 10 02 80 00 0A 10 02 80 00 0B 10 02 80 00 14 04 18 00 00 00 19 06 00 00 00 00 00 00 9A 3D 2F 55;HEX;
268;R;13:36:54:937;1F 16 01 24 00 01 00 13 37 01 10 02 80 00 02 00 02 80 00 03 00 02 80 00 04 7D 82 84 00 05 00 02 80 00 06 00 02 80 00 07 10 02 80 00 08 10 02 80 00 09 10 02 80 00 0A 10 02 80 00 0B 10 02 80 00 14 04 18 00 00 00 19 06 00 00 00 00 00 00 9A 3D 2F 55;HEX;
269;R;13:36:55:953;1F 16 01 24 00 01 00 13 37 01 10 02 80 00 02 00 02 80 00 03 00 02 80 00 04 7D 82 85 00 05 00 02 80 00 06 00 02 80 00 07 10 02 80 00 08 10 02 80 00 09 10 02 80 00 0A 10 02 80 00 0B 10 02 80 00 14 04 18 00 00 00 19 06 00 00 00 00 00 00 E9 79 2F 55;HEX;
270;R;13:36:56:953;1F 16 01 24 00 01 00 13 37 01 10 02 80 00 02 00 02 80 00 03 00 02 80 00 04 7D 82 85 00 05 00 02 80 00 06 00 02 80 00 07 10 02 80 00 08 10 02 80 00 09 10 02 80 00 0A 10 02 80 00 0B 10 02 80 00 14 04 10 00 00 00 19 06 00 00 00 00 00 00 41 62 2F 55;HEX;
271;R;13:36:57:968;1F 16 01 24 00 01 00 13 37 01 10 02 80 00 02 00 02 80 00 03 00 02 80 00 04 7D 82 85 00 05 00 02 80 00 06 00 02 80 00 07 10 02 80 00 08 10 02 80 00 09 10 02 80 00 0A 10 02 80 00 0B 10 02 80 00 14 04 10 00 00 00 19 06 00 00 00 00 00 00 41 62 2F 55;HEX;
272;R;13:36:58:968;1F 16 01 24 00 01 00 13 37 01 10 02 80 00 02 00 02 80 00 03 00 02 80 00 04 7D 82 85 00 05 00 02 80 00 06 00 02 80 00 07 10 02 80 00 08 10 02 80 00 09 10 02 80 00 0A 10 02 80 00 0B 10 02 80 00 14 04 10 00 00 00 19 06 00 00 00 00 00 00 41 62 2F 55;HEX;
273;R;13:36:59:984;1F 16 01 24 00 01 00 13 37 01 10 02 80 00 02 00 02 80 00 03 00 02 80 00 04 7D 82 85 00 05 00 02 80 00 06 00 02 80 00 07 10 02 80 00 08 10 02 80 00 09 10 02 80 00 0A 10 02 80 00 0B 10 02 80 00 14 04 10 00 00 00 19 06 00 00 00 00 00 00 41 62 2F 55;HEX;
274;R;13:37:00:984;1F 16 01 24 00 01 00 13 37 01 10 02 80 00 02 00 02 80 00 03 00 02 80 00 04 7D 82 85 00 05 00 02 80 00 06 00 02 80 00 07 10 02 80 00 08 10 02 80 00 09 10 02 80 00 0A 10 02 80 00 0B 10 02 80 00 14 04 10 00 00 00 19 06 00 00 00 00 00 00 41 62 2F 55;HEX;
275;R;13:37:02:000;1F 16 01 24 00 01 00 13 37 01 10 02 80 00 02 00 02 80 00 03 00 02 80 00 04 7D 82 85 00 05 00 02 80 00 06 00 02 80 00 07 10 02 80 00 08 10 02 80 00 09 10 02 80 00 0A 10 02 80 00 0B 10 02 80 00 14 04 10 00 00 00 19 06 00 00 00 00 00 00 41 62 2F 55;HEX;
276;R;13:37:03:000;1F 16 01 24 00 01 00 13 37 01 10 02 80 00 02 00 02 80 00 03 00 02 80 00 04 7D 82 85 00 05 00 02 80 00 06 00 02 80 00 07 10 02 80 00 08 10 02 80 00 09 10 02 80 00 0A 10 02 80 00 0B 10 02 80 00 14 04 10 00 00 00 19 06 00 00 00 00 00 00 41 62 2F 55;HEX;
277;R;13:37:04:015;1F 16 01 24 00 01 00 13 37 01 10 02 80 00 02 00 02 80 00 03 00 02 80 00 04 7D 82 85 00 05 00 02 80 00 06 00 02 80 00 07 10 02 80 00 08 10 02 80 00 09 10 02 80 00 0A 10 02 80 00 0B 10 02 80 00 14 04 10 00 00 00 19 06 00 00 00 00 00 00 41 62 2F 55;HEX;
278;R;13:37:05:015;1F 16 01 24 00 01 00 13 37 01 10 02 80 00 02 00 02 80 00 03 00 02 80 00 04 7D 82 85 00 05 00 02 80 00 06 00 02 80 00 07 10 02 80 00 08 10 02 80 00 09 10 02 80 00 0A 10 02 80 00 0B 10 02 80 00 14 04 10 00 00 00 19 06 00 00 00 00 00 00 41 62 2F 55;HEX;
279;R;13:37:06:031;1F 16 01 24 00 01 00 13 37 01 10 02 80 00 02 00 02 80 00 03 00 02 80 00 04 7D 82 85 00 05 00 02 80 00 06 00 02 80 00 07 10 02 80 00 08 10 02 80 00 09 10 02 80 00 0A 10 02 80 00 0B 10 02 80 00 14 04 10 00 00 00 19 06 81 20 00 00 00 00 75 FB 2F 55;HEX;
280;R;13:37:07:031;1F 16 01 24 00 01 00 13 37 01 10 02 80 00 02 00 02 80 00 03 00 02 80 00 04 7D 82 85 00 05 00 02 80 00 06 00 02 80 00 07 10 02 80 00 08 10 02 80 00 09 10 02 80 00 0A 10 02 80 00 0B 10 02 80 00 14 04 10 00 00 00 19 06 81 20 00 00 00 00 75 FB 2F 55;HEX;
281;R;13:37:08:046;1F 16 01 24 00 01 00 13 37 01 10 02 80 00 02 00 02 80 00 03 00 02 80 00 04 7D 82 85 00 05 00 02 80 00 06 00 02 80 00 07 10 02 80 00 08 10 02 80 00 09 10 02 80 00 0A 10 02 80 00 0B 10 02 80 00 14 04 10 00 00 00 19 06 81 20 00 00 00 00 75 FB 2F 55;HEX;
282;R;13:37:09:046;1F 16 01 24 00 01 00 13 37 01 10 02 80 00 02 00 02 80 00 03 00 02 80 00 04 7D 82 85 00 05 00 02 80 00 06 00 02 80 00 07 10 02 80 00 08 10 02 80 00 09 10 02 80 00 0A 10 02 80 00 0B 10 02 80 00 14 04 10 00 00 00 19 06 00 00 00 00 00 00 41 62 2F 55;HEX;
283;R;13:37:10:062;1F 16 01 24 00 01 00 13 37 01 10 02 80 00 02 00 02 80 00 03 00 02 80 00 04 7D 82 85 00 05 00 02 80 00 06 00 02 80 00 07 10 02 80 00 08 10 02 80 00 09 10 02 80 00 0A 10 02 80 00 0B 10 02 80 00 14 04 10 00 00 00 19 06 00 00 00 00 00 00 41 62 2F 55;HEX;
284;R;13:37:11:062;1F 16 01 24 00 01 00 13 37 01 10 02 80 00 02 00 02 80 00 03 00 02 80 00 04 7D 82 85 00 05 00 02 80 00 06 00 02 80 00 07 10 02 80 00 08 10 02 80 00 09 10 02 80 00 0A 10 02 80 00 0B 10 02 80 00 14 04 10 00 00 00 19 06 00 00 00 00 00 00 41 62 2F 55;HEX;
285;R;13:37:12:078;1F 16 01 24 00 01 00 13 37 01 10 02 80 00 02 00 02 80 00 03 00 02 80 00 04 7D 82 85 00 05 00 02 80 00 06 00 02 80 00 07 10 02 80 00 08 10 02 80 00 09 10 02 80 00 0A 10 02 80 00 0B 10 02 80 00 14 04 10 00 00 00 19 06 00 00 00 00 00 00 41 62 2F 55;HEX;
286;R;13:37:13:078;1F 16 01 24 00 01 00 13 37 01 10 02 80 00 02 00 02 80 00 03 00 02 80 00 04 7D 82 85 00 05 00 02 80 00 06 00 02 80 00 07 10 02 80 00 08 10 02 80 00 09 10 02 80 00 0A 10 02 80 00 0B 10 02 80 00 14 04 10 00 00 00 19 06 00 00 00 00 00 00 41 62 2F 55;HEX;
287;R;13:37:14:093;1F 16 01 24 00 01 00 13 37 01 10 02 80 00 02 00 02 80 00 03 00 02 80 00 04 7D 82 85 00 05 00 02 80 00 06 00 02 80 00 07 10 02 80 00 08 10 02 80 00 09 10 02 80 00 0A 10 02 80 00 0B 10 02 80 00 14 04 10 00 00 00 19 06 00 00 00 00 00 00 41 62 2F 55;HEX;
288;R;13:37:15:093;1F 16 01 24 00 01 00 13 37 01 10 02 80 00 02 00 02 80 00 03 00 02 80 00 04 7D 82 85 00 05 00 02 80 00 06 00 02 80 00 07 10 02 80 00 08 10 02 80 00 09 10 02 80 00 0A 10 02 80 00 0B 10 02 80 00 14 04 10 00 00 00 19 06 00 00 00 00 00 00 41 62 2F 55;HEX;
289;R;13:37:16:109;1F 16 01 24 00 01 00 13 37 01 10 02 80 00 02 00 02 80 00 03 00 02 80 00 04 7D 82 85 00 05 00 02 80 00 06 00 02 80 00 07 10 02 80 00 08 10 02 80 00 09 10 02 80 00 0A 10 02 80 00 0B 10 02 80 00 14 04 10 00 00 00 19 06 00 00 00 00 00 00 41 62 2F 55;HEX;
290;R;13:37:17:109;1F 16 01 24 00 01 00 13 37 01 10 02 80 00 02 00 02 80 00 03 00 02 80 00 04 7D 82 85 00 05 00 02 80 00 06 00 02 80 00 07 10 02 80 00 08 10 02 80 00 09 10 02 80 00 0A 10 02 80 00 0B 10 02 80 00 14 04 10 00 00 00 19 06 00 00 00 00 00 00 41 62 2F 55;HEX;
291;R;13:37:18:125;1F 16 01 24 00 01 00 13 37 01 10 02 80 00 02 00 02 80 00 03 00 02 80 00 04 7D 82 85 00 05 00 02 80 00 06 00 02 80 00 07 10 02 80 00 08 10 02 80 00 09 10 02 80 00 0A 10 02 80 00 0B 10 02 80 00 14 04 10 00 00 00 19 06 00 00 00 00 00 00 41 62 2F 55;HEX;
292;R;13:37:19:125;1F 16 01 24 00 01 00 13 37 01 10 02 80 00 02 00 02 80 00 03 00 02 80 00 04 7D 82 85 00 05 00 02 80 00 06 00 02 80 00 07 10 02 80 00 08 10 02 80 00 09 10 02 80 00 0A 10 02 80 00 0B 10 02 80 00 14 04 10 00 00 00 19 06 00 00 00 00 00 00 41 62 2F 55;HEX;
293;R;13:37:20:140;1F 16 01 24 00 01 00 13 37 01 10 02 80 00 02 00 02 80 00 03 00 02 80 00 04 7D 82 85 00 05 00 02 80 00 06 00 02 80 00 07 10 02 80 00 08 10 02 80 00 09 10 02 80 00 0A 10 02 80 00 0B 10 02 80 00 14 04 10 00 00 00 19 06 00 00 00 00 00 00 41 62 2F 55;HEX;
294;R;13:37:21:140;1F 16 01 24 00 01 00 13 37 01 10 02 80 00 02 00 02 80 00 03 00 02 80 00 04 7D 82 85 00 05 00 02 80 00 06 00 02 80 00 07 10 02 80 00 08 10 02 80 00 09 10 02 80 00 0A 10 02 80 00 0B 10 02 80 00 14 04 10 00 00 00 19 06 00 00 00 00 00 00 41 62 2F 55;HEX;
295;R;13:37:22:156;1F 16 01 24 00 01 00 13 37 01 10 02 80 00 02 00 02 80 00 03 00 02 80 00 04 7D 82 85 00 05 00 02 80 00 06 00 02 80 00 07 10 02 80 00 08 10 02 80 00 09 10 02 80 00 0A 10 02 80 00 0B 10 02 80 00 14 04 10 00 00 00 19 06 00 00 00 00 00 00 41 62 2F 55;HEX;
296;R;13:37:23:156;1F 16 01 24 00 01 00 13 37 01 10 02 80 00 02 00 02 80 00 03 00 02 80 00 04 7D 82 85 00 05 00 02 80 00 06 00 02 80 00 07 10 02 80 00 08 10 02 80 00 09 10 02 80 00 0A 10 02 80 00 0B 10 02 80 00 14 04 10 00 00 00 19 06 00 00 00 00 00 00 41 62 2F 55;HEX;
297;R;13:37:24:171;1F 16 01 24 00 01 00 13 37 01 10 02 80 00 02 00 02 80 00 03 00 02 80 00 04 7D 82 85 00 05 00 02 80 00 06 00 02 80 00 07 10 02 80 00 08 10 02 80 00 09 10 02 80 00 0A 10 02 80 00 0B 10 02 80 00 14 04 10 00 00 00 19 06 00 00 00 00 00 00 41 62 2F 55;HEX;
298;R;13:37:25:171;1F 16 01 24 00 01 00 13 37 01 10 02 80 00 02 00 02 80 00 03 00 02 80 00 04 7D 82 85 00 05 00 02 80 00 06 00 02 80 00 07 10 02 80 00 08 10 02 80 00 09 10 02 80 00 0A 10 02 80 00 0B 10 02 80 00 14 04 10 00 00 00 19 06 00 00 00 00 00 00 41 62 2F 55;HEX;
299;R;13:37:26:187;1F 16 01 24 00 01 00 13 37 01 10 02 80 00 02 00 02 80 00 03 00 02 80 00 04 7D 82 85 00 05 00 02 80 00 06 00 02 80 00 07 10 02 80 00 08 10 02 80 00 09 10 02 80 00 0A 10 02 80 00 0B 10 02 80 00 14 04 10 00 00 00 19 06 00 00 00 00 00 00 41 62 2F 55;HEX;
300;R;13:37:27:187;1F 16 01 24 00 01 00 13 37 01 10 02 80 00 02 00 02 80 00 03 00 02 80 00 04 7D 82 85 00 05 00 02 80 00 06 00 02 80 00 07 10 02 80 00 08 10 02 80 00 09 10 02 80 00 0A 10 02 80 00 0B 10 02 80 00 14 04 10 00 00 00 19 06 00 00 00 00 00 00 41 62 2F 55;HEX;
301;R;13:37:28:203;1F 16 01 24 00 01 00 13 37 01 10 02 80 00 02 00 02 80 00 03 00 02 80 00 04 7D 82 85 00 05 00 02 80 00 06 00 02 80 00 07 10 02 80 00 08 10 02 80 00 09 10 02 80 00 0A 10 02 80 00 0B 10 02 80 00 14 04 10 00 00 00 19 06 00 00 00 00 00 00 41 62 2F 55;HEX;
302;R;13:37:29:203;1F 16 01 24 00 01 00 13 37 01 10 02 80 00 02 00 02 80 00 03 00 02 80 00 04 7D 82 85 00 05 00 02 80 00 06 00 02 80 00 07 10 02 80 00 08 10 02 80 00 09 10 02 80 00 0A 10 02 80 00 0B 10 02 80 00 14 04 10 00 00 00 19 06 00 00 00 00 00 00 41 62 2F 55;HEX;
303;R;13:37:30:218;1F 16 01 24 00 01 00 13 37 01 10 02 80 00 02 00 02 80 00 03 00 02 80 00 04 7D 82 85 00 05 00 02 80 00 06 00 02 80 00 07 10 02 80 00 08 10 02 80 00 09 10 02 80 00 0A 10 02 80 00 0B 10 02 80 00 14 04 10 00 00 00 19 06 00 00 00 00 00 00 41 62 2F 55;HEX;
304;R;13:37:31:218;1F 16 01 24 00 01 00 13 37 01 10 02 80 00 02 00 02 80 00 03 00 02 80 00 04 7D 82 85 00 05 00 02 80 00 06 00 02 80 00 07 10 02 80 00 08 10 02 80 00 09 10 02 80 00 0A 10 02 80 00 0B 10 02 80 00 14 04 10 00 00 00 19 06 00 00 00 00 00 00 41 62 2F 55;HEX;
305;R;13:37:32:234;1F 16 01 24 00 01 00 13 37 01 10 02 80 00 02 00 02 80 00 03 00 02 80 00 04 7D 82 85 00 05 00 02 80 00 06 00 02 80 00 07 10 02 80 00 08 10 02 80 00 09 10 02 80 00 0A 10 02 80 00 0B 10 02 80 00 14 04 10 00 00 00 19 06 00 00 00 00 00 00 41 62 2F 55;HEX;
306;R;13:37:33:234;1F 16 01 24 00 01 00 13 37 01 10 02 80 00 02 00 02 80 00 03 00 02 80 00 04 7D 82 85 00 05 00 02 80 00 06 00 02 80 00 07 10 02 80 00 08 10 02 80 00 09 10 02 80 00 0A 10 02 80 00 0B 10 02 80 00 14 04 10 00 00 00 19 06 00 00 00 00 00 00 41 62 2F 55;HEX;
307;R;13:37:34:250;1F 16 01 24 00 01 00 13 37 01 10 02 80 00 02 00 02 80 00 03 00 02 80 00 04 7D 82 85 00 05 00 02 80 00 06 00 02 80 00 07 10 02 80 00 08 10 02 80 00 09 10 02 80 00 0A 10 02 80 00 0B 10 02 80 00 14 04 10 00 00 00 19 06 00 00 00 00 00 00 41 62 2F 55;HEX;
308;R;13:37:35:250;1F 16 01 24 00 01 00 13 37 01 10 02 80 00 02 00 02 80 00 03 00 02 80 00 04 7D 82 85 00 05 00 02 80 00 06 00 02 80 00 07 10 02 80 00 08 10 02 80 00 09 10 02 80 00 0A 10 02 80 00 0B 10 02 80 00 14 04 10 00 00 00 19 06 00 00 00 00 00 00 41 62 2F 55;HEX;
309;R;13:37:36:265;1F 16 01 24 00 01 00 13 37 01 10 02 80 00 02 00 02 80 00 03 00 02 80 00 04 7D 82 85 00 05 00 02 80 00 06 00 02 80 00 07 10 02 80 00 08 10 02 80 00 09 10 02 80 00 0A 10 02 80 00 0B 10 02 80 00 14 04 10 00 00 00 19 06 00 00 00 00 00 00 41 62 2F 55;HEX;
310;R;13:37:37:265;1F 16 01 24 00 01 00 13 37 01 10 02 80 00 02 00 02 80 00 03 00 02 80 00 04 7D 82 85 00 05 00 02 80 00 06 00 02 80 00 07 10 02 80 00 08 10 02 80 00 09 10 02 80 00 0A 10 02 80 00 0B 10 02 80 00 14 04 10 00 00 00 19 06 00 00 00 00 00 00 41 62 2F 55;HEX;
311;R;13:37:38:281;1F 16 01 24 00 01 00 13 37 01 10 02 80 00 02 00 02 80 00 03 00 02 80 00 04 7D 82 85 00 05 00 02 80 00 06 00 02 80 00 07 10 02 80 00 08 10 02 80 00 09 10 02 80 00 0A 10 02 80 00 0B 10 02 80 00 14 04 10 00 00 00 19 06 00 00 00 00 00 00 41 62 2F 55;HEX;
312;R;13:37:39:281;1F 16 01 24 00 01 00 13 37 01 10 02 80 00 02 00 02 80 00 03 00 02 80 00 04 7D 82 85 00 05 00 02 80 00 06 00 02 80 00 07 10 02 80 00 08 10 02 80 00 09 10 02 80 00 0A 10 02 80 00 0B 10 02 80 00 14 04 10 00 00 00 19 06 00 00 00 00 00 00 41 62 2F 55;HEX;
313;R;13:37:40:296;1F 16 01 24 00 01 00 13 37 01 10 02 80 00 02 00 02 80 00 03 00 02 80 00 04 7D 82 85 00 05 00 02 80 00 06 00 02 80 00 07 10 02 80 00 08 10 02 80 00 09 10 02 80 00 0A 10 02 80 00 0B 10 02 80 00 14 04 10 00 00 00 19 06 00 00 00 00 00 00 41 62 2F 55;HEX;
314;R;13:37:41:296;1F 16 01 24 00 01 00 13 37 01 10 02 80 00 02 00 02 80 00 03 00 02 80 00 04 7D 82 85 00 05 00 02 80 00 06 00 02 80 00 07 10 02 80 00 08 10 02 80 00 09 10 02 80 00 0A 10 02 80 00 0B 10 02 80 00 14 04 10 00 00 00 19 06 00 00 00 00 00 00 41 62 2F 55;HEX;
315;R;13:37:42:312;1F 16 01 24 00 01 00 13 37 01 10 02 80 00 02 00 02 80 00 03 00 02 80 00 04 7E 82 80 00 05 00 02 80 00 06 00 02 80 00 07 10 02 80 00 08 10 02 80 00 09 10 02 80 00 0A 10 02 80 00 0B 10 02 80 00 14 04 10 00 00 00 19 06 00 00 00 00 00 00 FA A7 2F 55;HEX;
316;R;13:37:43:312;1F 16 01 24 00 01 00 13 37 01 10 02 80 00 02 00 02 80 00 03 00 02 80 00 04 7E 82 80 00 05 00 02 80 00 06 00 02 80 00 07 10 02 80 00 08 10 02 80 00 09 10 02 80 00 0A 10 02 80 00 0B 10 02 80 00 14 04 00 00 00 00 19 06 00 00 00 00 00 00 AA 90 2F 55;HEX;
317;R;13:37:44:328;1F 16 01 24 00 01 00 13 37 01 10 02 80 00 02 00 02 80 00 03 00 02 80 00 04 7E 82 80 00 05 00 02 80 00 06 00 02 80 00 07 10 02 80 00 08 10 02 80 00 09 10 02 80 00 0A 10 02 80 00 0B 10 02 80 00 14 04 00 00 00 00 19 06 00 00 00 00 00 00 AA 90 2F 55;HEX;
318;R;13:37:45:328;1F 16 01 24 00 01 00 13 37 01 10 02 80 00 02 00 02 80 00 03 00 02 80 00 04 7E 82 80 00 05 00 02 80 00 06 00 02 80 00 07 10 02 80 00 08 10 02 80 00 09 10 02 80 00 0A 10 02 80 00 0B 10 02 80 00 14 04 00 00 00 00 19 06 00 00 00 00 00 00 AA 90 2F 55;HEX;
319;R;13:37:46:343;1F 16 01 24 00 01 00 13 37 01 10 02 80 00 02 00 02 80 00 03 00 02 80 00 04 7E 82 80 00 05 00 02 80 00 06 00 02 80 00 07 10 02 80 00 08 10 02 80 00 09 10 02 80 00 0A 10 02 80 00 0B 10 02 80 00 14 04 00 00 00 00 19 06 00 00 00 00 00 00 AA 90 2F 55;HEX;
320;R;13:37:47:343;1F 16 01 24 00 01 00 13 37 01 10 02 80 00 02 00 02 80 00 03 00 02 80 00 04 7E 82 80 00 05 00 02 80 00 06 00 02 80 00 07 10 02 80 00 08 10 02 80 00 09 10 02 80 00 0A 10 02 80 00 0B 10 02 80 00 14 04 00 00 00 00 19 06 00 00 00 00 00 00 AA 90 2F 55;HEX;
321;R;13:37:48:359;1F 16 01 24 00 01 00 13 37 01 10 02 80 00 02 00 02 80 00 03 00 02 80 00 04 7E 82 80 00 05 00 02 80 00 06 00 02 80 00 07 10 02 80 00 08 10 02 80 00 09 10 02 80 00 0A 10 02 80 00 0B 10 02 80 00 14 04 00 00 00 00 19 06 00 00 00 00 00 00 AA 90 2F 55;HEX;
322;R;13:37:49:359;1F 16 01 24 00 01 00 13 37 01 10 02 80 00 02 00 02 80 00 03 00 02 80 00 04 7E 82 80 00 05 00 02 80 00 06 00 02 80 00 07 10 02 80 00 08 10 02 80 00 09 10 02 80 00 0A 10 02 80 00 0B 10 02 80 00 14 04 00 00 00 00 19 06 00 00 00 00 00 00 AA 90 2F 55;HEX;
323;R;13:37:50:375;1F 16 01 24 00 01 00 13 37 01 10 02 80 00 02 00 02 80 00 03 00 02 80 00 04 7E 82 80 00 05 00 02 80 00 06 00 02 80 00 07 10 02 80 00 08 10 02 80 00 09 10 02 80 00 0A 10 02 80 00 0B 10 02 80 00 14 04 00 00 00 00 19 06 00 00 00 00 00 00 AA 90 2F 55;HEX;
324;R;13:37:51:375;1F 16 01 24 00 01 00 13 37 01 10 02 80 00 02 00 02 80 00 03 00 02 80 00 04 7E 82 80 00 05 00 02 80 00 06 00 02 80 00 07 10 02 80 00 08 10 02 80 00 09 10 02 80 00 0A 10 02 80 00 0B 10 02 80 00 14 04 00 00 00 00 19 06 00 00 00 00 00 00 AA 90 2F 55;HEX;
325;R;13:37:52:390;1F 16 01 24 00 01 00 13 37 01 10 02 80 00 02 00 02 80 00 03 00 02 80 00 04 7E 82 80 00 05 00 02 80 00 06 00 02 80 00 07 10 02 80 00 08 10 02 80 00 09 10 02 80 00 0A 10 02 80 00 0B 10 02 80 00 14 04 00 00 00 00 19 06 00 00 00 00 00 00 AA 90 2F 55;HEX;
326;R;13:37:53:390;1F 16 01 24 00 01 00 13 37 01 10 02 80 00 02 00 02 80 00 03 00 02 80 00 04 7E 82 80 00 05 00 02 80 00 06 00 02 80 00 07 10 02 80 00 08 10 02 80 00 09 10 02 80 00 0A 10 02 80 00 0B 10 02 80 00 14 04 00 00 00 00 19 06 00 00 00 00 00 00 AA 90 2F 55;HEX;
327;R;13:37:54:406;1F 16 01 24 00 01 00 13 37 01 10 02 80 00 02 00 02 80 00 03 00 02 80 00 04 7E 82 80 00 05 00 02 80 00 06 00 02 80 00 07 10 02 80 00 08 10 02 80 00 09 10 02 80 00 0A 10 02 80 00 0B 10 02 80 00 14 04 00 00 00 00 19 06 00 00 00 00 00 00 AA 90 2F 55;HEX;
328;R;13:37:55:406;1F 16 01 24 00 01 00 13 37 01 10 02 80 00 02 00 02 80 00 03 00 02 80 00 04 7E 82 80 00 05 00 02 80 00 06 00 02 80 00 07 10 02 80 00 08 10 02 80 00 09 10 02 80 00 0A 10 02 80 00 0B 10 02 80 00 14 04 00 00 00 00 19 06 00 00 00 00 00 00 AA 90 2F 55;HEX;
329;R;13:37:56:421;1F 16 01 24 00 01 00 13 37 01 10 02 80 00 02 00 02 80 00 03 00 02 80 00 04 7E 82 80 00 05 00 02 80 00 06 00 02 80 00 07 10 02 80 00 08 10 02 80 00 09 10 02 80 00 0A 10 02 80 00 0B 10 02 80 00 14 04 00 00 00 00 19 06 00 00 00 00 00 00 AA 90 2F 55;HEX;
330;R;13:37:57:421;1F 16 01 24 00 01 00 13 37 01 10 02 80 00 02 00 02 80 00 03 00 02 80 00 04 7E 82 80 00 05 00 02 80 00 06 00 02 80 00 07 10 02 80 00 08 10 02 80 00 09 10 02 80 00 0A 10 02 80 00 0B 10 02 80 00 14 04 00 00 00 00 19 06 00 00 00 00 00 00 AA 90 2F 55;HEX;
331;R;13:37:58:437;1F 16 01 24 00 01 00 13 37 01 10 02 80 00 02 00 02 80 00 03 00 02 80 00 04 7E 82 80 00 05 00 02 80 00 06 00 02 80 00 07 10 02 80 00 08 10 02 80 00 09 10 02 80 00 0A 10 02 80 00 0B 10 02 80 00 14 04 00 00 00 00 19 06 00 00 00 00 00 00 AA 90 2F 55;HEX;
332;R;13:37:59:437;1F 16 01 24 00 01 00 13 37 01 10 02 80 00 02 00 02 80 00 03 00 02 80 00 04 7E 82 80 00 05 00 02 80 00 06 00 02 80 00 07 10 02 80 00 08 10 02 80 00 09 10 02 80 00 0A 10 02 80 00 0B 10 02 80 00 14 04 00 00 00 00 19 06 00 00 00 00 00 00 AA 90 2F 55;HEX;
333;R;13:38:00:453;1F 16 01 24 00 01 00 13 37 01 10 02 80 00 02 00 02 80 00 03 00 02 80 00 04 7E 82 80 00 05 00 02 80 00 06 00 02 80 00 07 10 02 80 00 08 10 02 80 00 09 10 02 80 00 0A 10 02 80 00 0B 10 02 80 00 14 04 00 00 00 00 19 06 00 00 00 00 00 00 AA 90 2F 55;HEX;
334;R;13:38:01:453;1F 16 01 24 00 01 00 13 37 01 10 02 80 00 02 00 02 80 00 03 00 02 80 00 04 7E 82 80 00 05 00 02 80 00 06 00 02 80 00 07 10 02 80 00 08 10 02 80 00 09 10 02 80 00 0A 10 02 80 00 0B 10 02 80 00 14 04 00 00 00 00 19 06 00 00 00 00 00 00 AA 90 2F 55;HEX;
335;R;13:38:02:468;1F 16 01 24 00 01 00 13 37 01 10 02 80 00 02 00 02 80 00 03 00 02 80 00 04 7E 82 80 00 05 00 02 80 00 06 00 02 80 00 07 10 02 80 00 08 10 02 80 00 09 10 02 80 00 0A 10 02 80 00 0B 10 02 80 00 14 04 00 00 00 00 19 06 00 00 00 00 00 00 AA 90 2F 55;HEX;
336;R;13:38:03:468;1F 16 01 24 00 01 00 13 37 01 10 02 80 00 02 00 02 80 00 03 00 02 80 00 04 7E 82 80 00 05 00 02 80 00 06 00 02 80 00 07 10 02 80 00 08 10 02 80 00 09 10 02 80 00 0A 10 02 80 00 0B 10 02 80 00 14 04 00 00 00 00 19 06 00 00 00 00 00 00 AA 90 2F 55;HEX;
337;R;13:38:04:484;1F 16 01 24 00 01 00 13 37 01 10 02 80 00 02 00 02 80 00 03 00 02 80 00 04 7E 82 80 00 05 00 02 80 00 06 00 02 80 00 07 10 02 80 00 08 10 02 80 00 09 10 02 80 00 0A 10 02 80 00 0B 10 02 80 00 14 04 00 00 00 00 19 06 00 00 00 00 00 00 AA 90 2F 55;HEX;
338;R;13:38:05:484;1F 16 01 24 00 01 00 13 37 01 10 02 80 00 02 00 02 80 00 03 00 02 80 00 04 7E 82 80 00 05 00 02 80 00 06 00 02 80 00 07 10 02 80 00 08 10 02 80 00 09 10 02 80 00 0A 10 02 80 00 0B 10 02 80 00 14 04 00 00 00 00 19 06 00 00 00 00 00 00 AA 90 2F 55;HEX;
339;R;13:38:06:500;1F 16 01 24 00 01 00 13 37 01 10 02 80 00 02 00 02 80 00 03 00 02 80 00 04 7E 82 80 00 05 00 02 80 00 06 00 02 80 00 07 10 02 80 00 08 10 02 80 00 09 10 02 80 00 0A 10 02 80 00 0B 10 02 80 00 14 04 00 00 00 00 19 06 00 00 00 00 00 00 AA 90 2F 55;HEX;
340;R;13:38:07:500;1F 16 01 24 00 01 00 13 37 01 10 02 80 00 02 00 02 80 00 03 00 02 80 00 04 7E 82 80 00 05 00 02 80 00 06 00 02 80 00 07 10 02 80 00 08 10 02 80 00 09 10 02 80 00 0A 10 02 80 00 0B 10 02 80 00 14 04 00 00 00 00 19 06 00 00 00 00 00 00 AA 90 2F 55;HEX;
341;R;13:38:08:515;1F 16 01 24 00 01 00 13 37 01 10 02 80 00 02 00 02 80 00 03 00 02 80 00 04 7E 82 80 00 05 00 02 80 00 06 00 02 80 00 07 10 02 80 00 08 10 02 80 00 09 10 02 80 00 0A 10 02 80 00 0B 10 02 80 00 14 04 00 00 00 00 19 06 00 00 00 00 00 00 AA 90 2F 55;HEX;
342;R;13:38:09:515;1F 16 01 24 00 01 00 13 37 01 10 02 80 00 02 00 02 80 00 03 00 02 80 00 04 7E 82 80 00 05 00 02 80 00 06 00 02 80 00 07 10 02 80 00 08 10 02 80 00 09 10 02 80 00 0A 10 02 80 00 0B 10 02 80 00 14 04 00 00 00 00 19 06 00 00 00 00 00 00 AA 90 2F 55;HEX;
343;R;13:38:10:531;1F 16 01 24 00 01 00 13 37 01 10 02 80 00 02 00 02 80 00 03 00 02 80 00 04 7E 82 80 00 05 00 02 80 00 06 00 02 80 00 07 10 02 80 00 08 10 02 80 00 09 10 02 80 00 0A 10 02 80 00 0B 10 02 80 00 14 04 00 00 00 00 19 06 00 00 00 00 00 00 AA 90 2F 55;HEX;
344;R;13:38:11:531;1F 16 01 24 00 01 00 13 37 01 10 02 80 00 02 00 02 80 00 03 00 02 80 00 04 7E 82 80 00 05 00 02 80 00 06 00 02 80 00 07 10 02 80 00 08 10 02 80 00 09 10 02 80 00 0A 10 02 80 00 0B 10 02 80 00 14 04 00 00 00 00 19 06 00 00 00 00 00 00 AA 90 2F 55;HEX;
345;R;13:38:12:546;1F 16 01 24 00 01 00 13 37 01 10 02 80 00 02 00 02 80 00 03 00 02 80 00 04 7E 82 80 00 05 00 02 80 00 06 00 02 80 00 07 10 02 80 00 08 10 02 80 00 09 10 02 80 00 0A 10 02 80 00 0B 10 02 80 00 14 04 00 00 00 00 19 06 00 00 00 00 00 00 AA 90 2F 55;HEX;
346;R;13:38:13:546;1F 16 01 24 00 01 00 13 37 01 10 02 80 00 02 00 02 80 00 03 00 02 80 00 04 7E 82 80 00 05 00 02 80 00 06 00 02 80 00 07 10 02 80 00 08 10 02 80 00 09 10 02 80 00 0A 10 02 80 00 0B 10 02 80 00 14 04 00 00 00 00 19 06 00 00 00 00 00 00 AA 90 2F 55;HEX;
347;R;13:38:14:562;1F 16 01 24 00 01 00 13 37 01 10 02 80 00 02 00 02 80 00 03 00 02 80 00 04 7E 82 80 00 05 00 02 80 00 06 00 02 80 00 07 10 02 80 00 08 10 02 80 00 09 10 02 80 00 0A 10 02 80 00 0B 10 02 80 00 14 04 00 00 00 00 19 06 00 00 00 00 00 00 AA 90 2F 55;HEX;
348;R;13:38:19:421;1F 16 01 24 77 01 00 22 AE 2F 55;HEX;
349;R;13:38:20:453;1F 16 01 24 77 01 00 22 AE 2F 55;HEX;
350;R;13:38:21:453;1F 16 01 24 77 01 00 22 AE 2F 55;HEX;
351;R;13:38:22:468;1F 16 01 24 77 01 00 22 AE 2F 55;HEX;
352;R;13:38:23:468;1F 16 01 24 77 01 00 22 AE 2F 55;HEX;
353;R;13:38:24:484;1F 16 01 24 77 01 00 22 AE 2F 55;HEX;
354;R;13:38:25:484;1F 16 01 24 77 01 00 22 AE 2F 55;HEX;
355;R;13:38:26:500;1F 16 01 24 00 01 00 13 37 01 10 02 80 00 02 10 02 80 00 03 10 02 80 00 04 10 02 80 00 05 10 02 80 00 06 10 02 80 00 07 10 02 80 00 08 10 02 80 00 09 10 02 80 00 0A 10 02 80 00 0B 10 02 80 00 14 04 00 00 00 00 19 06 00 00 00 00 00 00 DA A2 2F 55;HEX;
356;R;13:38:27:500;1F 16 01 24 00 01 00 13 37 01 10 02 80 00 02 10 02 80 00 03 10 02 80 00 04 10 02 80 00 05 10 02 80 00 06 10 02 80 00 07 10 02 80 00 08 10 02 80 00 09 10 02 80 00 0A 10 02 80 00 0B 10 02 80 00 14 04 00 00 00 00 19 06 00 00 00 00 00 00 DA A2 2F 55;HEX;
357;R;13:38:28:515;1F 16 01 24 00 01 00 13 37 01 10 02 80 00 02 10 02 80 00 03 10 02 80 00 04 10 02 80 00 05 10 02 80 00 06 10 02 80 00 07 10 02 80 00 08 10 02 80 00 09 10 02 80 00 0A 10 02 80 00 0B 10 02 80 00 14 04 00 00 00 00 19 06 00 00 00 00 00 00 DA A2 2F 55;HEX;
