#;Тип операции;Время;Сообщение;Вид представления;
0;R;13:44:31:375;1F 16 01 24 00 01 00 13 37 01 10 02 80 00 02 10 02 80 00 03 10 02 80 00 04 10 02 80 00 05 10 02 80 00 06 10 02 80 00 07 10 02 80 00 08 10 02 80 00 09 10 02 80 00 0A 10 02 80 00 0B 10 02 80 00 14 04 00 00 00 00 19 06 00 00 00 00 00 00 DA A2 2F 55;HEX;
1;R;13:44:32:390;1F 16 01 24 00 01 00 13 37 01 10 02 80 00 02 10 02 80 00 03 10 02 80 00 04 10 02 80 00 05 10 02 80 00 06 10 02 80 00 07 10 02 80 00 08 10 02 80 00 09 10 02 80 00 0A 10 02 80 00 0B 10 02 80 00 14 04 00 00 00 00 19 06 00 00 00 00 00 00 DA A2 2F 55;HEX;
2;R;13:44:33:390;1F 16 01 24 00 01 00 13 37 01 10 02 80 00 02 10 02 80 00 03 10 02 80 00 04 10 02 80 00 05 10 02 80 00 06 10 02 80 00 07 10 02 80 00 08 10 02 80 00 09 10 02 80 00 0A 10 02 80 00 0B 10 02 80 00 14 04 00 00 00 00 19 06 00 00 00 00 00 00 DA A2 2F 55;HEX;
3;R;13:44:34:406;1F 16 01 24 00 01 00 13 37 01 10 02 80 00 02 10 02 80 00 03 10 02 80 00 04 10 02 80 00 05 10 02 80 00 06 10 02 80 00 07 10 02 80 00 08 10 02 80 00 09 10 02 80 00 0A 10 02 80 00 0B 10 02 80 00 14 04 00 00 00 00 19 06 00 00 00 00 00 00 DA A2 2F 55;HEX;
4;R;13:44:35:406;1F 16 01 24 00 01 00 13 37 01 10 02 80 00 02 10 02 80 00 03 10 02 80 00 04 10 02 80 00 05 10 02 80 00 06 10 02 80 00 07 10 02 80 00 08 10 02 80 00 09 10 02 80 00 0A 10 02 80 00 0B 10 02 80 00 14 04 00 00 00 00 19 06 00 00 00 00 00 00 DA A2 2F 55;HEX;
5;R;13:44:36:421;1F 16 01 24 00 01 00 13 37 01 10 02 80 00 02 10 02 80 00 03 10 02 80 00 04 10 02 80 00 05 10 02 80 00 06 10 02 80 00 07 10 02 80 00 08 10 02 80 00 09 10 02 80 00 0A 10 02 80 00 0B 10 02 80 00 14 04 00 00 00 00 19 06 00 00 00 00 00 00 DA A2 2F 55;HEX;
6;R;13:44:37:421;1F 16 01 24 00 01 00 13 37 01 10 02 80 00 02 10 02 80 00 03 10 02 80 00 04 10 02 80 00 05 10 02 80 00 06 10 02 80 00 07 10 02 80 00 08 10 02 80 00 09 10 02 80 00 0A 10 02 80 00 0B 10 02 80 00 14 04 00 00 00 00 19 06 00 00 00 00 00 00 DA A2 2F 55;HEX;
7;R;13:44:38:437;1F 16 01 24 00 01 00 13 37 01 10 02 80 00 02 10 02 80 00 03 10 02 80 00 04 10 02 80 00 05 10 02 80 00 06 10 02 80 00 07 10 02 80 00 08 10 02 80 00 09 10 02 80 00 0A 10 02 80 00 0B 10 02 80 00 14 04 00 00 00 00 19 06 00 00 00 00 00 00 DA A2 2F 55;HEX;
8;R;13:44:39:437;1F 16 01 24 00 01 00 13 37 01 10 02 80 00 02 10 02 80 00 03 10 02 80 00 04 10 02 80 00 05 10 02 80 00 06 10 02 80 00 07 10 02 80 00 08 10 02 80 00 09 10 02 80 00 0A 10 02 80 00 0B 10 02 80 00 14 04 00 00 00 00 19 06 00 00 00 00 00 00 DA A2 2F 55;HEX;
9;R;13:44:40:453;1F 16 01 24 00 01 00 13 37 01 10 02 80 00 02 10 02 80 00 03 10 02 80 00 04 10 02 80 00 05 10 02 80 00 06 10 02 80 00 07 10 02 80 00 08 10 02 80 00 09 10 02 80 00 0A 10 02 80 00 0B 10 02 80 00 14 04 00 00 00 00 19 06 00 00 00 00 00 00 DA A2 2F 55;HEX;
10;R;13:44:41:453;1F 16 01 24 00 01 00 13 37 01 10 02 80 00 02 10 02 80 00 03 10 02 80 00 04 10 02 80 00 05 10 02 80 00 06 10 02 80 00 07 10 02 80 00 08 10 02 80 00 09 10 02 80 00 0A 10 02 80 00 0B 10 02 80 00 14 04 00 00 00 00 19 06 00 00 00 00 00 00 DA A2 2F 55;HEX;
11;R;13:44:42:468;1F 16 01 24 00 01 00 13 37 01 10 02 80 00 02 10 02 80 00 03 10 02 80 00 04 10 02 80 00 05 10 02 80 00 06 10 02 80 00 07 10 02 80 00 08 10 02 80 00 09 10 02 80 00 0A 10 02 80 00 0B 10 02 80 00 14 04 00 00 00 00 19 06 00 00 00 00 00 00 DA A2 2F 55;HEX;
12;R;13:44:43:468;1F 16 01 24 00 01 00 13 37 01 10 02 80 00 02 10 02 80 00 03 10 02 80 00 04 10 02 80 00 05 10 02 80 00 06 10 02 80 00 07 10 02 80 00 08 10 02 80 00 09 10 02 80 00 0A 10 02 80 00 0B 10 02 80 00 14 04 00 00 00 00 19 06 00 00 00 00 00 00 DA A2 2F 55;HEX;
13;R;13:44:44:484;1F 16 01 24 00 01 00 13 37 01 10 02 80 00 02 10 02 80 00 03 10 02 80 00 04 10 02 80 00 05 10 02 80 00 06 10 02 80 00 07 10 02 80 00 08 10 02 80 00 09 10 02 80 00 0A 10 02 80 00 0B 10 02 80 00 14 04 00 00 00 00 19 06 00 00 00 00 00 00 DA A2 2F 55;HEX;
14;R;13:44:45:484;1F 16 01 24 00 01 00 13 37 01 10 02 80 00 02 10 02 80 00 03 10 02 80 00 04 10 02 80 00 05 10 02 80 00 06 10 02 80 00 07 10 02 80 00 08 10 02 80 00 09 10 02 80 00 0A 10 02 80 00 0B 10 02 80 00 14 04 00 00 00 00 19 06 00 00 00 00 00 00 DA A2 2F 55;HEX;
15;R;13:44:46:500;1F 16 01 24 00 01 00 13 37 01 10 02 80 00 02 10 02 80 00 03 10 02 80 00 04 10 02 80 00 05 10 02 80 00 06 10 02 80 00 07 10 02 80 00 08 10 02 80 00 09 10 02 80 00 0A 10 02 80 00 0B 10 02 80 00 14 04 00 00 00 00 19 06 00 00 00 00 00 00 DA A2 2F 55;HEX;
16;R;13:44:47:500;1F 16 01 24 00 01 00 13 37 01 10 02 80 00 02 10 02 80 00 03 10 02 80 00 04 10 02 80 00 05 10 02 80 00 06 10 02 80 00 07 10 02 80 00 08 10 02 80 00 09 10 02 80 00 0A 10 02 80 00 0B 10 02 80 00 14 04 00 00 00 00 19 06 00 00 00 00 00 00 DA A2 2F 55;HEX;
17;R;13:44:48:515;1F 16 01 24 00 01 00 13 37 01 10 02 80 00 02 10 02 80 00 03 10 02 80 00 04 10 02 80 00 05 10 02 80 00 06 10 02 80 00 07 10 02 80 00 08 10 02 80 00 09 10 02 80 00 0A 10 02 80 00 0B 10 02 80 00 14 04 00 00 00 00 19 06 00 00 00 00 00 00 DA A2 2F 55;HEX;
18;R;13:44:49:515;1F 16 01 24 00 01 00 13 37 01 10 02 80 00 02 10 02 80 00 03 10 02 80 00 04 10 02 80 00 05 10 02 80 00 06 10 02 80 00 07 10 02 80 00 08 10 02 80 00 09 10 02 80 00 0A 10 02 80 00 0B 10 02 80 00 14 04 00 00 00 00 19 06 00 00 00 00 00 00 DA A2 2F 55;HEX;
19;R;13:44:50:531;1F 16 01 24 00 01 00 13 37 01 10 02 80 00 02 10 02 80 00 03 10 02 80 00 04 10 02 80 00 05 10 02 80 00 06 10 02 80 00 07 10 02 80 00 08 10 02 80 00 09 10 02 80 00 0A 10 02 80 00 0B 10 02 80 00 14 04 00 00 00 00 19 06 00 00 00 00 00 00 DA A2 2F 55;HEX;
20;R;13:44:51:531;1F 16 01 24 00 01 00 13 37 01 10 02 80 00 02 10 02 80 00 03 10 02 80 00 04 10 02 80 00 05 10 02 80 00 06 10 02 80 00 07 10 02 80 00 08 10 02 80 00 09 10 02 80 00 0A 10 02 80 00 0B 10 02 80 00 14 04 00 00 00 00 19 06 00 00 00 00 00 00 DA A2 2F 55;HEX;
21;R;13:44:52:546;1F 16 01 24 00 01 00 13 37 01 10 02 80 00 02 10 02 80 00 03 10 02 80 00 04 10 02 80 00 05 10 02 80 00 06 10 02 80 00 07 10 02 80 00 08 10 02 80 00 09 10 02 80 00 0A 10 02 80 00 0B 10 02 80 00 14 04 00 00 00 00 19 06 00 00 00 00 00 00 DA A2 2F 55;HEX;
22;R;13:44:53:546;1F 16 01 24 00 01 00 13 37 01 10 02 80 00 02 10 02 80 00 03 10 02 80 00 04 10 02 80 00 05 10 02 80 00 06 10 02 80 00 07 10 02 80 00 08 10 02 80 00 09 10 02 80 00 0A 10 02 80 00 0B 10 02 80 00 14 04 00 00 00 00 19 06 00 00 00 00 00 00 DA A2 2F 55;HEX;
23;R;13:44:54:562;1F 16 01 24 00 01 00 13 37 01 10 02 80 00 02 10 02 80 00 03 10 02 80 00 04 10 02 80 00 05 10 02 80 00 06 10 02 80 00 07 10 02 80 00 08 10 02 80 00 09 10 02 80 00 0A 10 02 80 00 0B 10 02 80 00 14 04 00 00 00 00 19 06 00 00 00 00 00 00 DA A2 2F 55;HEX;
24;R;13:44:55:562;1F 16 01 24 00 01 00 13 37 01 10 02 80 00 02 10 02 80 00 03 10 02 80 00 04 10 02 80 00 05 10 02 80 00 06 10 02 80 00 07 10 02 80 00 08 10 02 80 00 09 10 02 80 00 0A 10 02 80 00 0B 10 02 80 00 14 04 00 00 00 00 19 06 00 00 00 00 00 00 DA A2 2F 55;HEX;
25;R;13:44:56:578;1F 16 01 24 00 01 00 13 37 01 10 02 80 00 02 10 02 80 00 03 10 02 80 00 04 10 02 80 00 05 10 02 80 00 06 10 02 80 00 07 10 02 80 00 08 10 02 80 00 09 10 02 80 00 0A 10 02 80 00 0B 10 02 80 00 14 04 00 00 00 00 19 06 00 00 00 00 00 00 DA A2 2F 55;HEX;
26;R;13:44:57:578;1F 16 01 24 00 01 00 13 37 01 10 02 80 00 02 10 02 80 00 03 10 02 80 00 04 10 02 80 00 05 10 02 80 00 06 10 02 80 00 07 10 02 80 00 08 10 02 80 00 09 10 02 80 00 0A 10 02 80 00 0B 10 02 80 00 14 04 00 00 00 00 19 06 00 00 00 00 00 00 DA A2 2F 55;HEX;
27;R;13:44:58:593;1F 16 01 24 00 01 00 13 37 01 10 02 80 00 02 10 02 80 00 03 10 02 80 00 04 10 02 80 00 05 10 02 80 00 06 10 02 80 00 07 10 02 80 00 08 10 02 80 00 09 10 02 80 00 0A 10 02 80 00 0B 10 02 80 00 14 04 00 00 00 00 19 06 00 00 00 00 00 00 DA A2 2F 55;HEX;
28;R;13:44:59:593;1F 16 01 24 00 01 00 13 37 01 10 02 80 00 02 10 02 80 00 03 10 02 80 00 04 10 02 80 00 05 10 02 80 00 06 10 02 80 00 07 10 02 80 00 08 10 02 80 00 09 10 02 80 00 0A 10 02 80 00 0B 10 02 80 00 14 04 00 00 00 00 19 06 00 00 00 00 00 00 DA A2 2F 55;HEX;
29;R;13:45:00:609;1F 16 01 24 00 01 00 13 37 01 10 02 80 00 02 10 02 80 00 03 10 02 80 00 04 10 02 80 00 05 10 02 80 00 06 10 02 80 00 07 10 02 80 00 08 10 02 80 00 09 10 02 80 00 0A 10 02 80 00 0B 10 02 80 00 14 04 00 00 00 00 19 06 00 00 00 00 00 00 DA A2 2F 55;HEX;
30;R;13:45:01:609;1F 16 01 24 00 01 00 13 37 01 10 02 80 00 02 7B 82 80 00 03 10 02 80 00 04 10 02 80 00 05 10 02 80 00 06 10 02 80 00 07 10 02 80 00 08 10 02 80 00 09 10 02 80 00 0A 10 02 80 00 0B 10 02 80 00 14 04 00 00 00 00 19 06 00 00 00 00 00 00 86 E0 2F 55;HEX;
31;R;13:45:02:625;1F 16 01 24 00 01 00 13 37 01 10 02 80 00 02 7B 82 80 00 03 10 02 80 00 04 10 02 80 00 05 10 02 80 00 06 10 02 80 00 07 10 02 80 00 08 10 02 80 00 09 10 02 80 00 0A 10 02 80 00 0B 10 02 80 00 14 04 00 00 00 00 19 06 00 00 00 00 00 00 86 E0 2F 55;HEX;
32;R;13:45:03:625;1F 16 01 24 00 01 00 13 37 01 10 02 80 00 02 7B 82 80 00 03 00 02 80 00 04 00 02 80 00 05 10 02 80 00 06 10 02 80 00 07 10 02 80 00 08 10 02 80 00 09 10 02 80 00 0A 10 02 80 00 0B 10 02 80 00 14 04 00 00 00 00 19 06 00 00 00 00 00 00 07 7A 2F 55;HEX;
33;R;13:45:04:640;1F 16 01 24 00 01 00 13 37 01 10 02 80 00 02 7B 82 80 00 03 00 02 80 00 04 00 02 80 00 05 00 02 80 00 06 00 02 80 00 07 10 02 80 00 08 10 02 80 00 09 10 02 80 00 0A 10 02 80 00 0B 10 02 80 00 14 04 00 00 00 00 19 06 00 00 00 00 00 00 BF FD 2F 55;HEX;
34;R;13:45:05:640;1F 16 01 24 00 01 00 13 37 01 10 02 80 00 02 7B 82 80 00 03 00 02 80 00 04 00 02 80 00 05 00 02 80 00 06 00 02 80 00 07 10 02 80 00 08 10 02 80 00 09 10 02 80 00 0A 10 02 80 00 0B 10 02 80 00 14 04 00 00 00 00 19 06 00 00 00 00 00 00 BF FD 2F 55;HEX;
35;R;13:45:06:656;1F 16 01 24 00 01 00 13 37 01 10 02 80 00 02 7B 82 80 00 03 00 02 80 00 04 00 02 80 00 05 00 02 80 00 06 00 02 80 00 07 10 02 80 00 08 10 02 80 00 09 10 02 80 00 0A 10 02 80 00 0B 10 02 80 00 14 04 00 00 00 00 19 06 00 00 00 00 00 00 BF FD 2F 55;HEX;
36;R;13:45:07:656;1F 16 01 24 00 01 00 13 37 01 10 02 80 00 02 7B 82 80 00 03 00 02 80 00 04 00 02 80 00 05 00 02 80 00 06 00 02 80 00 07 10 02 80 00 08 10 02 80 00 09 10 02 80 00 0A 10 02 80 00 0B 10 02 80 00 14 04 00 00 00 00 19 06 00 00 00 00 00 00 BF FD 2F 55;HEX;
37;R;13:45:08:671;1F 16 01 24 00 01 00 13 37 01 10 02 80 00 02 7B 82 80 00 03 00 02 80 00 04 00 02 80 00 05 00 02 80 00 06 00 02 80 00 07 10 02 80 00 08 10 02 80 00 09 10 02 80 00 0A 10 02 80 00 0B 10 02 80 00 14 04 00 00 00 00 19 06 00 00 00 00 00 00 BF FD 2F 55;HEX;
38;R;13:45:09:671;1F 16 01 24 00 01 00 13 37 01 10 02 80 00 02 7B 82 80 00 03 00 02 80 00 04 00 02 80 00 05 00 02 80 00 06 00 02 80 00 07 10 02 80 00 08 10 02 80 00 09 10 02 80 00 0A 10 02 80 00 0B 10 02 80 00 14 04 00 00 00 00 19 06 00 00 00 00 00 00 BF FD 2F 55;HEX;
39;R;13:45:10:687;1F 16 01 24 00 01 00 13 37 01 10 02 80 00 02 7B 82 80 00 03 00 02 80 00 04 00 02 80 00 05 00 02 80 00 06 00 02 80 00 07 10 02 80 00 08 10 02 80 00 09 10 02 80 00 0A 10 02 80 00 0B 10 02 80 00 14 04 00 00 00 00 19 06 00 00 00 00 00 00 BF FD 2F 55;HEX;
40;R;13:45:11:687;1F 16 01 24 00 01 00 13 37 01 10 02 80 00 02 7B 82 80 00 03 00 02 80 00 04 00 02 80 00 05 00 02 80 00 06 00 02 80 00 07 10 02 80 00 08 10 02 80 00 09 10 02 80 00 0A 10 02 80 00 0B 10 02 80 00 14 04 00 00 00 00 19 06 00 00 00 00 00 00 BF FD 2F 55;HEX;
41;R;13:45:12:703;1F 16 01 24 00 01 00 13 37 01 10 02 80 00 02 77 82 80 1E 03 00 02 80 00 04 00 02 80 00 05 00 02 80 00 06 00 02 80 00 07 10 02 80 00 08 10 02 80 00 09 10 02 80 00 0A 10 02 80 00 0B 10 02 80 00 14 04 00 00 00 00 19 06 00 00 00 00 00 00 28 09 2F 55;HEX;
42;R;13:45:13:703;1F 16 01 24 00 01 00 13 37 01 10 02 80 00 02 77 82 80 1D 03 00 02 80 00 04 00 02 80 00 05 00 02 80 00 06 00 02 80 00 07 10 02 80 00 08 10 02 80 00 09 10 02 80 00 0A 10 02 80 00 0B 10 02 80 00 14 04 00 00 00 00 19 06 00 00 00 00 00 00 D8 D4 2F 55;HEX;
43;R;13:45:14:718;1F 16 01 24 00 01 00 13 37 01 10 02 80 00 02 77 82 80 1D 03 00 02 80 00 04 00 02 80 00 05 00 02 80 00 06 00 02 80 00 07 10 02 80 00 08 10 02 80 00 09 10 02 80 00 0A 10 02 80 00 0B 10 02 80 00 14 04 00 00 00 00 19 06 00 00 00 00 00 00 D8 D4 2F 55;HEX;
44;R;13:45:15:718;1F 16 01 24 00 01 00 13 37 01 10 02 80 00 02 77 82 80 1C 03 00 02 80 00 04 00 02 80 00 05 00 02 80 00 06 00 02 80 00 07 10 02 80 00 08 10 02 80 00 09 10 02 80 00 0A 10 02 80 00 0B 10 02 80 00 14 04 00 00 00 00 19 06 00 00 00 00 00 00 97 6F 2F 55;HEX;
45;R;13:45:16:734;1F 16 01 24 00 01 00 13 37 01 10 02 80 00 02 77 82 80 1B 03 00 02 80 00 04 00 02 80 00 05 00 02 80 00 06 00 02 80 00 07 10 02 80 00 08 10 02 80 00 09 10 02 80 00 0A 10 02 80 00 0B 10 02 80 00 14 04 00 00 00 00 19 06 00 00 00 00 00 00 19 7F 2F 55;HEX;
46;R;13:45:17:734;1F 16 01 24 00 01 00 13 37 01 10 02 80 00 02 78 82 80 19 03 00 02 80 00 04 00 02 80 00 05 00 02 80 00 06 00 02 80 00 07 10 02 80 00 08 10 02 80 00 09 10 02 80 00 0A 10 02 80 00 0B 10 02 80 00 14 04 00 00 00 00 19 06 00 00 00 00 00 00 B2 FD 2F 55;HEX;
47;R;13:45:18:750;1F 16 01 24 00 01 00 13 37 01 10 02 80 00 02 78 82 80 19 03 00 02 80 00 04 00 02 80 00 05 00 02 80 00 06 00 02 80 00 07 10 02 80 00 08 10 02 80 00 09 10 02 80 00 0A 10 02 80 00 0B 10 02 80 00 14 04 00 00 00 00 19 06 00 00 00 00 00 00 B2 FD 2F 55;HEX;
48;R;13:45:19:750;1F 16 01 24 00 01 00 13 37 01 10 02 80 00 02 78 82 80 19 03 00 02 80 00 04 00 02 80 00 05 00 02 80 00 06 00 02 80 00 07 10 02 80 00 08 10 02 80 00 09 10 02 80 00 0A 10 02 80 00 0B 10 02 80 00 14 04 00 00 00 00 19 06 00 00 00 00 00 00 B2 FD 2F 55;HEX;
49;R;13:45:20:765;1F 16 01 24 00 01 00 13 37 01 10 02 80 00 02 78 82 80 19 03 00 02 80 00 04 00 02 80 00 05 00 02 80 00 06 00 02 80 00 07 10 02 80 00 08 10 02 80 00 09 10 02 80 00 0A 10 02 80 00 0B 10 02 80 00 14 04 00 00 00 00 19 06 00 00 00 00 00 00 B2 FD 2F 55;HEX;
50;R;13:45:21:765;1F 16 01 24 00 01 00 13 37 01 10 02 80 00 02 78 82 80 19 03 00 02 80 00 04 00 02 80 00 05 00 02 80 00 06 00 02 80 00 07 10 02 80 00 08 10 02 80 00 09 10 02 80 00 0A 10 02 80 00 0B 10 02 80 00 14 04 00 00 00 00 19 06 00 00 00 00 00 00 B2 FD 2F 55;HEX;
51;R;13:45:22:781;1F 16 01 24 00 01 00 13 37 01 10 02 80 00 02 78 82 80 19 03 00 02 80 00 04 00 02 80 00 05 00 02 80 00 06 00 02 80 00 07 10 02 80 00 08 10 02 80 00 09 10 02 80 00 0A 10 02 80 00 0B 10 02 80 00 14 04 00 00 00 00 19 06 00 00 00 00 00 00 B2 FD 2F 55;HEX;
52;R;13:45:23:781;1F 16 01 24 00 01 00 13 37 01 10 02 80 00 02 78 82 80 19 03 00 02 80 00 04 00 02 80 00 05 00 02 80 00 06 00 02 80 00 07 10 02 80 00 08 10 02 80 00 09 10 02 80 00 0A 10 02 80 00 0B 10 02 80 00 14 04 00 00 00 00 19 06 00 00 00 00 00 00 B2 FD 2F 55;HEX;
53;R;13:45:24:796;1F 16 01 24 00 01 00 13 37 01 10 02 80 00 02 77 82 80 18 03 00 02 80 00 04 00 02 80 00 05 00 02 80 00 06 00 02 80 00 07 10 02 80 00 08 10 02 80 00 09 10 02 80 00 0A 10 02 80 00 0B 10 02 80 00 14 04 00 00 00 00 19 06 00 00 00 00 00 00 E9 A2 2F 55;HEX;
54;R;13:45:25:796;1F 16 01 24 00 01 00 13 37 01 10 02 80 00 02 77 82 80 17 03 00 02 80 00 04 00 02 80 00 05 00 02 80 00 06 00 02 80 00 07 10 02 80 00 08 10 02 80 00 09 10 02 80 00 0A 10 02 80 00 0B 10 02 80 00 14 04 00 00 00 00 19 06 00 00 00 00 00 00 BA 38 2F 55;HEX;
55;R;13:45:26:812;1F 16 01 24 00 01 00 13 37 01 10 02 80 00 02 77 82 80 16 03 00 02 80 00 04 00 02 80 00 05 00 02 80 00 06 00 02 80 00 07 10 02 80 00 08 10 02 80 00 09 10 02 80 00 0A 10 02 80 00 0B 10 02 80 00 14 04 00 00 00 00 19 06 00 00 00 00 00 00 F5 83 2F 55;HEX;
56;R;13:45:27:812;1F 16 01 24 00 01 00 13 37 01 10 02 80 00 02 77 82 80 15 03 00 02 80 00 04 00 02 80 00 05 00 02 80 00 06 00 02 80 00 07 10 02 80 00 08 10 02 80 00 09 10 02 80 00 0A 10 02 80 00 0B 10 02 80 00 14 04 00 00 00 00 19 06 00 00 00 00 00 00 05 5E 2F 55;HEX;
57;R;13:45:28:828;1F 16 01 24 00 01 00 13 37 01 10 02 80 00 02 77 82 80 15 03 00 02 80 00 04 00 02 80 00 05 00 02 80 00 06 00 02 80 00 07 10 02 80 00 08 10 02 80 00 09 10 02 80 00 0A 10 02 80 00 0B 10 02 80 00 14 04 00 00 00 00 19 06 00 00 00 00 00 00 05 5E 2F 55;HEX;
58;R;13:45:29:828;1F 16 01 24 00 01 00 13 37 01 10 02 80 00 02 77 82 80 14 03 00 02 80 00 04 00 02 80 00 05 00 02 80 00 06 00 02 80 00 07 10 02 80 00 08 10 02 80 00 09 10 02 80 00 0A 10 02 80 00 0B 10 02 80 00 14 04 00 00 00 00 19 06 00 00 00 00 00 00 4A E5 2F 55;HEX;
59;R;13:45:30:843;1F 16 01 24 00 01 00 13 37 01 10 02 80 00 02 77 82 80 13 03 00 02 80 00 04 00 02 80 00 05 00 02 80 00 06 00 02 80 00 07 10 02 80 00 08 10 02 80 00 09 10 02 80 00 0A 10 02 80 00 0B 10 02 80 00 14 04 00 00 00 00 19 06 00 00 00 00 00 00 C4 F5 2F 55;HEX;
60;R;13:45:31:843;1F 16 01 24 00 01 00 13 37 01 10 02 80 00 02 77 82 80 11 03 00 02 80 00 04 00 02 80 00 05 00 02 80 00 06 00 02 80 00 07 10 02 80 00 08 10 02 80 00 09 10 02 80 00 0A 10 02 80 00 0B 10 02 80 00 14 04 00 00 00 00 19 06 00 00 00 00 00 00 7B 93 2F 55;HEX;
61;R;13:45:32:859;1F 16 01 24 00 01 00 13 37 01 10 02 80 00 02 77 82 80 10 03 00 02 80 00 04 00 02 80 00 05 00 02 80 00 06 00 02 80 00 07 10 02 80 00 08 10 02 80 00 09 10 02 80 00 0A 10 02 80 00 0B 10 02 80 00 14 04 00 00 00 00 19 06 00 00 00 00 00 00 34 28 2F 55;HEX;
62;R;13:45:33:859;1F 16 01 24 00 01 00 13 37 01 10 02 80 00 02 77 82 80 0F 03 00 02 80 00 04 00 02 80 00 05 00 02 80 00 06 00 02 80 00 07 10 02 80 00 08 10 02 80 00 09 10 02 80 00 0A 10 02 80 00 0B 10 02 80 00 14 04 00 00 00 00 19 06 00 00 00 00 00 00 FC B7 2F 55;HEX;
63;R;13:45:34:875;1F 16 01 24 00 01 00 13 37 01 10 02 80 00 02 77 82 80 0E 03 00 02 80 00 04 00 02 80 00 05 00 02 80 00 06 00 02 80 00 07 10 02 80 00 08 10 02 80 00 09 10 02 80 00 0A 10 02 80 00 0B 10 02 80 00 14 04 00 00 00 00 19 06 00 00 00 00 00 00 B3 0C 2F 55;HEX;
64;R;13:45:35:875;1F 16 01 24 00 01 00 13 37 01 10 02 80 00 02 77 82 80 0E 03 00 02 80 00 04 00 02 80 00 05 00 02 80 00 06 00 02 80 00 07 10 02 80 00 08 10 02 80 00 09 10 02 80 00 0A 10 02 80 00 0B 10 02 80 00 14 04 00 00 00 00 19 06 00 00 00 00 00 00 B3 0C 2F 55;HEX;
65;R;13:45:36:890;1F 16 01 24 00 01 00 13 37 01 10 02 80 00 02 77 82 80 0D 03 00 02 80 00 04 00 02 80 00 05 00 02 80 00 06 00 02 80 00 07 10 02 80 00 08 10 02 80 00 09 10 02 80 00 0A 10 02 80 00 0B 10 02 80 00 14 04 00 00 00 00 19 06 00 00 00 00 00 00 43 D1 2F 55;HEX;
66;R;13:45:37:890;1F 16 01 24 00 01 00 13 37 01 10 02 80 00 02 77 82 80 0C 03 00 02 80 00 04 00 02 80 00 05 00 02 80 00 06 00 02 80 00 07 10 02 80 00 08 10 02 80 00 09 10 02 80 00 0A 10 02 80 00 0B 10 02 80 00 14 04 00 00 00 00 19 06 00 00 00 00 00 00 0C 6A 2F 55;HEX;
67;R;13:45:38:906;1F 16 01 24 00 01 00 13 37 01 10 02 80 00 02 77 82 80 0A 03 00 02 80 00 04 00 02 80 00 05 00 02 80 00 06 00 02 80 00 07 10 02 80 00 08 10 02 80 00 09 10 02 80 00 0A 10 02 80 00 0B 10 02 80 00 14 04 00 00 00 00 19 06 00 00 00 00 00 00 CD C1 2F 55;HEX;
68;R;13:45:39:906;1F 16 01 24 00 01 00 13 37 01 10 02 80 00 02 77 82 80 09 03 00 02 80 00 04 00 02 80 00 05 00 02 80 00 06 00 02 80 00 07 10 02 80 00 08 10 02 80 00 09 10 02 80 00 0A 10 02 80 00 0B 10 02 80 00 14 04 00 00 00 00 19 06 00 00 00 00 00 00 3D 1C 2F 55;HEX;
69;R;13:45:40:921;1F 16 01 24 00 01 00 13 37 01 10 02 80 00 02 77 82 80 08 03 00 02 80 00 04 00 02 80 00 05 00 02 80 00 06 00 02 80 00 07 10 02 80 00 08 10 02 80 00 09 10 02 80 00 0A 10 02 80 00 0B 10 02 80 00 14 04 00 00 00 00 19 06 00 00 00 00 00 00 72 A7 2F 55;HEX;
70;R;13:45:41:921;1F 16 01 24 00 01 00 13 37 01 10 02 80 00 02 77 82 80 07 03 00 02 80 00 04 00 02 80 00 05 00 02 80 00 06 00 02 80 00 07 10 02 80 00 08 10 02 80 00 09 10 02 80 00 0A 10 02 80 00 0B 10 02 80 00 14 04 00 00 00 00 19 06 00 00 00 00 00 00 21 3D 2F 55;HEX;
71;R;13:45:42:937;1F 16 01 24 00 01 00 13 37 01 10 02 80 00 02 77 82 80 07 03 00 02 80 00 04 00 02 80 00 05 00 02 80 00 06 00 02 80 00 07 10 02 80 00 08 10 02 80 00 09 10 02 80 00 0A 10 02 80 00 0B 10 02 80 00 14 04 00 00 00 00 19 06 00 00 00 00 00 00 21 3D 2F 55;HEX;
72;R;13:45:43:937;1F 16 01 24 00 01 00 13 37 01 10 02 80 00 02 77 82 80 06 03 00 02 80 00 04 00 02 80 00 05 00 02 80 00 06 00 02 80 00 07 10 02 80 00 08 10 02 80 00 09 10 02 80 00 0A 10 02 80 00 0B 10 02 80 00 14 04 00 00 00 00 19 06 00 00 00 00 00 00 6E 86 2F 55;HEX;
73;R;13:45:44:953;1F 16 01 24 00 01 00 13 37 01 10 02 80 00 02 77 82 80 05 03 00 02 80 00 04 00 02 80 00 05 00 02 80 00 06 00 02 80 00 07 10 02 80 00 08 10 02 80 00 09 10 02 80 00 0A 10 02 80 00 0B 10 02 80 00 14 04 00 00 00 00 19 06 00 00 00 00 00 00 9E 5B 2F 55;HEX;
74;R;13:45:45:953;1F 16 01 24 00 01 00 13 37 01 10 02 80 00 02 77 82 80 03 03 00 02 80 00 04 00 02 80 00 05 00 02 80 00 06 00 02 80 00 07 10 02 80 00 08 10 02 80 00 09 10 02 80 00 0A 10 02 80 00 0B 10 02 80 00 14 04 00 00 00 00 19 06 00 00 00 00 00 00 5F F0 2F 55;HEX;
75;R;13:45:46:968;1F 16 01 24 00 01 00 13 37 01 10 02 80 00 02 77 82 80 02 03 00 02 80 00 04 00 02 80 00 05 00 02 80 00 06 00 02 80 00 07 10 02 80 00 08 10 02 80 00 09 10 02 80 00 0A 10 02 80 00 0B 10 02 80 00 14 04 00 00 00 00 19 06 00 00 00 00 00 00 10 4B 2F 55;HEX;
76;R;13:45:47:968;1F 16 01 24 00 01 00 13 37 01 10 02 80 00 02 77 82 80 01 03 00 02 80 00 04 00 02 80 00 05 00 02 80 00 06 00 02 80 00 07 10 02 80 00 08 10 02 80 00 09 10 02 80 00 0A 10 02 80 00 0B 10 02 80 00 14 04 00 00 00 00 19 06 00 00 00 00 00 00 E0 96 2F 55;HEX;
77;R;13:45:48:984;1F 16 01 24 00 01 00 13 37 01 10 02 80 00 02 77 82 80 00 03 00 02 80 00 04 00 02 80 00 05 00 02 80 00 06 00 02 80 00 07 10 02 80 00 08 10 02 80 00 09 10 02 80 00 0A 10 02 80 00 0B 10 02 80 00 14 04 00 00 00 00 19 06 00 00 00 00 00 00 AF 2D 2F 55;HEX;
78;R;13:45:49:984;1F 16 01 24 00 01 00 13 37 01 10 02 80 00 02 7C 82 81 05 03 00 02 80 00 04 00 02 80 00 05 00 02 80 00 06 00 02 80 00 07 10 02 80 00 08 10 02 80 00 09 10 02 80 00 0A 10 02 80 00 0B 10 02 80 00 14 04 00 00 00 00 19 06 00 00 00 00 00 00 CA A9 2F 55;HEX;
79;R;13:45:51:000;1F 16 01 24 00 01 00 13 37 01 10 02 80 00 02 7C 82 81 05 03 00 02 80 00 04 00 02 80 00 05 00 02 80 00 06 00 02 80 00 07 10 02 80 00 08 10 02 80 00 09 10 02 80 00 0A 10 02 80 00 0B 10 02 80 00 14 04 03 00 00 00 19 06 00 00 00 00 00 00 55 AC 2F 55;HEX;
80;R;13:45:52:000;1F 16 01 24 00 01 00 13 37 01 10 02 80 00 02 7C 82 81 05 03 00 02 80 00 04 00 02 80 00 05 00 02 80 00 06 00 02 80 00 07 10 02 80 00 08 10 02 80 00 09 10 02 80 00 0A 10 02 80 00 0B 10 02 80 00 14 04 03 00 00 00 19 06 00 00 00 00 00 00 55 AC 2F 55;HEX;
81;R;13:45:53:015;1F 16 01 24 00 01 00 13 37 01 10 02 80 00 02 7C 82 81 01 03 00 02 80 00 04 00 02 80 00 05 00 02 80 00 06 00 02 80 00 07 10 02 80 00 08 10 02 80 00 09 10 02 80 00 0A 10 02 80 00 0B 10 02 80 00 14 04 03 00 00 00 19 06 00 00 00 00 00 00 2B 61 2F 55;HEX;
82;R;13:45:54:015;1F 16 01 24 00 01 00 13 37 01 10 02 80 00 02 7C 82 81 01 03 00 02 80 00 04 00 02 80 00 05 00 02 80 00 06 00 02 80 00 07 10 02 80 00 08 10 02 80 00 09 10 02 80 00 0A 10 02 80 00 0B 10 02 80 00 14 04 03 00 00 00 19 06 00 00 00 00 00 00 2B 61 2F 55;HEX;
83;R;13:45:55:031;1F 16 01 24 00 01 00 13 37 01 10 02 80 00 02 7D 82 81 00 03 00 02 80 00 04 00 02 80 00 05 00 02 80 00 06 00 02 80 00 07 10 02 80 00 08 10 02 80 00 09 10 02 80 00 0A 10 02 80 00 0B 10 02 80 00 14 04 03 00 00 00 19 06 00 00 00 00 00 00 98 C9 2F 55;HEX;
84;R;13:45:56:031;1F 16 01 24 00 01 00 13 37 01 10 02 80 00 02 7D 82 81 00 03 00 02 80 00 04 00 02 80 00 05 00 02 80 00 06 00 02 80 00 07 10 02 80 00 08 10 02 80 00 09 10 02 80 00 0A 10 02 80 00 0B 10 02 80 00 14 04 03 00 00 00 19 06 00 00 00 00 00 00 98 C9 2F 55;HEX;
85;R;13:45:57:046;1F 16 01 24 00 01 00 13 37 01 10 02 80 00 02 7D 82 81 00 03 00 02 80 00 04 00 02 80 00 05 00 02 80 00 06 00 02 80 00 07 10 02 80 00 08 10 02 80 00 09 10 02 80 00 0A 10 02 80 00 0B 10 02 80 00 14 04 03 00 00 00 19 06 00 00 00 00 00 00 98 C9 2F 55;HEX;
86;R;13:45:58:046;1F 16 01 24 00 01 00 13 37 01 10 02 80 00 02 7D 82 81 00 03 00 02 80 00 04 00 02 80 00 05 00 02 80 00 06 00 02 80 00 07 10 02 80 00 08 10 02 80 00 09 10 02 80 00 0A 10 02 80 00 0B 10 02 80 00 14 04 03 00 00 00 19 06 00 00 00 00 00 00 98 C9 2F 55;HEX;
87;R;13:45:59:062;1F 16 01 24 00 01 00 13 37 01 10 02 80 00 02 7D 82 81 00 03 00 02 80 00 04 00 02 80 00 05 00 02 80 00 06 00 02 80 00 07 10 02 80 00 08 10 02 80 00 09 10 02 80 00 0A 10 02 80 00 0B 10 02 80 00 14 04 03 00 00 00 19 06 00 00 00 00 00 00 98 C9 2F 55;HEX;
88;R;13:46:00:062;1F 16 01 24 00 01 00 13 37 01 10 02 80 00 02 7D 82 81 00 03 00 02 80 00 04 00 02 80 00 05 00 02 80 00 06 00 02 80 00 07 10 02 80 00 08 10 02 80 00 09 10 02 80 00 0A 10 02 80 00 0B 10 02 80 00 14 04 03 00 00 00 19 06 00 00 00 00 00 00 98 C9 2F 55;HEX;
89;R;13:46:01:078;1F 16 01 24 00 01 00 13 37 01 10 02 80 00 02 7D 82 81 00 03 00 02 80 00 04 00 02 80 00 05 00 02 80 00 06 00 02 80 00 07 10 02 80 00 08 10 02 80 00 09 10 02 80 00 0A 10 02 80 00 0B 10 02 80 00 14 04 03 00 00 00 19 06 00 00 00 00 00 00 98 C9 2F 55;HEX;
90;R;13:46:02:078;1F 16 01 24 00 01 00 13 37 01 10 02 80 00 02 7D 82 81 00 03 00 02 80 00 04 00 02 80 00 05 00 02 80 00 06 00 02 80 00 07 10 02 80 00 08 10 02 80 00 09 10 02 80 00 0A 10 02 80 00 0B 10 02 80 00 14 04 03 00 00 00 19 06 00 00 00 00 00 00 98 C9 2F 55;HEX;
91;R;13:46:03:093;1F 16 01 24 00 01 00 13 37 01 10 02 80 00 02 7D 82 81 00 03 00 02 80 00 04 00 02 80 00 05 00 02 80 00 06 00 02 80 00 07 10 02 80 00 08 10 02 80 00 09 10 02 80 00 0A 10 02 80 00 0B 10 02 80 00 14 04 03 00 00 00 19 06 00 00 00 00 00 00 98 C9 2F 55;HEX;
92;R;13:46:04:093;1F 16 01 24 00 01 00 13 37 01 10 02 80 00 02 7D 82 81 00 03 00 02 80 00 04 00 02 80 00 05 00 02 80 00 06 00 02 80 00 07 10 02 80 00 08 10 02 80 00 09 10 02 80 00 0A 10 02 80 00 0B 10 02 80 00 14 04 03 00 00 00 19 06 00 00 00 00 00 00 98 C9 2F 55;HEX;
93;R;13:46:05:109;1F 16 01 24 00 01 00 13 37 01 10 02 80 00 02 7D 82 81 00 03 00 02 80 00 04 00 02 80 00 05 00 02 80 00 06 00 02 80 00 07 10 02 80 00 08 10 02 80 00 09 10 02 80 00 0A 10 02 80 00 0B 10 02 80 00 14 04 03 00 00 00 19 06 00 00 00 00 00 00 98 C9 2F 55;HEX;
94;R;13:46:06:109;1F 16 01 24 00 01 00 13 37 01 10 02 80 00 02 7D 82 81 00 03 00 02 80 00 04 00 02 80 00 05 00 02 80 00 06 00 02 80 00 07 10 02 80 00 08 10 02 80 00 09 10 02 80 00 0A 10 02 80 00 0B 10 02 80 00 14 04 03 00 00 00 19 06 00 00 00 00 00 00 98 C9 2F 55;HEX;
95;R;13:46:07:125;1F 16 01 24 00 01 00 13 37 01 10 02 80 00 02 7D 82 81 00 03 00 02 80 00 04 00 02 80 00 05 00 02 80 00 06 00 02 80 00 07 10 02 80 00 08 10 02 80 00 09 10 02 80 00 0A 10 02 80 00 0B 10 02 80 00 14 04 03 00 00 00 19 06 00 00 00 00 00 00 98 C9 2F 55;HEX;
96;R;13:46:08:125;1F 16 01 24 00 01 00 13 37 01 10 02 80 00 02 7D 82 81 00 03 00 02 80 00 04 00 02 80 00 05 00 02 80 00 06 00 02 80 00 07 10 02 80 00 08 10 02 80 00 09 10 02 80 00 0A 10 02 80 00 0B 10 02 80 00 14 04 03 00 00 00 19 06 00 00 00 00 00 00 98 C9 2F 55;HEX;
97;R;13:46:09:140;1F 16 01 24 00 01 00 13 37 01 10 02 80 00 02 7D 82 82 00 03 00 02 80 00 04 00 02 80 00 05 00 02 80 00 06 00 02 80 00 07 10 02 80 00 08 10 02 80 00 09 10 02 80 00 0A 10 02 80 00 0B 10 02 80 00 14 04 03 00 00 00 19 06 00 00 00 00 00 00 48 23 2F 55;HEX;
98;R;13:46:10:140;1F 16 01 24 00 01 00 13 37 01 10 02 80 00 02 7D 82 82 00 03 00 02 80 00 04 00 02 80 00 05 00 02 80 00 06 00 02 80 00 07 10 02 80 00 08 10 02 80 00 09 10 02 80 00 0A 10 02 80 00 0B 10 02 80 00 14 04 02 00 00 00 19 06 00 00 00 00 00 00 3D 20 2F 55;HEX;
99;R;13:46:11:156;1F 16 01 24 00 01 00 13 37 01 10 02 80 00 02 7D 82 82 00 03 00 02 80 00 04 00 02 80 00 05 00 02 80 00 06 00 02 80 00 07 10 02 80 00 08 10 02 80 00 09 10 02 80 00 0A 10 02 80 00 0B 10 02 80 00 14 04 02 00 00 00 19 06 00 00 00 00 00 00 3D 20 2F 55;HEX;
100;R;13:46:12:156;1F 16 01 24 00 01 00 13 37 01 10 02 80 00 02 7D 82 82 00 03 00 02 80 00 04 00 02 80 00 05 00 02 80 00 06 00 02 80 00 07 10 02 80 00 08 10 02 80 00 09 10 02 80 00 0A 10 02 80 00 0B 10 02 80 00 14 04 02 00 00 00 19 06 00 00 00 00 00 00 3D 20 2F 55;HEX;
101;R;13:46:13:171;1F 16 01 24 00 01 00 13 37 01 10 02 80 00 02 7D 82 82 00 03 00 02 80 00 04 00 02 80 00 05 00 02 80 00 06 00 02 80 00 07 10 02 80 00 08 10 02 80 00 09 10 02 80 00 0A 10 02 80 00 0B 10 02 80 00 14 04 02 00 00 00 19 06 00 00 00 00 00 00 3D 20 2F 55;HEX;
102;R;13:46:14:171;1F 16 01 24 00 01 00 13 37 01 10 02 80 00 02 7D 82 82 00 03 00 02 80 00 04 00 02 80 00 05 00 02 80 00 06 00 02 80 00 07 10 02 80 00 08 10 02 80 00 09 10 02 80 00 0A 10 02 80 00 0B 10 02 80 00 14 04 02 00 00 00 19 06 00 00 00 00 00 00 3D 20 2F 55;HEX;
103;R;13:46:15:187;1F 16 01 24 00 01 00 13 37 01 10 02 80 00 02 7D 82 82 00 03 00 02 80 00 04 00 02 80 00 05 00 02 80 00 06 00 02 80 00 07 10 02 80 00 08 10 02 80 00 09 10 02 80 00 0A 10 02 80 00 0B 10 02 80 00 14 04 02 00 00 00 19 06 00 00 00 00 00 00 3D 20 2F 55;HEX;
104;R;13:46:16:187;1F 16 01 24 00 01 00 13 37 01 10 02 80 00 02 7D 82 82 00 03 00 02 80 00 04 00 02 80 00 05 00 02 80 00 06 00 02 80 00 07 10 02 80 00 08 10 02 80 00 09 10 02 80 00 0A 10 02 80 00 0B 10 02 80 00 14 04 02 00 00 00 19 06 00 00 00 00 00 00 3D 20 2F 55;HEX;
105;R;13:46:17:203;1F 16 01 24 00 01 00 13 37 01 10 02 80 00 02 7D 82 82 00 03 00 02 80 00 04 00 02 80 00 05 00 02 80 00 06 00 02 80 00 07 10 02 80 00 08 10 02 80 00 09 10 02 80 00 0A 10 02 80 00 0B 10 02 80 00 14 04 02 00 00 00 19 06 00 00 00 00 00 00 3D 20 2F 55;HEX;
106;R;13:46:18:203;1F 16 01 24 00 01 00 13 37 01 10 02 80 00 02 7D 82 82 00 03 00 02 80 00 04 00 02 80 00 05 00 02 80 00 06 00 02 80 00 07 10 02 80 00 08 10 02 80 00 09 10 02 80 00 0A 10 02 80 00 0B 10 02 80 00 14 04 02 00 00 00 19 06 00 00 00 00 00 00 3D 20 2F 55;HEX;
107;R;13:46:19:218;1F 16 01 24 00 01 00 13 37 01 10 02 80 00 02 7D 82 82 00 03 00 02 80 00 04 00 02 80 00 05 00 02 80 00 06 00 02 80 00 07 10 02 80 00 08 10 02 80 00 09 10 02 80 00 0A 10 02 80 00 0B 10 02 80 00 14 04 02 00 00 00 19 06 00 00 00 00 00 00 3D 20 2F 55;HEX;
108;R;13:46:20:218;1F 16 01 24 00 01 00 13 37 01 10 02 80 00 02 7D 82 82 00 03 00 02 80 00 04 00 02 80 00 05 00 02 80 00 06 00 02 80 00 07 10 02 80 00 08 10 02 80 00 09 10 02 80 00 0A 10 02 80 00 0B 10 02 80 00 14 04 02 00 00 00 19 06 00 00 00 00 00 00 3D 20 2F 55;HEX;
109;R;13:46:21:234;1F 16 01 24 00 01 00 13 37 01 10 02 80 00 02 7D 82 82 00 03 00 02 80 00 04 00 02 80 00 05 00 02 80 00 06 00 02 80 00 07 10 02 80 00 08 10 02 80 00 09 10 02 80 00 0A 10 02 80 00 0B 10 02 80 00 14 04 02 00 00 00 19 06 00 00 00 00 00 00 3D 20 2F 55;HEX;
110;R;13:46:22:234;1F 16 01 24 00 01 00 13 37 01 10 02 80 00 02 7D 82 82 00 03 00 02 80 00 04 00 02 80 00 05 00 02 80 00 06 00 02 80 00 07 10 02 80 00 08 10 02 80 00 09 10 02 80 00 0A 10 02 80 00 0B 10 02 80 00 14 04 02 00 00 00 19 06 00 00 00 00 00 00 3D 20 2F 55;HEX;
111;R;13:46:23:250;1F 16 01 24 00 01 00 13 37 01 10 02 80 00 02 7D 82 82 00 03 00 02 80 00 04 00 02 80 00 05 00 02 80 00 06 00 02 80 00 07 10 02 80 00 08 10 02 80 00 09 10 02 80 00 0A 10 02 80 00 0B 10 02 80 00 14 04 02 00 00 00 19 06 00 00 00 00 00 00 3D 20 2F 55;HEX;
112;R;13:46:24:250;1F 16 01 24 00 01 00 13 37 01 10 02 80 00 02 7D 82 82 00 03 00 02 80 00 04 00 02 80 00 05 00 02 80 00 06 00 02 80 00 07 10 02 80 00 08 10 02 80 00 09 10 02 80 00 0A 10 02 80 00 0B 10 02 80 00 14 04 02 00 00 00 19 06 00 00 00 00 00 00 3D 20 2F 55;HEX;
113;R;13:46:25:281;1F 16 01 24 00 01 00 13 37 01 10 02 80 00 02 7E 82 80 00 03 00 02 80 00 04 00 02 80 00 05 00 02 80 00 06 00 02 80 00 07 10 02 80 00 08 10 02 80 00 09 10 02 80 00 0A 10 02 80 00 0B 10 02 80 00 14 04 02 00 00 00 19 06 00 00 00 00 00 00 59 A7 2F 55;HEX;
114;R;13:46:26:281;1F 16 01 24 00 01 00 13 37 01 10 02 80 00 02 7E 82 80 00 03 00 02 80 00 04 00 02 80 00 05 00 02 80 00 06 00 02 80 00 07 10 02 80 00 08 10 02 80 00 09 10 02 80 00 0A 10 02 80 00 0B 10 02 80 00 14 04 00 00 00 00 19 06 00 00 00 00 00 00 B3 A1 2F 55;HEX;
115;R;13:46:27:296;1F 16 01 24 00 01 00 13 37 01 10 02 80 00 02 7E 82 80 00 03 00 02 80 00 04 00 02 80 00 05 00 02 80 00 06 00 02 80 00 07 10 02 80 00 08 10 02 80 00 09 10 02 80 00 0A 10 02 80 00 0B 10 02 80 00 14 04 00 00 00 00 19 06 00 00 00 00 00 00 B3 A1 2F 55;HEX;
116;R;13:46:28:296;1F 16 01 24 00 01 00 13 37 01 10 02 80 00 02 7E 82 80 00 03 00 02 80 00 04 00 02 80 00 05 00 02 80 00 06 00 02 80 00 07 10 02 80 00 08 10 02 80 00 09 10 02 80 00 0A 10 02 80 00 0B 10 02 80 00 14 04 00 00 00 00 19 06 00 00 00 00 00 00 B3 A1 2F 55;HEX;
117;R;13:46:29:312;1F 16 01 24 00 01 00 13 37 01 10 02 80 00 02 7E 82 80 00 03 00 02 80 00 04 00 02 80 00 05 00 02 80 00 06 00 02 80 00 07 10 02 80 00 08 10 02 80 00 09 10 02 80 00 0A 10 02 80 00 0B 10 02 80 00 14 04 00 00 00 00 19 06 00 00 00 00 00 00 B3 A1 2F 55;HEX;
118;R;13:46:30:312;1F 16 01 24 00 01 00 13 37 01 10 02 80 00 02 7E 82 80 00 03 00 02 80 00 04 00 02 80 00 05 00 02 80 00 06 00 02 80 00 07 10 02 80 00 08 10 02 80 00 09 10 02 80 00 0A 10 02 80 00 0B 10 02 80 00 14 04 00 00 00 00 19 06 00 00 00 00 00 00 B3 A1 2F 55;HEX;
119;R;13:46:31:328;1F 16 01 24 00 01 00 13 37 01 10 02 80 00 02 7E 82 80 00 03 00 02 80 00 04 00 02 80 00 05 00 02 80 00 06 00 02 80 00 07 10 02 80 00 08 10 02 80 00 09 10 02 80 00 0A 10 02 80 00 0B 10 02 80 00 14 04 00 00 00 00 19 06 00 00 00 00 00 00 B3 A1 2F 55;HEX;
120;R;13:46:32:328;1F 16 01 24 00 01 00 13 37 01 10 02 80 00 02 7E 82 80 00 03 00 02 80 00 04 00 02 80 00 05 00 02 80 00 06 00 02 80 00 07 10 02 80 00 08 10 02 80 00 09 10 02 80 00 0A 10 02 80 00 0B 10 02 80 00 14 04 00 00 00 00 19 06 00 00 00 00 00 00 B3 A1 2F 55;HEX;
121;R;13:46:33:343;1F 16 01 24 00 01 00 13 37 01 10 02 80 00 02 7E 82 80 00 03 00 02 80 00 04 00 02 80 00 05 00 02 80 00 06 00 02 80 00 07 10 02 80 00 08 10 02 80 00 09 10 02 80 00 0A 10 02 80 00 0B 10 02 80 00 14 04 00 00 00 00 19 06 00 00 00 00 00 00 B3 A1 2F 55;HEX;
122;R;13:46:34:359;1F 16 01 24 00 01 00 13 37 01 10 02 80 00 02 7E 82 80 00 03 00 02 80 00 04 00 02 80 00 05 00 02 80 00 06 00 02 80 00 07 10 02 80 00 08 10 02 80 00 09 10 02 80 00 0A 10 02 80 00 0B 10 02 80 00 14 04 00 00 00 00 19 06 00 00 00 00 00 00 B3 A1 2F 55;HEX;
123;R;13:46:35:359;1F 16 01 24 00 01 00 13 37 01 10 02 80 00 02 7E 82 80 00 03 00 02 80 00 04 00 02 80 00 05 00 02 80 00 06 00 02 80 00 07 10 02 80 00 08 10 02 80 00 09 10 02 80 00 0A 10 02 80 00 0B 10 02 80 00 14 04 00 00 00 00 19 06 00 00 00 00 00 00 B3 A1 2F 55;HEX;
124;R;13:46:36:359;1F 16 01 24 00 01 00 13 37 01 10 02 80 00 02 7E 82 80 00 03 00 02 80 00 04 00 02 80 00 05 00 02 80 00 06 00 02 80 00 07 10 02 80 00 08 10 02 80 00 09 10 02 80 00 0A 10 02 80 00 0B 10 02 80 00 14 04 00 00 00 00 19 06 00 00 00 00 00 00 B3 A1 2F 55;HEX;
125;R;13:46:37:375;1F 16 01 24 00 01 00 13 37 01 10 02 80 00 02 7E 82 80 00 03 00 02 80 00 04 00 02 80 00 05 00 02 80 00 06 00 02 80 00 07 10 02 80 00 08 10 02 80 00 09 10 02 80 00 0A 10 02 80 00 0B 10 02 80 00 14 04 00 00 00 00 19 06 00 00 00 00 00 00 B3 A1 2F 55;HEX;
126;R;13:46:38:390;1F 16 01 24 00 01 00 13 37 01 10 02 80 00 02 7E 82 80 00 03 00 02 80 00 04 00 02 80 00 05 00 02 80 00 06 00 02 80 00 07 10 02 80 00 08 10 02 80 00 09 10 02 80 00 0A 10 02 80 00 0B 10 02 80 00 14 04 00 00 00 00 19 06 00 00 00 00 00 00 B3 A1 2F 55;HEX;
127;R;13:46:39:390;1F 16 01 24 00 01 00 13 37 01 10 02 80 00 02 7E 82 80 00 03 00 02 80 00 04 00 02 80 00 05 00 02 80 00 06 00 02 80 00 07 10 02 80 00 08 10 02 80 00 09 10 02 80 00 0A 10 02 80 00 0B 10 02 80 00 14 04 00 00 00 00 19 06 00 00 00 00 00 00 B3 A1 2F 55;HEX;
128;R;13:46:44:093;1F 16 01 24 77 01 00 22 AE 2F 55;HEX;
129;R;13:46:45:109;1F 16 01 24 77 01 00 22 AE 2F 55;HEX;
130;R;13:46:46:109;1F 16 01 24 77 01 00 22 AE 2F 55;HEX;
131;R;13:46:47:109;1F 16 01 24 77 01 00 22 AE 2F 55;HEX;
132;R;13:46:48:125;1F 16 01 24 77 01 00 22 AE 2F 55;HEX;
133;R;13:46:49:140;1F 16 01 24 77 01 00 22 AE 2F 55;HEX;
134;R;13:46:50:140;1F 16 01 24 77 01 00 22 AE 2F 55;HEX;
135;R;13:46:51:156;1F 16 01 24 00 01 00 13 37 01 10 02 80 00 02 10 02 80 00 03 10 02 80 00 04 10 02 80 00 05 10 02 80 00 06 10 02 80 00 07 10 02 80 00 08 10 02 80 00 09 10 02 80 00 0A 10 02 80 00 0B 10 02 80 00 14 04 00 00 00 00 19 06 00 00 00 00 00 00 DA A2 2F 55;HEX;
136;R;13:46:52:156;1F 16 01 24 00 01 00 13 37 01 10 02 80 00 02 10 02 80 00 03 10 02 80 00 04 10 02 80 00 05 10 02 80 00 06 10 02 80 00 07 10 02 80 00 08 10 02 80 00 09 10 02 80 00 0A 10 02 80 00 0B 10 02 80 00 14 04 00 00 00 00 19 06 00 00 00 00 00 00 DA A2 2F 55;HEX;
137;R;13:46:53:171;1F 16 01 24 00 01 00 13 37 01 10 02 80 00 02 10 02 80 00 03 10 02 80 00 04 10 02 80 00 05 10 02 80 00 06 10 02 80 00 07 10 02 80 00 08 10 02 80 00 09 10 02 80 00 0A 10 02 80 00 0B 10 02 80 00 14 04 00 00 00 00 19 06 00 00 00 00 00 00 DA A2 2F 55;HEX;
138;R;13:46:54:171;1F 16 01 24 00 01 00 13 37 01 10 02 80 00 02 10 02 80 00 03 10 02 80 00 04 10 02 80 00 05 10 02 80 00 06 10 02 80 00 07 10 02 80 00 08 10 02 80 00 09 10 02 80 00 0A 10 02 80 00 0B 10 02 80 00 14 04 00 00 00 00 19 06 00 00 00 00 00 00 DA A2 2F 55;HEX;
139;R;13:46:55:187;1F 16 01 24 00 01 00 13 37 01 10 02 80 00 02 10 02 80 00 03 10 02 80 00 04 10 02 80 00 05 10 02 80 00 06 10 02 80 00 07 10 02 80 00 08 10 02 80 00 09 10 02 80 00 0A 10 02 80 00 0B 10 02 80 00 14 04 00 00 00 00 19 06 00 00 00 00 00 00 DA A2 2F 55;HEX;
