#;Тип операции;Время;Сообщение;Вид представления;
0;R;13:12:21:093; 1F 16 01 24 00 01 00 13 37 01 10 02 80 00 02 10 02 80 00 03 10 02 80 00 04 10 02 80 00 05 10 02 80 00 06 10 02 80 00 07 10 02 80 00 08 10 02 80 00 09 10 02 80 00 0A 10 02 80 00 0B 10 02 80 00 14 04 00 00 00 00 19 06 00 00 00 00 00 00 DA A2 2F 55;HEX;
1;R;13:12:22:093; 1F 16 01 24 00 01 00 13 37 01 10 02 80 00 02 10 02 80 00 03 10 02 80 00 04 10 02 80 00 05 10 02 80 00 06 10 02 80 00 07 10 02 80 00 08 10 02 80 00 09 10 02 80 00 0A 10 02 80 00 0B 10 02 80 00 14 04 00 00 00 00 19 06 00 00 00 00 00 00 DA A2 2F 55;HEX;
2;R;13:12:23:109; 1F 16 01 24 00 01 00 13 37 01 10 02 80 00 02 10 02 80 00 03 10 02 80 00 04 10 02 80 00 05 10 02 80 00 06 10 02 80 00 07 10 02 80 00 08 10 02 80 00 09 10 02 80 00 0A 10 02 80 00 0B 10 02 80 00 14 04 00 00 00 00 19 06 00 00 00 00 00 00 DA A2 2F 55;HEX;
3;R;13:12:24:109; 1F 16 01 24 00 01 00 13 37 01 10 02 80 00 02 10 02 80 00 03 10 02 80 00 04 10 02 80 00 05 10 02 80 00 06 10 02 80 00 07 10 02 80 00 08 10 02 80 00 09 10 02 80 00 0A 10 02 80 00 0B 10 02 80 00 14 04 00 00 00 00 19 06 00 00 00 00 00 00 DA A2 2F 55;HEX;
4;R;13:12:25:125; 1F 16 01 24 00 01 00 13 37 01 10 02 80 00 02 10 02 80 00 03 10 02 80 00 04 10 02 80 00 05 10 02 80 00 06 10 02 80 00 07 10 02 80 00 08 10 02 80 00 09 10 02 80 00 0A 10 02 80 00 0B 10 02 80 00 14 04 00 00 00 00 19 06 00 00 00 00 00 00 DA A2 2F 55;HEX;
5;R;13:12:26:125; 1F 16 01 24 00 01 00 13 37 01 10 02 80 00 02 10 02 80 00 03 10 02 80 00 04 10 02 80 00 05 10 02 80 00 06 10 02 80 00 07 10 02 80 00 08 10 02 80 00 09 10 02 80 00 0A 10 02 80 00 0B 10 02 80 00 14 04 00 00 00 00 19 06 00 00 00 00 00 00 DA A2 2F 55;HEX;
6;R;13:12:27:140; 1F 16 01 24 00 01 00 13 37 01 10 02 80 00 02 10 02 80 00 03 10 02 80 00 04 10 02 80 00 05 10 02 80 00 06;HEX;
7;R;13:12:27:437; 10 02 80 00 07 10 02 80 00 08 10 02 80 00 09 10 02 80 00 0A 10 02 80 00 0B 10 02 80 00 14 04 00 00 00 00 19 06 00 00 00 00 00 00 DA A2 2F 55;HEX;
8;R;13:12:28:140; 1F 16 01 24 00 01 00 13 37 01 10 02 80 00 02 10 02 80 00 03 10 02 80 00 04 10 02 80 00 05 10 02 80 00 06 10 02 80 00 07 10 02 80 00 08 10 02 80 00 09 10 02 80 00 0A 10 02 80 00 0B 10 02 80 00 14 04 00 00 00 00 19 06 00 00 00 00 00 00 DA A2 2F 55;HEX;
9;R;13:12:29:156; 1F 16 01 24 00 01 00 13 37 01 10 02 80 00 02 10 02 80 00 03 10 02 80 00 04 10 02 80 00 05 10 02 80 00 06 10 02 80 00 07 10 02 80 00 08 10 02 80 00 09 10 02 80 00 0A 10 02 80 00 0B 10 02 80 00 14 04 00 00 00 00 19 06 00 00 00 00 00 00 DA A2 2F 55;HEX;
10;R;13:12:30:171;1F 16 01 24 00 01 00 13 37 01 10 02 80 00 02 10 02 80 00 03 10 02 80 00 04 10 02 80 00 05 10 02 80 00 06 10 02 80 00 07 10 02 80 00 08 10 02 80 00 09 10 02 80 00 0A 10 02 80 00 0B 10 02 80 00 14 04 00 00 00 00 19 06 00 00 00 00 00 00 DA A2 2F 55;HEX;
11;R;13:12:31:171;1F 16 01 24 00 01 00 13 37 01 10 02 80 00 02 10 02 80 00 03 10 02 80 00 04 10 02 80 00 05 10 02 80 00 06 10 02 80 00 07 10 02 80 00 08 10 02 80 00 09 10 02 80 00 0A 10 02 80 00 0B 10 02 80 00 14 04 00 00 00 00 19 06 00 00 00 00 00 00 DA A2 2F 55;HEX;
12;R;13:12:32:171;1F 16 01 24 00 01 00 13 37 01 10 02 80 00 02 10 02 80 00 03 10 02 80 00 04 10 02 80 00 05 10 02 80 00 06 10 02 80 00 07 10 02 80 00 08 10 02 80 00 09 10 02 80 00 0A 10 02 80 00 0B 10 02 80 00 14 04 00 00 00 00 19 06 00 00 00 00 00 00 DA A2 2F 55;HEX;
13;R;13:12:33:187;1F 16 01 24 00 01 00 13 37 01 10 02 80 00 02 10 02 80 00 03 10 02 80 00 04 10 02 80 00 05 10 02 80 00 06 10 02 80 00 07 10 02 80 00 08 10 02 80 00 09 10 02 80 00 0A 10 02 80 00 0B 10 02 80 00 14 04 00 00 00 00 19 06 00 00 00 00 00 00 DA A2 2F 55;HEX;
14;R;13:12:34:203;1F 16 01 24 00 01 00 13 37 01 10 02 80 00 02 10 02 80 00 03 10 02 80 00 04 10 02 80 00 05 10 02 80 00 06 10 02 80 00 07 10 02 80 00 08 10 02 80 00 09 10 02 80 00 0A 10 02 80 00 0B 10 02 80 00 14 04 00 00 00 00 19 06 00 00 00 00 00 00 DA A2 2F 55;HEX;
15;R;13:12:35:203;1F 16 01 24 00 01 00 13 37 01 10 02 80 00 02 10 02 80 00 03 10 02 80 00 04 10 02 80 00 05 10 02 80 00 06 10 02 80 00 07 10 02 80 00 08 10 02 80 00 09 10 02 80 00 0A 10 02 80 00 0B 10 02 80 00 14 04 00 00 00 00 19 06 00 00 00 00 00 00 DA A2 2F 55;HEX;
16;R;13:12:36:218;1F 16 01 24 00 01 00 13 37 01 10 02 80 00 02 10 02 80 00 03 10 02 80 00 04 10 02 80 00 05 10 02 80 00 06 10 02 80 00 07 10 02 80 00 08 10 02 80 00 09 10 02 80 00 0A 10 02 80 00 0B 10 02 80 00 14 04 00 00 00 00 19 06 00 00 00 00 00 00 DA A2 2F 55;HEX;
17;R;13:12:37:218;1F 16 01 24 00 01 00 13 37 01 10 02 80 00 02 10 02 80 00 03 10 02 80 00 04 10 02 80 00 05 10 02 80 00 06 10 02 80 00 07 10 02 80 00 08 10 02 80 00 09 10 02 80 00 0A 10 02 80 00 0B 10 02 80 00 14 04 00 00 00 00 19 06 00 00 00 00 00 00 DA A2 2F 55;HEX;
18;R;13:12:38:218;1F 16 01 24 00 01 00 13 37 01 10 02 80 00 02 10 02 80 00 03 10 02 80 00 04 10 02 80 00 05 10 02 80 00 06 10 02 80 00 07 10 02 80 00 08 10 02 80 00 09 10 02 80 00 0A 10 02 80 00 0B 10 02 80 00 14 04 00 00 00 00 19 06 00 00 00 00 00 00 DA A2 2F 55;HEX;
19;R;13:12:39:234;1F 16 01 24 00 01 00 13 37 01 10 02 80 00 02 10 02 80 00 03 10 02 80 00 04 10 02 80 00 05 10 02 80 00 06 10 02 80 00 07 10 02 80 00 08 10 02 80 00 09 10 02 80 00 0A 10 02 80 00 0B 10 02 80 00 14 04 00 00 00 00 19 06 00 00 00 00 00 00 DA A2 2F 55;HEX;
