#;Тип операции;Время;Сообщение;Вид представления;
0;R;11:09:34:156;00 DC 94 01 10 0A 06 00 08 10 19 0E 00 00 00 00 00 00 00 00 00 00 00 00 00 00 7E 9F;HEX;
1;R;11:09:34:437;01 10 0A 00 00 02 04 00 01 00 00 DC CF;HEX;
2;R;11:09:34:734;01 10 0A 05 00 01 02 00 00 0C 05;HEX;
3;R;11:09:35:015;01 10 0A FA 00 03 06 14 04 00 00 00 00 10 6F;HEX;
4;R;11:09:35:296;01 10 0A A0 00 22 44 13 42 01 10 02 80 00 00 02 10 02 80 00 00 03 10 02 80 00 00 04 10 02 80 00 00 05 10 02 80 00 00 06 10 02 80 00 00 07 10 02 80 00 00 08 10 02 80 00 00 09 10 02 80 00 00 0A 10 02 80 00 00 0B 10 02 80 00 00 DC 94;HEX;
5;R;11:09:35:625;01 10 0A 06 00 08 10 19 0E 00 00 00 00 00 00 00 00 00 00 00 00 00 00 7E 9F;HEX;
6;R;11:09:35:906;01 10 0A 00 00 02 04 00 01 00 00 DC CF;HEX;
7;R;11:09:36:203;01 10 0A 05 00 01 02 00 00 0C 05;HEX;
8;R;11:09:36:484;01 10 0A FA 00 03 06 14 04 00 00 00 00 10 6F;HEX;
9;R;11:09:36:781;01 10 0A A0 00 22 44 13 42 01 10 02 80 00 00 02 10 02 80 00 00 03 10 02 80 00 00 04 10 02 80 00 00 05 10 02 80 00 00 06 10 02 80 00 00 07 10 02 80 00 00 08 10 02 80 00 00 09 10 02 80 00 00 0A 10 02 80 00 00 0B 10 02 80 00 00 DC 94;HEX;
10;R;11:09:37:093;01 10 0A 06 00 08 10 19 0E 00 00 00 00 00 00 00 00 00 00 00 00 00 00 7E 9F;HEX;
11;R;11:09:37:390;01 10 0A 00 00 02 04 00 01 00 00 DC CF;HEX;
12;R;11:09:37:671;01 10 0A 05 00 01 02 00 00 0C 05;HEX;
13;R;11:09:37:953;01 10 0A FA 00 03 06 14 04 00 00 00 00 10 6F;HEX;
14;R;11:09:38:250;01 10 0A A0 00 22 44 13 42 01 10 02 80 00 00 02 10 02 80 00 00 03 10 02 80 00 00 04 10 02 80 00 00 05 10 02 80 00 00 06 10 02 80 00 00 07 10 02 80 00 00 08 10 02 80 00 00 09 10 02 80 00 00 0A 10 02 80 00 00 0B 10 02 80 00 00 DC 94;HEX;
15;R;11:09:38:562;01 10 0A 06 00 08 10 19 0E 00 00 00 00 00 00 00 00 00 00 00 00 00 00 7E 9F;HEX;
16;R;11:09:38:859;01 10 0A 00 00 02 04 00 01 00 00 DC CF;HEX;
17;R;11:09:39:140;01 10 0A 05 00 01 02 00 00 0C 05;HEX;
18;R;11:09:39:437;01 10 0A FA 00 03 06 14 04 00 00 00 00 10 6F;HEX;
19;R;11:09:39:718;01 10 0A A0 00 22 44 13 42 01 10 02 80 00 00 02 10 02 80 00 00 03 10 02 80 00 00 04 10 02 80 00 00 05 10 02 80 00 00 06 10 02 80 00 00 07 10 02 80 00 00 08 10 02 80 00 00 09 10 02 80 00 00 0A 10 02 80 00 00 0B 10 02 80 00 00 DC 94;HEX;
20;R;11:09:40:031;01 10 0A 06 00 08 10 19 0E 00 00 00 00 00 00 00 00 00 00 00 00 00 00 7E 9F;HEX;
21;R;11:09:40:328;01 10 0A 00 00 02 04 00 01 00 00 DC CF;HEX;
22;R;11:09:40:609;01 10 0A 05 00 01 02 00 00 0C 05;HEX;
23;R;11:09:40:906;01 10 0A FA 00 03 06 14 04 00 00 00 00 10 6F;HEX;
24;R;11:09:41:171;01 10 0A A0 00 22 44 13 42 01 10 02 80 00 00 02 10 02 80 00 00 03 10 02 80 00 00 04 10 02 80 00 00 05 10 02 80 00 00 06 10 02 80 00 00 07 10 02 80 00 00 08 10 02 80 00 00 09 10 02 80 00 00 0A 10 02 80 00 00 0B 10 02 80 00 00 DC 94;HEX;
25;R;11:09:41:515;01 10 0A 06 00 08 10 19 0E 00 00 00 00 00 00 00 00 00 00 00 00 00 00 7E 9F;HEX;
26;R;11:09:41:796;01 10 0A 00 00 02 04 00 01 00 00 DC CF;HEX;
27;R;11:09:42:093;01 10 0A 05 00 01 02 00 00 0C 05;HEX;
28;R;11:09:42:359;01 10 0A FA 00 03 06 14 04 00 00 00 00 10 6F;HEX;
29;R;11:09:42:640;01 10 0A A0 00 22 44 13 42 01 10 02 80 00 00 02 10 02 80 00 00 03 10 02 80 00 00 04 10 02 80 00 00 05 10 02 80 00 00 06 10 02 80 00 00 07 10 02 80 00 00 08 10 02 80 00 00 09 10 02 80 00 00 0A 10 02 80 00 00 0B 10 02 80 00 00 DC 94;HEX;
30;R;11:09:42:984;01 10 0A 06 00 08 10 19 0E 00 00 00 00 00 00 00 00 00 00 00 00 00 00 7E 9F;HEX;
31;R;11:09:43:265;01 10 0A 00 00 02 04 00 01 00 00 DC CF;HEX;
32;R;11:09:43:562;01 10 0A 05 00 01 02 00 00 0C 05;HEX;
33;R;11:09:43:828;01 10 0A FA 00 03 06 14 04 00 00 00 00 10 6F;HEX;
34;R;11:09:44:125;01 10 0A A0 00 22 44 13 42 01 10 02 80 00 00 02 10 02 80 00 00 03 10 02 80 00 00 04 10 02 80 00 00 05 10 02 80 00 00 06 10 02 80 00 00 07 10 02 80 00 00 08 10 02 80 00 00 09 10 02 80 00 00 0A 10 02 80 00 00 0B 10 02 80 00 00 DC 94;HEX;
35;R;11:09:44:437;01 10 0A 06 00 08 10 19 0E 00 00 00 00 00 00 00 00 00 00 00 00 00 00 7E 9F;HEX;
36;R;11:09:44:734;01 10 0A 00 00 02 04 00 01 00 00 DC CF;HEX;
37;R;11:09:45:031;01 10 0A 05 00 01 02 00 00 0C 05;HEX;
38;R;11:09:45:296;01 10 0A FA 00 03 06 14 04 00 00 00 00 10 6F;HEX;
39;R;11:09:45:593;01 10 0A A0 00 22 44 13 42 01 10 02 80 00 00 02 10 02 80 00 00 03 10 02 80 00 00 04 79 02 80 05 00 05 10 02 80 00 00 06 10 02 80 00 00 07 10 02 80 00 00 08 10 02 80 00 00 09 10 02 80 00 00 0A 10 02 80 00 00 0B 10 02 80 00 00 A5 1B;HEX;
40;R;11:09:45:906;01 10 0A 06 00 08 10 19 0E 00 00 00 00 00 00 00 00 00 00 00 00 00 00 7E 9F;HEX;
41;R;11:09:46:218;01 10 0A 00 00 02 04 00 01 00 00 DC CF;HEX;
42;R;11:09:46:500;01 10 0A 05 00 01 02 00 00 0C 05;HEX;
43;R;11:09:46:781;01 10 0A FA 00 03 06 14 04 00 00 00 00 10 6F;HEX;
44;R;11:09:47:062;01 10 0A A0 00 22 44 13 42 01 10 02 80 00 00 02 10 02 80 00 00 03 10 02 80 00 00 04 7B 82 80 00 00 05 10 02 80 00 00 06 10 02 80 00 00 07 10 02 80 00 00 08 10 02 80 00 00 09 10 02 80 00 00 0A 10 02 80 00 00 0B 10 02 80 00 00 F3 DD;HEX;
45;R;11:09:47:375;01 10 0A 06 00 08 10 19 0E 00 00 00 00 00 00 00 00 00 00 00 00 00 00 7E 9F;HEX;
46;R;11:09:47:687;01 10 0A 00 00 02 04 00 01 00 00 DC CF;HEX;
47;R;11:09:47:953;01 10 0A 05 00 01 02 00 00 0C 05;HEX;
48;R;11:09:48:250;01 10 0A FA 00 03 06 14 04 00 00 00 00 10 6F;HEX;
49;R;11:09:48:531;01 10 0A A0 00 22 44 13 42 01 10 02 80 00 00 02 10 02 80 00 00 03 10 02 80 00 00 04 7B 82 80 00 00 05 10 02 80 00 00 06 00 02 80 00 00 07 10 02 80 00 00 08 10 02 80 00 00 09 10 02 80 00 00 0A 10 02 80 00 00 0B 10 02 80 00 00 22 1F;HEX;
50;R;11:09:48:859;01 10 0A 06 00 08 10 19 0E 00 00 00 00 00 00 00 00 00 00 00 00 00 00 7E 9F;HEX;
51;R;11:09:49:156;01 10 0A 00 00 02 04 00 01 00 00 DC CF;HEX;
52;R;11:09:49:421;01 10 0A 05 00 01 02 00 00 0C 05;HEX;
53;R;11:09:49:718;01 10 0A FA 00 03 06 14 04 00 00 00 00 10 6F;HEX;
54;R;11:09:50:000;01 10 0A A0 00 22 44 13 42 01 10 02 80 00 00 02 10 02 80 00 00 03 10 02 80 00 00 04 7B 82 80 00 00 05 10 02 80 00 00 06 00 02 80 00 00 07 10 02 80 00 00 08 10 02 80 00 00 09 10 02 80 00 00 0A 10 02 80 00 00 0B 10 02 80 00 00 22 1F;HEX;
55;R;11:09:50:328;01 10 0A 06 00 08 10 19 0E 00 00 00 00 00 00 00 00 00 00 00 00 00 00 7E 9F;HEX;
56;R;11:09:50:625;01 10 0A 00 00 02 04 00 01 00 00 DC CF;HEX;
57;R;11:09:50:906;01 10 0A 05 00 01 02 00 00 0C 05;HEX;
58;R;11:09:51:187;01 10 0A FA 00 03 06 14 04 00 00 00 00 10 6F;HEX;
59;R;11:09:51:484;01 10 0A A0 00 22 44 13 42 01 10 02 80 00 00 02 10 02 80 00 00 03 10 02 80 00 00 04 7B 82 80 00 00 05 10 02 80 00 00 06 00 02 80 00 00 07 10 02 80 00 00 08 10 02 80 00 00 09 10 02 80 00 00 0A 10 02 80 00 00 0B 10 02 80 00 00 22 1F;HEX;
60;R;11:09:51:796;01 10 0A 06 00 08 10 19 0E 00 00 00 00 00 00 00 00 00 00 00 00 00 00 7E 9F;HEX;
61;R;11:09:52:078;01 10 0A 00 00 02 04 00 01 00 00 DC CF;HEX;
62;R;11:09:52:375;01 10 0A 05 00 01 02 00 00 0C 05;HEX;
63;R;11:09:52:656;01 10 0A FA 00 03 06 14 04 00 00 00 00 10 6F;HEX;
64;R;11:09:52:953;01 10 0A A0 00 22 44 13 42 01 10 02 80 00 00 02 10 02 80 00 00 03 10 02 80 00 00 04 7B 82 80 00 00 05 10 02 80 00 00 06 00 02 80 00 00 07 10 02 80 00 00 08 10 02 80 00 00 09 10 02 80 00 00 0A 10 02 80 00 00 0B 10 02 80 00 00 22 1F;HEX;
65;R;11:09:53:265;01 10 0A 06 00 08 10 19 0E 00 00 00 00 00 00 00 00 00 00 00 00 00 00 7E 9F;HEX;
66;R;11:09:53:562;01 10 0A 00 00 02 04 00 01 00 00 DC CF;HEX;
67;R;11:09:53:843;01 10 0A 05 00 01 02 00 00 0C 05;HEX;
68;R;11:09:54:125;01 10 0A FA 00 03 06 14 04 00 00 00 00 10 6F;HEX;
69;R;11:09:54:421;01 10 0A A0 00 22 44 13 42 01 10 02 80 00 00 02 10 02 80 00 00 03 10 02 80 00 00 04 7B 82 80 00 00 05 10 02 80 00 00 06 00 02 80 00 00 07 10 02 80 00 00 08 10 02 80 00 00 09 10 02 80 00 00 0A 10 02 80 00 00 0B 10 02 80 00 00 22 1F;HEX;
70;R;11:09:54:734;01 10 0A 06 00 08 10 19 0E 00 00 00 00 00 00 00 00 00 00 00 00 00 00 7E 9F;HEX;
71;R;11:09:55:031;01 10 0A 00 00 02 04 00 01 00 00 DC CF;HEX;
72;R;11:09:55:312;01 10 0A 05 00 01 02 00 00 0C 05;HEX;
73;R;11:09:55:609;01 10 0A FA 00 03 06 14 04 00 00 00 00 10 6F;HEX;
74;R;11:09:55:890;01 10 0A A0 00 22 44 13 42 01 10 02 80 00 00 02 10 02 80 00 00 03 10 02 80 00 00 04 7B 82 80 00 00 05 10 02 80 00 00 06 00 02 80 00 00 07 10 02 80 00 00 08 10 02 80 00 00 09 10 02 80 00 00 0A 10 02 80 00 00 0B 10 02 80 00 00 22 1F;HEX;
75;R;11:09:56:218;01 10 0A 06 00 08 10 19 0E 00 00 00 00 00 00 00 00 00 00 00 00 00 00 7E 9F;HEX;
76;R;11:09:56:500;01 10 0A 00 00 02 04 00 01 00 00 DC CF;HEX;
77;R;11:09:56:781;01 10 0A 05 00 01 02 00 00 0C 05;HEX;
78;R;11:09:57:078;01 10 0A FA 00 03 06 14 04 00 00 00 00 10 6F;HEX;
79;R;11:09:57:359;01 10 0A A0 00 22 44 13 42 01 10 02 80 00 00 02 10 02 80 00 00 03 10 02 80 00 00 04 7B 82 80 00 00 05 10 02 80 00 00 06 00 02 80 00 00 07 10 02 80 00 00 08 10 02 80 00 00 09 10 02 80 00 00 0A 10 02 80 00 00 0B 10 02 80 00 00 22 1F;HEX;
80;R;11:09:57:687;01 10 0A 06 00 08 10 19 0E 00 00 00 00 00 00 00 00 00 00 00 00 00 00 7E 9F;HEX;
81;R;11:09:57:968;01 10 0A 00 00 02 04 00 01 00 00 DC CF;HEX;
82;R;11:09:58:265;01 10 0A 05 00 01 02 00 00 0C 05;HEX;
83;R;11:09:58:546;01 10 0A FA 00 03 06 14 04 00 00 00 00 10 6F;HEX;
84;R;11:09:58:828;01 10 0A A0 00 22 44 13 42 01 10 02 80 00 00 02 10 02 80 00 00 03 10 02 80 00 00 04 7B 82 80 00 00 05 10 02 80 00 00 06 00 02 80 00 00 07 10 02 80 00 00 08 10 02 80 00 00 09 10 02 80 00 00 0A 10 02 80 00 00 0B 10 02 80 00 00 22 1F;HEX;
85;R;11:09:59:156;01 10 0A 06 00 08 10 19 0E 00 00 00 00 00 00 00 00 00 00 00 00 00 00 7E 9F;HEX;
86;R;11:09:59:437;01 10 0A 00 00 02 04 00 01 00 00 DC CF;HEX;
87;R;11:09:59:734;01 10 0A 05 00 01 02 00 00 0C 05;HEX;
88;R;11:10:00:015;01 10 0A FA 00 03 06 14 04 00 00 00 00 10 6F;HEX;
89;R;11:10:00:312;01 10 0A A0 00 22 44 13 42 01 10 02 80 00 00 02 10 02 80 00 00 03 10 02 80 00 00 04 7B 82 80 00 00 05 10 02 80 00 00 06 00 02 80 00 00 07 10 02 80 00 00 08 10 02 80 00 00 09 10 02 80 00 00 0A 10 02 80 00 00 0B 10 02 80 00 00 22 1F;HEX;
90;R;11:10:00:625;01 10 0A 06 00 08 10 19 0E 00 00 00 00 00 00 00 00 00 00 00 00 00 00 7E 9F;HEX;
91;R;11:10:00:921;01 10 0A 00 00 02 04 00 01 00 00 DC CF;HEX;
92;R;11:10:01:203;01 10 0A 05 00 01 02 00 00 0C 05;HEX;
93;R;11:10:01:484;01 10 0A FA 00 03 06 14 04 00 00 00 00 10 6F;HEX;
94;R;11:10:01:781;01 10 0A A0 00 22 44 13 42 01 10 02 80 00 00 02 10 02 80 00 00 03 10 02 80 00 00 04 7B 82 80 00 00 05 10 02 80 00 00 06 00 02 80 00 00 07 10 02 80 00 00 08 10 02 80 00 00 09 10 02 80 00 00 0A 10 02 80 00 00 0B 10 02 80 00 00 22 1F;HEX;
95;R;11:10:02:093;01 10 0A 06 00 08 10 19 0E 00 00 00 00 00 00 00 00 00 00 00 00 00 00 7E 9F;HEX;
96;R;11:10:02:390;01 10 0A 00 00 02 04 00 01 00 00 DC CF;HEX;
97;R;11:10:02:671;01 10 0A 05 00 01 02 00 00 0C 05;HEX;
98;R;11:10:02:968;01 10 0A FA 00 03 06 14 04 00 00 00 00 10 6F;HEX;
99;R;11:10:03:250;01 10 0A A0 00 22 44 13 42 01 10 02 80 00 00 02 10 02 80 00 00 03 10 02 80 00 00 04 7B 82 80 00 00 05 10 02 80 00 00 06 00 02 80 00 00 07 10 02 80 00 00 08 10 02 80 00 00 09 10 02 80 00 00 0A 10 02 80 00 00 0B 10 02 80 00 00 22 1F;HEX;
100;R;11:10:03:578;01 10 0A 06 00 08 10 19 0E 00 00 00 00 00 00 00 00 00 00 00 00 00 00 7E 9F;HEX;
101;R;11:10:03:859;01 10 0A 00 00 02 04 00 01 00 00 DC CF;HEX;
102;R;11:10:04:140;01 10 0A 05 00 01 02 00 00 0C 05;HEX;
103;R;11:10:04:437;01 10 0A FA 00 03 06 14 04 00 00 00 00 10 6F;HEX;
104;R;11:10:04:703;01 10 0A A0 00 22 44 13 42 01 10 02 80 00 00 02 10 02 80 00 00 03 10 02 80 00 00 04 7B 82 80 00 00 05 10 02 80 00 00 06 00 02 80 00 00 07 10 02 80 00 00 08 10 02 80 00 00 09 10 02 80 00 00 0A 10 02 80 00 00 0B 10 02 80 00 00 22 1F;HEX;
105;R;11:10:05:046;01 10 0A 06 00 08 10 19 0E 00 00 00 00 00 00 00 00 00 00 00 00 00 00 7E 9F;HEX;
106;R;11:10:05:328;01 10 0A 00 00 02 04 00 01 00 00 DC CF;HEX;
107;R;11:10:05:625;01 10 0A 05 00 01 02 00 00 0C 05;HEX;
108;R;11:10:05:890;01 10 0A FA 00 03 06 14 04 00 00 00 00 10 6F;HEX;
109;R;11:10:06:171;01 10 0A A0 00 22 44 13 42 01 10 02 80 00 00 02 10 02 80 00 00 03 10 02 80 00 00 04 7B 82 80 00 00 05 10 02 80 00 00 06 00 02 80 00 00 07 10 02 80 00 00 08 10 02 80 00 00 09 10 02 80 00 00 0A 10 02 80 00 00 0B 10 02 80 00 00 22 1F;HEX;
110;R;11:10:06:515;01 10 0A 06 00 08 10 19 0E 00 00 00 00 00 00 00 00 00 00 00 00 00 00 7E 9F;HEX;
111;R;11:10:06:796;01 10 0A 00 00 02 04 00 01 00 00 DC CF;HEX;
112;R;11:10:07:093;01 10 0A 05 00 01 02 00 00 0C 05;HEX;
113;R;11:10:07:359;01 10 0A FA 00 03 06 14 04 00 00 00 00 10 6F;HEX;
114;R;11:10:07:656;01 10 0A A0 00 22 44 13 42 01 10 02 80 00 00 02 10 02 80 00 00 03 10 02 80 00 00 04 7B 82 80 00 00 05 10 02 80 00 00 06 00 02 80 00 00 07 10 02 80 00 00 08 10 02 80 00 00 09 10 02 80 00 00 0A 10 02 80 00 00 0B 10 02 80 00 00 22 1F;HEX;
115;R;11:10:07:968;01 10 0A 06 00 08 10 19 0E 00 00 00 00 00 00 00 00 00 00 00 00 00 00 7E 9F;HEX;
116;R;11:10:08:281;01 10 0A 00 00 02 04 00 01 00 00 DC CF;HEX;
117;R;11:10:08:562;01 10 0A 05 00 01 02 00 00 0C 05;HEX;
118;R;11:10:08:828;01 10 0A FA 00 03 06 14 04 00 00 00 00 10 6F;HEX;
119;R;11:10:09:125;01 10 0A A0 00 22 44 13 42 01 10 02 80 00 00 02 10 02 80 00 00 03 10 02 80 00 00 04 7B 82 80 00 00 05 10 02 80 00 00 06 00 02 80 00 00 07 10 02 80 00 00 08 10 02 80 00 00 09 10 02 80 00 00 0A 10 02 80 00 00 0B 10 02 80 00 00 22 1F;HEX;
120;R;11:10:09:437;01 10 0A 06 00 08 10 19 0E 00 00 00 00 00 00 00 00 00 00 00 00 00 00 7E 9F;HEX;
121;R;11:10:09:750;01 10 0A 00 00 02 04 00 01 00 00 DC CF;HEX;
122;R;11:10:10:031;01 10 0A 05 00 01 02 00 00 0C 05;HEX;
123;R;11:10:10:312;01 10 0A FA 00 03 06 14 04 00 00 00 00 10 6F;HEX;
124;R;11:10:10:593;01 10 0A A0 00 22 44 13 42 01 10 02 80 00 00 02 10 02 80 00 00 03 10 02 80 00 00 04 7B 82 80 00 00 05 10 02 80 00 00 06 00 02 80 00 00 07 10 02 80 00 00 08 10 02 80 00 00 09 10 02 80 00 00 0A 10 02 80 00 00 0B 10 02 80 00 00 22 1F;HEX;
125;R;11:10:10:921;01 10 0A 06 00 08 10 19 0E 00 00 00 00 00 00 00 00 00 00 00 00 00 00 7E 9F;HEX;
126;R;11:10:11:218;01 10 0A 00 00 02 04 00 01 00 00 DC CF;HEX;
127;R;11:10:11:484;01 10 0A 05 00 01 02 00 00 0C 05;HEX;
128;R;11:10:11:781;01 10 0A FA 00 03 06 14 04 00 00 00 00 10 6F;HEX;
129;R;11:10:12:062;01 10 0A A0 00 22 44 13 42 01 10 02 80 00 00 02 10 02 80 00 00 03 10 02 80 00 00 04 7B 82 80 00 00 05 10 02 80 00 00 06 00 02 80 00 00 07 10 02 80 00 00 08 10 02 80 00 00 09 10 02 80 00 00 0A 10 02 80 00 00 0B 10 02 80 00 00 22 1F;HEX;
130;R;11:10:12:390;01 10 0A 06 00 08 10 19 0E 00 00 00 00 00 00 00 00 00 00 00 00 00 00 7E 9F;HEX;
131;R;11:10:12:687;01 10 0A 00 00 02 04 00 01 00 00 DC CF;HEX;
132;R;11:10:12:968;01 10 0A 05 00 01 02 00 00 0C 05;HEX;
133;R;11:10:13:250;01 10 0A FA 00 03 06 14 04 00 00 00 00 10 6F;HEX;
134;R;11:10:13:531;01 10 0A A0 00 22 44 13 42 01 10 02 80 00 00 02 10 02 80 00 00 03 10 02 80 00 00 04 7B 82 80 00 00 05 10 02 80 00 00 06 00 02 80 00 00 07 10 02 80 00 00 08 10 02 80 00 00 09 10 02 80 00 00 0A 10 02 80 00 00 0B 10 02 80 00 00 22 1F;HEX;
135;R;11:10:13:859;01 10 0A 06 00 08 10 19 0E 00 00 00 00 00 00 00 00 00 00 00 00 00 00 7E 9F;HEX;
136;R;11:10:14:140;01 10 0A 00 00 02 04 00 01 00 00 DC CF;HEX;
137;R;11:10:18:609;01 10 0A 05 00 01 02 00 00 0C 05;HEX;
138;R;11:10:18:890;01 10 0A FA 00 03 06 14 04 00 00 00 00 10 6F;HEX;
139;R;11:10:19:187;01 10 0A A0 00 22 44 13 42 01 10 02 80 00 00 02 00 00 00 00 00 03 00 00 00 00 00 04 00 00 00 00 00 05 00 00 00 00 00 06 00 00 00 00 00 07 00 00 00 00 00 08 00 00 00 00 00 09 00 00 00 00 00 0A 00 00 00 00 00 0B 00 00 00 00 00 20 BF;HEX;
140;R;11:10:19:500;01 10 0A 06 00 08 10 19 0E 00 00 00 00 00 00 00 00 00 00 00 00 00 00 7E 9F;HEX;
141;R;11:10:19:796;01 10 0A 00 00 02 04 77 01 00 00 C7 7B;HEX;
142;R;11:10:20:078;01 10 0A 05 00 01 02 00 00 0C 05;HEX;
143;R;11:10:20:375;01 10 0A FA 00 03 06 14 04 00 00 00 00 10 6F;HEX;
144;R;11:10:20:640;01 10 0A A0 00 22 44 13 42 01 10 02 80 00 00 02 10 02 80 00 00 03 00 00 00 00 00 04 00 00 00 00 00 05 00 00 00 00 00 06 00 00 00 00 00 07 00 00 00 00 00 08 00 00 00 00 00 09 00 00 00 00 00 0A 00 00 00 00 00 0B 00 00 00 00 00 DB D5;HEX;
145;R;11:10:20:968;01 10 0A 06 00 08 10 19 0E 00 00 00 00 00 00 00 00 00 00 00 00 00 00 7E 9F;HEX;
146;R;11:10:21:265;01 10 0A 00 00 02 04 77 01 00 00 C7 7B;HEX;
147;R;11:10:21:546;01 10 0A 05 00 01 02 00 00 0C 05;HEX;
148;R;11:10:21:828;01 10 0A FA 00 03 06 14 04 00 00 00 00 10 6F;HEX;
149;R;11:10:22:109;01 10 0A A0 00 22 44 13 42 01 10 02 80 00 00 02 10 02 80 00 00 03 00 00 00 00 00 04 00 00 00 00 00 05 00 00 00 00 00 06 00 00 00 00 00 07 00 00 00 00 00 08 00 00 00 00 00 09 00 00 00 00 00 0A 00 00 00 00 00 0B 00 00 00 00 00 DB D5;HEX;
150;R;11:10:22:453;01 10 0A 06 00 08 10 19 0E 00 00 00 00 00 00 00 00 00 00 00 00 00 00 7E 9F;HEX;
151;R;11:10:22:734;01 10 0A 00 00 02 04 77 01 00 00 C7 7B;HEX;
152;R;11:10:23:031;01 10 0A 05 00 01 02 00 00 0C 05;HEX;
153;R;11:10:23:296;01 10 0A FA 00 03 06 14 04 00 00 00 00 10 6F;HEX;
154;R;11:10:23:578;01 10 0A A0 00 22 44 13 42 01 10 02 80 00 00 02 10 02 80 00 00 03 00 00 00 00 00 04 00 00 00 00 00 05 00 00 00 00 00 06 00 00 00 00 00 07 00 00 00 00 00 08 00 00 00 00 00 09 00 00 00 00 00 0A 00 00 00 00 00 0B 00 00 00 00 00 DB D5;HEX;
155;R;11:10:23:906;01 10 0A 06 00 08 10 19 0E 00 00 00 00 00 00 00 00 00 00 00 00 00 00 7E 9F;HEX;
156;R;11:10:24:203;01 10 0A 00 00 02 04 77 01 00 00 C7 7B;HEX;
157;R;11:10:24:500;01 10 0A 05 00 01 02 00 00 0C 05;HEX;
158;R;11:10:24:765;01 10 0A FA 00 03 06 14 04 00 00 00 00 10 6F;HEX;
159;R;11:10:25:062;01 10 0A A0 00 22 44 13 42 01 10 02 80 00 00 02 10 02 80 00 00 03 10 02 80 00 00 04 00 00 00 00 00 05 00 00 00 00 00 06 00 00 00 00 00 07 00 00 00 00 00 08 00 00 00 00 00 09 00 00 00 00 00 0A 00 00 00 00 00 0B 00 00 00 00 00 AE 91;HEX;
160;R;11:10:25:375;01 10 0A 06 00 08 10 19 0E 00 00 00 00 00 00 00 00 00 00 00 00 00 00 7E 9F;HEX;
161;R;11:10:25:671;01 10 0A 00 00 02 04 77 01 00 00 C7 7B;HEX;
162;R;11:10:25:968;01 10 0A 05 00 01 02 00 00 0C 05;HEX;
163;R;11:10:26:234;01 10 0A FA 00 03 06 14 04 00 00 00 00 10 6F;HEX;
164;R;11:10:26:531;01 10 0A A0 00 22 44 13 42 01 10 02 80 00 00 02 10 02 80 00 00 03 10 02 80 00 00 04 00 00 00 00 00 05 00 00 00 00 00 06 00 00 00 00 00 07 00 00 00 00 00 08 00 00 00 00 00 09 00 00 00 00 00 0A 00 00 00 00 00 0B 00 00 00 00 00 AE 91;HEX;
165;R;11:10:26:843;01 10 0A 06 00 08 10 19 0E 00 00 00 00 00 00 00 00 00 00 00 00 00 00 7E 9F;HEX;
166;R;11:10:27:156;01 10 0A 00 00 02 04 77 01 00 00 C7 7B;HEX;
167;R;11:10:27:421;01 10 0A 05 00 01 02 00 00 0C 05;HEX;
168;R;11:10:27:718;01 10 0A FA 00 03 06 14 04 00 00 00 00 10 6F;HEX;
169;R;11:10:28:000;01 10 0A A0 00 22 44 13 42 01 10 02 80 00 00 02 10 02 80 00 00 03 10 02 80 00 00 04 10 02 80 00 00 05 00 00 00 00 00 06 00 00 00 00 00 07 00 00 00 00 00 08 00 00 00 00 00 09 00 00 00 00 00 0A 00 00 00 00 00 0B 00 00 00 00 00 A7 06;HEX;
170;R;11:10:28:312;01 10 0A 06 00 08 10 19 0E 00 00 00 00 00 00 00 00 00 00 00 00 00 00 7E 9F;HEX;
171;R;11:10:28:609;01 10 0A 00 00 02 04 77 01 00 00 C7 7B;HEX;
172;R;11:10:28:890;01 10 0A 05 00 01 02 00 00 0C 05;HEX;
173;R;11:10:29:187;01 10 0A FA 00 03 06 14 04 00 00 00 00 10 6F;HEX;
174;R;11:10:29:468;01 10 0A A0 00 22 44 13 42 01 10 02 80 00 00 02 10 02 80 00 00 03 10 02 80 00 00 04 10 02 80 00 00 05 00 00 00 00 00 06 00 00 00 00 00 07 00 00 00 00 00 08 00 00 00 00 00 09 00 00 00 00 00 0A 00 00 00 00 00 0B 00 00 00 00 00 A7 06;HEX;
175;R;11:10:29:796;01 10 0A 06 00 08 10 19 0E 00 00 00 00 00 00 00 00 00 00 00 00 00 00 7E 9F;HEX;
176;R;11:10:30:078;01 10 0A 00 00 02 04 77 01 00 00 C7 7B;HEX;
177;R;11:10:30:359;01 10 0A 05 00 01 02 00 00 0C 05;HEX;
178;R;11:10:30:656;01 10 0A FA 00 03 06 14 04 00 00 00 00 10 6F;HEX;
179;R;11:10:30:937;01 10 0A A0 00 22 44 13 42 01 10 02 80 00 00 02 10 02 80 00 00 03 10 02 80 00 00 04 10 02 80 00 00 05 10 02 80 00 00 06 00 00 00 00 00 07 00 00 00 00 00 08 00 00 00 00 00 09 00 00 00 00 00 0A 00 00 00 00 00 0B 00 00 00 00 00 5C 9F;HEX;
180;R;11:10:31:265;01 10 0A 06 00 08 10 19 0E 00 00 00 00 00 00 00 00 00 00 00 00 00 00 7E 9F;HEX;
181;R;11:10:31:546;01 10 0A 00 00 02 04 77 01 00 00 C7 7B;HEX;
182;R;11:10:31:843;01 10 0A 05 00 01 02 00 00 0C 05;HEX;
183;R;11:10:32:125;01 10 0A FA 00 03 06 14 04 00 00 00 00 10 6F;HEX;
184;R;11:10:32:421;01 10 0A A0 00 22 44 13 42 01 10 02 80 00 00 02 10 02 80 00 00 03 10 02 80 00 00 04 10 02 80 00 00 05 10 02 80 00 00 06 00 00 00 00 00 07 00 00 00 00 00 08 00 00 00 00 00 09 00 00 00 00 00 0A 00 00 00 00 00 0B 00 00 00 00 00 5C 9F;HEX;
185;R;11:10:32:734;01 10 0A 06 00 08 10 19 0E 00 00 00 00 00 00 00 00 00 00 00 00 00 00 7E 9F;HEX;
186;R;11:10:33:015;01 10 0A 00 00 02 04 00 01 00 00 DC CF;HEX;
187;R;11:10:33:312;01 10 0A 05 00 01 02 00 00 0C 05;HEX;
188;R;11:10:33:593;01 10 0A FA 00 03 06 14 04 00 00 00 00 10 6F;HEX;
189;R;11:10:33:890;01 10 0A A0 00 22 44 13 42 01 10 02 80 00 00 02 10 02 80 00 00 03 10 02 80 00 00 04 10 02 80 00 00 05 10 02 80 00 00 06 10 02 80 00 00 07 00 00 00 00 00 08 00 00 00 00 00 09 00 00 00 00 00 0A 00 00 00 00 00 0B 00 00 00 00 00 8D 31;HEX;
190;R;11:10:34:203;01 10 0A 06 00 08 10 19 0E 00 00 00 00 00 00 00 00 00 00 00 00 00 00 7E 9F;HEX;
191;R;11:10:34:500;01 10 0A 00 00 02 04 00 01 00 00 DC CF;HEX;
192;R;11:10:34:781;01 10 0A 05 00 01 02 00 00 0C 05;HEX;
193;R;11:10:35:078;01 10 0A FA 00 03 06 14 04 00 00 00 00 10 6F;HEX;
194;R;11:10:35:359;01 10 0A A0 00 22 44 13 42 01 10 02 80 00 00 02 10 02 80 00 00 03 10 02 80 00 00 04 10 02 80 00 00 05 10 02 80 00 00 06 10 02 80 00 00 07 00 00 00 00 00 08 00 00 00 00 00 09 00 00 00 00 00 0A 00 00 00 00 00 0B 00 00 00 00 00 8D 31;HEX;
195;R;11:10:35:671;01 10 0A 06 00 08 10 19 0E 00 00 00 00 00 00 00 00 00 00 00 00 00 00 7E 9F;HEX;
196;R;11:10:35:968;01 10 0A 00 00 02 04 00 01 00 00 DC CF;HEX;
197;R;11:10:36:250;01 10 0A 05 00 01 02 00 00 0C 05;HEX;
198;R;11:10:36:546;01 10 0A FA 00 03 06 14 04 00 00 00 00 10 6F;HEX;
199;R;11:10:36:828;01 10 0A A0 00 22 44 13 42 01 10 02 80 00 00 02 10 02 80 00 00 03 10 02 80 00 00 04 10 02 80 00 00 05 10 02 80 00 00 06 10 02 80 00 00 07 10 02 80 00 00 08 00 00 00 00 00 09 00 00 00 00 00 0A 00 00 00 00 00 0B 00 00 00 00 00 74 12;HEX;
200;R;11:10:37:156;01 10 0A 06 00 08 10 19 0E 00 00 00 00 00 00 00 00 00 00 00 00 00 00 7E 9F;HEX;
201;R;11:10:37:437;01 10 0A 00 00 02 04 00 01 00 00 DC CF;HEX;
202;R;11:10:37:718;01 10 0A 05 00 01 02 00 00 0C 05;HEX;
203;R;11:10:38:015;01 10 0A FA 00 03 06 14 04 00 00 00 00 10 6F;HEX;
204;R;11:10:38:296;01 10 0A A0 00 22 44 13 42 01 10 02 80 00 00 02 10 02 80 00 00 03 10 02 80 00 00 04 10 02 80 00 00 05 10 02 80 00 00 06 10 02 80 00 00 07 10 02 80 00 00 08 00 00 00 00 00 09 00 00 00 00 00 0A 00 00 00 00 00 0B 00 00 00 00 00 74 12;HEX;
205;R;11:10:38:625;01 10 0A 06 00 08 10 19 0E 00 00 00 00 00 00 00 00 00 00 00 00 00 00 7E 9F;HEX;
206;R;11:10:38:906;01 10 0A 00 00 02 04 00 01 00 00 DC CF;HEX;
207;R;11:10:39:203;01 10 0A 05 00 01 02 00 00 0C 05;HEX;
208;R;11:10:39:484;01 10 0A FA 00 03 06 14 04 00 00 00 00 10 6F;HEX;
209;R;11:10:39:781;01 10 0A A0 00 22 44 13 42 01 10 02 80 00 00 02 10 02 80 00 00 03 10 02 80 00 00 04 10 02 80 00 00 05 10 02 80 00 00 06 10 02 80 00 00 07 10 02 80 00 00 08 10 02 80 00 00 09 00 00 00 00 00 0A 00 00 00 00 00 0B 00 00 00 00 00 85 0F;HEX;
210;R;11:10:40:093;01 10 0A 06 00 08 10 19 0E 00 00 00 00 00 00 00 00 00 00 00 00 00 00 7E 9F;HEX;
211;R;11:10:40:375;01 10 0A 00 00 02 04 00 01 00 00 DC CF;HEX;
212;R;11:10:40:671;01 10 0A 05 00 01 02 00 00 0C 05;HEX;
213;R;11:10:40:953;01 10 0A FA 00 03 06 14 04 00 00 00 00 10 6F;HEX;
214;R;11:10:41:234;01 10 0A A0 00 22 44 13 42 01 10 02 80 00 00 02 10 02 80 00 00 03 10 02 80 00 00 04 10 02 80 00 00 05 10 02 80 00 00 06 10 02 80 00 00 07 10 02 80 00 00 08 10 02 80 00 00 09 00 00 00 00 00 0A 00 00 00 00 00 0B 00 00 00 00 00 85 0F;HEX;
215;R;11:10:41:562;01 10 0A 06 00 08 10 19 0E 00 00 00 00 00 00 00 00 00 00 00 00 00 00 7E 9F;HEX;
216;R;11:10:41:859;01 10 0A 00 00 02 04 00 01 00 00 DC CF;HEX;
217;R;11:10:42:140;01 10 0A 05 00 01 02 00 00 0C 05;HEX;
218;R;11:10:42:406;01 10 0A FA 00 03 06 14 04 00 00 00 00 10 6F;HEX;
219;R;11:10:42:703;01 10 0A A0 00 22 44 13 42 01 10 02 80 00 00 02 10 02 80 00 00 03 10 02 80 00 00 04 10 02 80 00 00 05 10 02 80 00 00 06 10 02 80 00 00 07 10 02 80 00 00 08 10 02 80 00 00 09 10 02 80 00 00 0A 00 00 00 00 00 0B 00 00 00 00 00 89 CB;HEX;
220;R;11:10:43:031;01 10 0A 06 00 08 10 19 0E 00 00 00 00 00 00 00 00 00 00 00 00 00 00 7E 9F;HEX;
221;R;11:10:43:328;01 10 0A 00 00 02 04 00 01 00 00 DC CF;HEX;
222;R;11:10:43:609;01 10 0A 05 00 01 02 00 00 0C 05;HEX;
223;R;11:10:43:890;01 10 0A FA 00 03 06 14 04 00 00 00 00 10 6F;HEX;
224;R;11:10:44:171;01 10 0A A0 00 22 44 13 42 01 10 02 80 00 00 02 10 02 80 00 00 03 10 02 80 00 00 04 10 02 80 00 00 05 10 02 80 00 00 06 10 02 80 00 00 07 10 02 80 00 00 08 10 02 80 00 00 09 10 02 80 00 00 0A 00 00 00 00 00 0B 00 00 00 00 00 89 CB;HEX;
225;R;11:10:44:500;01 10 0A 06 00 08 10 19 0E 00 00 00 00 00 00 00 00 00 00 00 00 00 00 7E 9F;HEX;
226;R;11:10:44:796;01 10 0A 00 00 02 04 00 01 00 00 DC CF;HEX;
227;R;11:10:45:078;01 10 0A 05 00 01 02 00 00 0C 05;HEX;
228;R;11:10:45:359;01 10 0A FA 00 03 06 14 04 00 00 00 00 10 6F;HEX;
229;R;11:10:45:640;01 10 0A A0 00 22 44 13 42 01 10 02 80 00 00 02 10 02 80 00 00 03 10 02 80 00 00 04 10 02 80 00 00 05 10 02 80 00 00 06 10 02 80 00 00 07 10 02 80 00 00 08 10 02 80 00 00 09 10 02 80 00 00 0A 10 02 80 00 00 0B 00 00 00 00 00 1D 07;HEX;
230;R;11:10:45:968;01 10 0A 06 00 08 10 19 0E 00 00 00 00 00 00 00 00 00 00 00 00 00 00 7E 9F;HEX;
231;R;11:10:46:265;01 10 0A 00 00 02 04 00 01 00 00 DC CF;HEX;
232;R;11:10:46:562;01 10 0A 05 00 01 02 00 00 0C 05;HEX;
233;R;11:10:46:828;01 10 0A FA 00 03 06 14 04 00 00 00 00 10 6F;HEX;
