#;Тип операции;Время;Сообщение;Вид представления;
0;R;11:21:59:906;01 10 0A FA 00 03 06 14 04 00 00 00 00 10 6F;HEX;
1;R;11:22:00:203;01 10 0A A0 00 22 44 13 42 01 10 02 80 00 00 02 10 02 80 00 00 03 10 02 80 00 00 04 10 02 80 00 00 05 10 02 80 00 00 06 10 02 80 00 00 07 10 02 80 00 00 08 10 02 80 00 00 09 10 02 80 00 00 0A 10 02 80 00 00 0B 10 02 80 00 00 DC 94;HEX;
2;R;11:22:00:515;01 10 0A 06 00 08 10 19 0E 00 00 00 00 00 00 00 00 00 00 00 00 00 00 7E 9F;HEX;
3;R;11:22:00:812;01 10 0A 00 00 02 04 00 01 00 00 DC CF;HEX;
4;R;11:22:01:093;01 10 0A 05 00 01 02 00 00 0C 05;HEX;
5;R;11:22:01:390;01 10 0A FA 00 03 06 14 04 00 00 00 00 10 6F;HEX;
6;R;11:22:01:671;01 10 0A A0 00 22 44 13 42 01 10 02 80 00 00 02 10 02 80 00 00 03 10 02 80 00 00 04 10 02 80 00 00 05 10 02 80 00 00 06 10 02 80 00 00 07 10 02 80 00 00 08 10 02 80 00 00 09 10 02 80 00 00 0A 10 02 80 00 00 0B 10 02 80 00 00 DC 94;HEX;
7;R;11:22:02:000;01 10 0A 06 00 08 10 19 0E 00 00 00 00 00 00 00 00 00 00 00 00 00 00 7E 9F;HEX;
8;R;11:22:02:281;01 10 0A 00 00 02 04 00 01 00 00 DC CF;HEX;
9;R;11:22:02:562;01 10 0A 05 00 01 02 00 00 0C 05;HEX;
10;R;11:22:02:859;01 10 0A FA 00 03 06 14 04 00 00 00 00 10 6F;HEX;
11;R;11:22:03:140;01 10 0A A0 00 22 44 13 42 01 10 02 80 00 00 02 10 02 80 00 00 03 10 02 80 00 00 04 10 02 80 00 00 05 10 02 80 00 00 06 10 02 80 00 00 07 10 02 80 00 00 08 10 02 80 00 00 09 10 02 80 00 00 0A 10 02 80 00 00 0B 10 02 80 00 00 DC 94;HEX;
12;R;11:22:03:468;01 10 0A 06 00 08 10 19 0E 00 00 00 00 00 00 00 00 00 00 00 00 00 00 7E 9F;HEX;
13;R;11:22:03:750;01 10 0A 00 00 02 04 00 01 00 00 DC CF;HEX;
14;R;11:22:04:046;01 10 0A 05 00 01 02 00 00 0C 05;HEX;
15;R;11:22:04:328;01 10 0A FA 00 03 06 14 04 00 00 00 00 10 6F;HEX;
16;R;11:22:04:609;01 10 0A A0 00 22 44 13 42 01 10 02 80 00 00 02 10 02 80 00 00 03 10 02 80 00 00 04 10 02 80 00 00 05 10 02 80 00 00 06 10 02 80 00 00 07 10 02 80 00 00 08 10 02 80 00 00 09 10 02 80 00 00 0A 10 02 80 00 00 0B 10 02 80 00 00 DC 94;HEX;
17;R;11:22:04:937;01 10 0A 06 00 08 10 19 0E 00 00 00 00 00 00 00 00 00 00 00 00 00 00 7E 9F;HEX;
18;R;11:22:05:218;01 10 0A 00 00 02 04 00 01 00 00 DC CF;HEX;
19;R;11:22:05:515;01 10 0A 05 00 01 02 00 00 0C 05;HEX;
20;R;11:22:05:796;01 10 0A FA 00 03 06 14 04 00 00 00 00 10 6F;HEX;
21;R;11:22:06:093;01 10 0A A0 00 22 44 13 42 01 10 02 80 00 00 02 10 02 80 00 00 03 10 02 80 00 00 04 10 02 80 00 00 05 10 02 80 00 00 06 10 02 80 00 00 07 10 02 80 00 00 08 10 02 80 00 00 09 10 02 80 00 00 0A 10 02 80 00 00 0B 10 02 80 00 00 DC 94;HEX;
22;R;11:22:06:406;01 10 0A 06 00 08 10 19 0E 00 00 00 00 00 00 00 00 00 00 00 00 00 00 7E 9F;HEX;
23;R;11:22:06:703;01 10 0A 00 00 02 04 00 01 00 00 DC CF;HEX;
24;R;11:22:06:984;01 10 0A 05 00 01 02 00 00 0C 05;HEX;
25;R;11:22:07:265;01 10 0A FA 00 03 06 14 04 00 00 00 00 10 6F;HEX;
26;R;11:22:07:562;01 10 0A A0 00 22 44 13 42 01 10 02 80 00 00 02 10 02 80 00 00 03 10 02 80 00 00 04 10 02 80 00 00 05 10 02 80 00 00 06 10 02 80 00 00 07 10 02 80 00 00 08 10 02 80 00 00 09 10 02 80 00 00 0A 10 02 80 00 00 0B 10 02 80 00 00 DC 94;HEX;
27;R;11:22:07:875;01 10 0A 06 00 08 10 19 0E 00 00 00 00 00 00 00 00 00 00 00 00 00 00 7E 9F;HEX;
28;R;11:22:08:171;01 10 0A 00 00 02 04 00 01 00 00 DC CF;HEX;
29;R;11:22:08:453;01 10 0A 05 00 01 02 00 00 0C 05;HEX;
30;R;11:22:08:734;01 10 0A FA 00 03 06 14 04 00 00 00 00 10 6F;HEX;
31;R;11:22:09:015;01 10 0A A0 00 22 44 13 42 01 10 02 80 00 00 02 10 02 80 00 00 03 10 02 80 00 00 04 10 02 80 00 00 05 10 02 80 00 00 06 10 02 80 00 00 07 10 02 80 00 00 08 10 02 80 00 00 09 10 02 80 00 00 0A 10 02 80 00 00 0B 10 02 80 00 00 DC 94;HEX;
32;R;11:22:09:343;01 10 0A 06 00 08 10 19 0E 00 00 00 00 00 00 00 00 00 00 00 00 00 00 7E 9F;HEX;
33;R;11:22:09:640;01 10 0A 00 00 02 04 00 01 00 00 DC CF;HEX;
34;R;11:22:09:921;01 10 0A 05 00 01 02 00 00 0C 05;HEX;
35;R;11:22:10:203;01 10 0A FA 00 03 06 14 04 00 00 00 00 10 6F;HEX;
36;R;11:22:10:484;01 10 0A A0 00 22 44 13 42 01 10 02 80 00 00 02 10 02 80 00 00 03 10 02 80 00 00 04 10 02 80 00 00 05 10 02 80 00 00 06 10 02 80 00 00 07 10 02 80 00 00 08 10 02 80 00 00 09 10 02 80 00 00 0A 10 02 80 00 00 0B 10 02 80 00 00 DC 94;HEX;
37;R;11:22:10:812;01 10 0A 06 00 08 10 19 0E 00 00 00 00 00 00 00 00 00 00 00 00 00 00 7E 9F;HEX;
38;R;11:22:11:109;01 10 0A 00 00 02 04 00 01 00 00 DC CF;HEX;
39;R;11:22:11:406;01 10 0A 05 00 01 02 00 00 0C 05;HEX;
40;R;11:22:11:671;01 10 0A FA 00 03 06 14 04 00 00 00 00 10 6F;HEX;
41;R;11:22:11:953;01 10 0A A0 00 22 44 13 42 01 10 02 80 00 00 02 10 02 80 00 00 03 10 02 80 00 00 04 10 02 80 00 00 05 10 02 80 00 00 06 10 02 80 00 00 07 10 02 80 00 00 08 10 02 80 00 00 09 10 02 80 00 00 0A 10 02 80 00 00 0B 10 02 80 00 00 DC 94;HEX;
42;R;11:22:12:281;01 10 0A 06 00 08 10 19 0E 00 00 00 00 00 00 00 00 00 00 00 00 00 00 7E 9F;HEX;
43;R;11:22:12:578;01 10 0A 00 00 02 04 00 01 00 00 DC CF;HEX;
44;R;11:22:12:875;01 10 0A 05 00 01 02 00 00 0C 05;HEX;
45;R;11:22:13:140;01 10 0A FA 00 03 06 14 04 00 00 00 00 10 6F;HEX;
46;R;11:22:13:437;01 10 0A A0 00 22 44 13 42 01 10 02 80 00 00 02 10 02 80 00 00 03 10 02 80 00 00 04 10 02 80 00 00 05 10 02 80 00 00 06 10 02 80 00 00 07 10 02 80 00 00 08 10 02 80 00 00 09 10 02 80 00 00 0A 10 02 80 00 00 0B 10 02 80 00 00 DC 94;HEX;
47;R;11:22:13:750;01 10 0A 06 00 08 10 19 0E 00 00 00 00 00 00 00 00 00 00 00 00 00 00 7E 9F;HEX;
48;R;11:22:14:046;01 10 0A 00 00 02 04 00 01 00 00 DC CF;HEX;
49;R;11:22:14:328;01 10 0A 05 00 01 02 00 00 0C 05;HEX;
50;R;11:22:14:609;01 10 0A FA 00 03 06 14 04 00 00 00 00 10 6F;HEX;
51;R;11:22:14:906;01 10 0A A0 00 22 44 13 42 01 10 02 80 00 00 02 10 02 80 00 00 03 10 02 80 00 00 04 10 02 80 00 00 05 10 02 80 00 00 06 10 02 80 00 00 07 10 02 80 00 00 08 10 02 80 00 00 09 10 02 80 00 00 0A 10 02 80 00 00 0B 10 02 80 00 00 DC 94;HEX;
52;R;11:22:15:218;01 10 0A 06 00 08 10 19 0E 00 00 00 00 00 00 00 00 00 00 00 00 00 00 7E 9F;HEX;
53;R;11:22:15:531;01 10 0A 00 00 02 04 00 01 00 00 DC CF;HEX;
54;R;11:22:15:796;01 10 0A 05 00 01 02 00 00 0C 05;HEX;
55;R;11:22:16:078;01 10 0A FA 00 03 06 14 04 00 00 00 00 10 6F;HEX;
56;R;11:22:16:375;01 10 0A A0 00 22 44 13 42 01 10 02 80 00 00 02 10 02 80 00 00 03 10 02 80 00 00 04 10 02 80 00 00 05 7B 82 80 00 00 06 10 02 80 00 00 07 10 02 80 00 00 08 10 02 80 00 00 09 10 02 80 00 00 0A 10 02 80 00 00 0B 10 02 80 00 00 99 0C;HEX;
57;R;11:22:16:687;01 10 0A 06 00 08 10 19 0E 00 00 00 00 00 00 00 00 00 00 00 00 00 00 7E 9F;HEX;
58;R;11:22:16:984;01 10 0A 00 00 02 04 00 01 00 00 DC CF;HEX;
59;R;11:22:17:265;01 10 0A 05 00 01 02 00 00 0C 05;HEX;
60;R;11:22:17:562;01 10 0A FA 00 03 06 14 04 00 00 00 00 10 6F;HEX;
61;R;11:22:17:843;01 10 0A A0 00 22 44 13 42 01 10 02 80 00 00 02 10 02 80 00 00 03 10 02 80 00 00 04 10 02 80 00 00 05 7B 82 80 00 00 06 10 02 80 00 00 07 10 02 80 00 00 08 10 02 80 00 00 09 10 02 80 00 00 0A 10 02 80 00 00 0B 10 02 80 00 00 99 0C;HEX;
62;R;11:22:18:171;01 10 0A 06 00 08 10 19 0E 00 00 00 00 00 00 00 00 00 00 00 00 00 00 7E 9F;HEX;
63;R;11:22:18:453;01 10 0A 00 00 02 04 00 01 00 00 DC CF;HEX;
64;R;11:22:18:734;01 10 0A 05 00 01 02 00 00 0C 05;HEX;
65;R;11:22:19:031;01 10 0A FA 00 03 06 14 04 00 00 00 00 10 6F;HEX;
66;R;11:22:19:312;01 10 0A A0 00 22 44 13 42 01 10 02 80 00 00 02 10 02 80 00 00 03 10 02 80 00 00 04 10 02 80 00 00 05 7B 82 80 00 00 06 10 02 80 00 00 07 10 02 80 00 00 08 10 02 80 00 00 09 10 02 80 00 00 0A 10 02 80 00 00 0B 10 02 80 00 00 99 0C;HEX;
67;R;11:22:19:640;01 10 0A 06 00 08 10 19 0E 00 00 00 00 00 00 00 00 00 00 00 00 00 00 7E 9F;HEX;
68;R;11:22:19:921;01 10 0A 00 00 02 04 00 01 00 00 DC CF;HEX;
69;R;11:22:20:218;01 10 0A 05 00 01 02 00 00 0C 05;HEX;
70;R;11:22:20:500;01 10 0A FA 00 03 06 14 04 00 00 00 00 10 6F;HEX;
71;R;11:22:20:796;01 10 0A A0 00 22 44 13 42 01 10 02 80 00 00 02 10 02 80 00 00 03 10 02 80 00 00 04 10 02 80 00 00 05 7B 82 80 00 00 06 10 02 80 00 00 07 10 02 80 00 00 08 10 02 80 00 00 09 10 02 80 00 00 0A 10 02 80 00 00 0B 10 02 80 00 00 99 0C;HEX;
72;R;11:22:21:109;01 10 0A 06 00 08 10 19 0E 00 00 00 00 00 00 00 00 00 00 00 00 00 00 7E 9F;HEX;
73;R;11:22:21:390;01 10 0A 00 00 02 04 00 01 00 00 DC CF;HEX;
74;R;11:22:21:687;01 10 0A 05 00 01 02 00 00 0C 05;HEX;
75;R;11:22:21:968;01 10 0A FA 00 03 06 14 04 00 00 00 00 10 6F;HEX;
76;R;11:22:22:265;01 10 0A A0 00 22 44 13 42 01 10 02 80 00 00 02 10 02 80 00 00 03 10 02 80 00 00 04 10 02 80 00 00 05 7B 82 80 00 00 06 10 02 80 00 00 07 10 02 80 00 00 08 10 02 80 00 00 09 10 02 80 00 00 0A 10 02 80 00 00 0B 10 02 80 00 00 99 0C;HEX;
