#;Тип операции;Время;Сообщение;Вид представления;
0;R;11:53:13:640;01 10 0A 05 00 01 02 00 00 0C 05;HEX;
1;R;11:53:13:921;01 10 0A FA 00 03 06 14 04 00 00 00 00 10 6F;HEX;
2;R;11:53:14:218;01 10 0A A0 00 22 44 13 42 01 10 02 80 00 00 02 00 02 80 00 00 03 00 02 80 00 00 04 00 02 80 00 00 05 7B 82 80 00 00 06 10 02 80 00 00 07 10 02 80 00 00 08 10 02 80 00 00 09 10 02 80 00 00 0A 10 02 80 00 00 0B 10 02 80 00 00 C9 86;HEX;
3;R;11:53:14:531;01 10 0A 06 00 08 10 19 0E 00 00 00 00 00 00 00 00 00 00 00 00 00 00 7E 9F;HEX;
4;R;11:53:14:828;01 10 0A 00 00 02 04 00 01 00 00 DC CF;HEX;
5;R;11:53:15:109;01 10 0A 05 00 01 02 00 00 0C 05;HEX;
6;R;11:53:15:390;01 10 0A FA 00 03 06 14 04 00 00 00 00 10 6F;HEX;
7;R;11:53:15:687;01 10 0A A0 00 22 44 13 42 01 10 02 80 00 00 02 00 02 80 00 00 03 00 02 80 00 00 04 00 02 80 00 00 05 7B 82 80 00 00 06 10 02 80 00 00 07 10 02 80 00 00 08 10 02 80 00 00 09 10 02 80 00 00 0A 10 02 80 00 00 0B 10 02 80 00 00 C9 86;HEX;
8;R;11:53:16:000;01 10 0A 06 00 08 10 19 0E 00 00 00 00 00 00 00 00 00 00 00 00 00 00 7E 9F;HEX;
9;R;11:53:16:296;01 10 0A 00 00 02 04 00 01 00 00 DC CF;HEX;
10;R;11:53:16:578;01 10 0A 05 00 01 02 00 00 0C 05;HEX;
11;R;11:53:16:875;01 10 0A FA 00 03 06 14 04 00 00 00 00 10 6F;HEX;
12;R;11:53:17:156;01 10 0A A0 00 22 44 13 42 01 10 02 80 00 00 02 00 02 80 00 00 03 00 02 80 00 00 04 00 02 80 00 00 05 7B 82 80 00 00 06 10 02 80 00 00 07 10 02 80 00 00 08 10 02 80 00 00 09 10 02 80 00 00 0A 10 02 80 00 00 0B 10 02 80 00 00 C9 86;HEX;
13;R;11:53:17:484;01 10 0A 06 00 08 10 19 0E 00 00 00 00 00 00 00 00 00 00 00 00 00 00 7E 9F;HEX;
14;R;11:53:17:765;01 10 0A 00 00 02 04 00 01 00 00 DC CF;HEX;
15;R;11:53:18:046;01 10 0A 05 00 01 02 00 00 0C 05;HEX;
16;R;11:53:18:343;01 10 0A FA 00 03 06 14 04 00 00 00 00 10 6F;HEX;
17;R;11:53:18:625;01 10 0A A0 00 22 44 13 42 01 10 02 80 00 00 02 00 02 80 00 00 03 00 02 80 00 00 04 00 02 80 00 00 05 7B 82 80 00 00 06 10 02 80 00 00 07 10 02 80 00 00 08 10 02 80 00 00 09 10 02 80 00 00 0A 10 02 80 00 00 0B 10 02 80 00 00 C9 86;HEX;
18;R;11:53:18:953;01 10 0A 06 00 08 10 19 0E 00 00 00 00 00 00 00 00 00 00 00 00 00 00 7E 9F;HEX;
19;R;11:53:19:234;01 10 0A 00 00 02 04 00 01 00 00 DC CF;HEX;
20;R;11:53:19:531;01 10 0A 05 00 01 02 00 00 0C 05;HEX;
21;R;11:53:19:812;01 10 0A FA 00 03 06 14 04 00 00 00 00 10 6F;HEX;
22;R;11:53:20:093;01 10 0A A0 00 22 44 13 42 01 10 02 80 00 00 02 00 02 80 00 00 03 00 02 80 00 00 04 00 02 80 00 00 05 7B 82 80 00 00 06 00 02 80 00 00 07 10 02 80 00 00 08 10 02 80 00 00 09 10 02 80 00 00 0A 10 02 80 00 00 0B 10 02 80 00 00 18 44;HEX;
23;R;11:53:20:421;01 10 0A 06 00 08 10 19 0E 00 00 00 00 00 00 00 00 00 00 00 00 00 00 7E 9F;HEX;
24;R;11:53:20:703;01 10 0A 00 00 02 04 00 01 00 00 DC CF;HEX;
25;R;11:53:21:000;01 10 0A 05 00 01 02 00 00 0C 05;HEX;
26;R;11:53:21:281;01 10 0A FA 00 03 06 14 04 00 00 00 00 10 6F;HEX;
27;R;11:53:21:562;01 10 0A A0 00 22 44 13 42 01 10 02 80 00 00 02 00 02 80 00 00 03 00 02 80 00 00 04 00 02 80 00 00 05 7B 82 80 00 00 06 00 02 80 00 00 07 10 02 80 00 00 08 10 02 80 00 00 09 10 02 80 00 00 0A 10 02 80 00 00 0B 10 02 80 00 00 18 44;HEX;
28;R;11:53:21:890;01 10 0A 06 00 08 10 19 0E 00 00 00 00 00 00 00 00 00 00 00 00 00 00 7E 9F;HEX;
29;R;11:53:22:187;01 10 0A 00 00 02 04 00 01 00 00 DC CF;HEX;
30;R;11:53:22:468;01 10 0A 05 00 01 02 00 00 0C 05;HEX;
31;R;11:53:22:734;01 10 0A FA 00 03 06 14 04 00 00 00 00 10 6F;HEX;
32;R;11:53:23:031;01 10 0A A0 00 22 44 13 42 01 10 02 80 00 00 02 00 02 80 00 00 03 00 02 80 00 00 04 00 02 80 00 00 05 7B 82 80 00 00 06 00 02 80 00 00 07 10 02 80 00 00 08 10 02 80 00 00 09 10 02 80 00 00 0A 10 02 80 00 00 0B 10 02 80 00 00 18 44;HEX;
33;R;11:53:23:359;01 10 0A 06 00 08 10 19 0E 00 00 00 00 00 00 00 00 00 00 00 00 00 00 7E 9F;HEX;
34;R;11:53:23:656;01 10 0A 00 00 02 04 00 01 00 00 DC CF;HEX;
35;R;11:53:23:937;01 10 0A 05 00 01 02 00 00 0C 05;HEX;
36;R;11:53:24:218;01 10 0A FA 00 03 06 14 04 00 00 00 00 10 6F;HEX;
37;R;11:53:24:500;01 10 0A A0 00 22 44 13 42 01 10 02 80 00 00 02 00 02 80 00 00 03 00 02 80 00 00 04 00 02 80 00 00 05 7B 82 80 00 00 06 00 02 80 00 00 07 10 02 80 00 00 08 10 02 80 00 00 09 10 02 80 00 00 0A 10 02 80 00 00 0B 10 02 80 00 00 18 44;HEX;
38;R;11:53:24:812;01 10 0A 06 00 08 10 19 0E 00 00 00 00 00 00 00 00 00 00 00 00 00 00 7E 9F;HEX;
39;R;11:53:25:125;01 10 0A 00 00 02 04 00 01 00 00 DC CF;HEX;
40;R;11:53:25:406;01 10 0A 05 00 01 02 00 00 0C 05;HEX;
41;R;11:53:25:687;01 10 0A FA 00 03 06 14 04 00 00 00 00 10 6F;HEX;
42;R;11:53:25:968;01 10 0A A0 00 22 44 13 42 01 10 02 80 00 00 02 00 02 80 00 00 03 00 02 80 00 00 04 00 02 80 00 00 05 7B 82 80 00 00 06 00 02 80 00 00 07 10 02 80 00 00 08 10 02 80 00 00 09 10 02 80 00 00 0A 10 02 80 00 00 0B 10 02 80 00 00 18 44;HEX;
43;R;11:53:26:296;01 10 0A 06 00 08 10 19 0E 00 00 00 00 00 00 00 00 00 00 00 00 00 00 7E 9F;HEX;
44;R;11:53:26:593;01 10 0A 00 00 02 04 00 01 00 00 DC CF;HEX;
45;R;11:53:26:890;01 10 0A 05 00 01 02 00 00 0C 05;HEX;
46;R;11:53:27:156;01 10 0A FA 00 03 06 14 04 00 00 00 00 10 6F;HEX;
47;R;11:53:27:437;01 10 0A A0 00 22 44 13 42 01 10 02 80 00 00 02 00 02 80 00 00 03 00 02 80 00 00 04 00 02 80 00 00 05 7B 82 80 00 00 06 00 02 80 00 00 07 10 02 80 00 00 08 10 02 80 00 00 09 10 02 80 00 00 0A 10 02 80 00 00 0B 10 02 80 00 00 18 44;HEX;
48;R;11:53:27:765;01 10 0A 06 00 08 10 19 0E 00 00 00 00 00 00 00 00 00 00 00 00 00 00 7E 9F;HEX;
49;R;11:53:28:062;01 10 0A 00 00 02 04 00 01 00 00 DC CF;HEX;
50;R;11:53:28:359;01 10 0A 05 00 01 02 00 00 0C 05;HEX;
51;R;11:53:28:625;01 10 0A FA 00 03 06 14 04 00 00 00 00 10 6F;HEX;
52;R;11:53:28:921;01 10 0A A0 00 22 44 13 42 01 10 02 80 00 00 02 00 02 80 00 00 03 00 02 80 00 00 04 00 02 80 00 00 05 7B 82 80 00 00 06 00 02 80 00 00 07 10 02 80 00 00 08 10 02 80 00 00 09 10 02 80 00 00 0A 10 02 80 00 00 0B 10 02 80 00 00 18 44;HEX;
53;R;11:53:29:234;01 10 0A 06 00 08 10 19 0E 00 00 00 00 00 00 00 00 00 00 00 00 00 00 7E 9F;HEX;
54;R;11:53:29:546;01 10 0A 00 00 02 04 00 01 00 00 DC CF;HEX;
55;R;11:53:29:812;01 10 0A 05 00 01 02 00 00 0C 05;HEX;
56;R;11:53:30:093;01 10 0A FA 00 03 06 14 04 00 00 00 00 10 6F;HEX;
57;R;11:53:30:390;01 10 0A A0 00 22 44 13 42 01 10 02 80 00 00 02 00 02 80 00 00 03 00 02 80 00 00 04 00 02 80 00 00 05 7B 82 80 00 00 06 00 02 80 00 00 07 10 02 80 00 00 08 10 02 80 00 00 09 10 02 80 00 00 0A 10 02 80 00 00 0B 10 02 80 00 00 18 44;HEX;
58;R;11:53:30:703;01 10 0A 06 00 08 10 19 0E 00 00 00 00 00 00 00 00 00 00 00 00 00 00 7E 9F;HEX;
59;R;11:53:31:015;01 10 0A 00 00 02 04 00 01 00 00 DC CF;HEX;
60;R;11:53:31:281;01 10 0A 05 00 01 02 00 00 0C 05;HEX;
61;R;11:53:31:578;01 10 0A FA 00 03 06 14 04 00 00 00 00 10 6F;HEX;
62;R;11:53:31:859;01 10 0A A0 00 22 44 13 42 01 10 02 80 00 00 02 00 02 80 00 00 03 00 02 80 00 00 04 00 02 80 00 00 05 7B 82 80 00 00 06 00 02 80 00 00 07 10 02 80 00 00 08 10 02 80 00 00 09 10 02 80 00 00 0A 10 02 80 00 00 0B 10 02 80 00 00 18 44;HEX;
63;R;11:53:32:171;01 10 0A 06 00 08 10 19 0E 00 00 00 00 00 00 00 00 00 00 00 00 00 00 7E 9F;HEX;
64;R;11:53:32:468;01 10 0A 00 00 02 04 00 01 00 00 DC CF;HEX;
65;R;11:53:32:750;01 10 0A 05 00 01 02 00 00 0C 05;HEX;
66;R;11:53:33:046;01 10 0A FA 00 03 06 14 04 00 00 00 00 10 6F;HEX;
67;R;11:53:33:328;01 10 0A A0 00 22 44 13 42 01 10 02 80 00 00 02 00 02 80 00 00 03 00 02 80 00 00 04 00 02 80 00 00 05 7B 82 80 00 00 06 00 02 80 00 00 07 10 02 80 00 00 08 10 02 80 00 00 09 10 02 80 00 00 0A 10 02 80 00 00 0B 10 02 80 00 00 18 44;HEX;
68;R;11:53:33:656;01 10 0A 06 00 08 10 19 0E 00 00 00 00 00 00 00 00 00 00 00 00 00 00 7E 9F;HEX;
69;R;11:53:33:937;01 10 0A 00 00 02 04 00 01 00 00 DC CF;HEX;
70;R;11:53:34:234;01 10 0A 05 00 01 02 00 00 0C 05;HEX;
71;R;11:53:34:515;01 10 0A FA 00 03 06 14 04 00 00 00 00 10 6F;HEX;
72;R;11:53:34:796;01 10 0A A0 00 22 44 13 42 01 10 02 80 00 00 02 00 02 80 00 00 03 00 02 80 00 00 04 00 02 80 00 00 05 7B 82 80 00 00 06 00 02 80 00 00 07 10 02 80 00 00 08 10 02 80 00 00 09 10 02 80 00 00 0A 10 02 80 00 00 0B 10 02 80 00 00 18 44;HEX;
73;R;11:53:35:125;01 10 0A 06 00 08 10 19 0E 00 00 00 00 00 00 00 00 00 00 00 00 00 00 7E 9F;HEX;
74;R;11:53:35:406;01 10 0A 00 00 02 04 00 01 00 00 DC CF;HEX;
75;R;11:53:35:703;01 10 0A 05 00 01 02 00 00 0C 05;HEX;
76;R;11:53:35:984;01 10 0A FA 00 03 06 14 04 00 00 00 00 10 6F;HEX;
77;R;11:53:36:281;01 10 0A A0 00 22 44 13 42 01 10 02 80 00 00 02 00 02 80 00 00 03 00 02 80 00 00 04 00 02 80 00 00 05 7B 82 80 00 00 06 00 02 80 00 00 07 10 02 80 00 00 08 10 02 80 00 00 09 10 02 80 00 00 0A 10 02 80 00 00 0B 10 02 80 00 00 18 44;HEX;
78;R;11:53:36:593;01 10 0A 06 00 08 10 19 0E 00 00 00 00 00 00 00 00 00 00 00 00 00 00 7E 9F;HEX;
79;R;11:53:36:875;01 10 0A 00 00 02 04 00 01 00 00 DC CF;HEX;
80;R;11:53:37:171;01 10 0A 05 00 01 02 00 00 0C 05;HEX;
81;R;11:53:37:453;01 10 0A FA 00 03 06 14 04 00 00 00 00 10 6F;HEX;
82;R;11:53:37:750;01 10 0A A0 00 22 44 13 42 01 10 02 80 00 00 02 00 02 80 00 00 03 00 02 80 00 00 04 00 02 80 00 00 05 7B 82 80 00 00 06 00 02 80 00 00 07 10 02 80 00 00 08 10 02 80 00 00 09 10 02 80 00 00 0A 10 02 80 00 00 0B 10 02 80 00 00 18 44;HEX;
83;R;11:53:38:062;01 10 0A 06 00 08 10 19 0E 00 00 00 00 00 00 00 00 00 00 00 00 00 00 7E 9F;HEX;
84;R;11:53:38:359;01 10 0A 00 00 02 04 00 01 00 00 DC CF;HEX;
85;R;11:53:38:640;01 10 0A 05 00 01 02 00 00 0C 05;HEX;
86;R;11:53:38:937;01 10 0A FA 00 03 06 14 04 00 00 00 00 10 6F;HEX;
87;R;11:53:39:218;01 10 0A A0 00 22 44 13 42 01 10 02 80 00 00 02 00 02 80 00 00 03 00 02 80 00 00 04 00 02 80 00 00 05 7B 82 80 00 00 06 00 02 80 00 00 07 10 02 80 00 00 08 10 02 80 00 00 09 10 02 80 00 00 0A 10 02 80 00 00 0B 10 02 80 00 00 18 44;HEX;
88;R;11:53:39:531;01 10 0A 06 00 08 10 19 0E 00 00 00 00 00 00 00 00 00 00 00 00 00 00 7E 9F;HEX;
89;R;11:53:39:828;01 10 0A 00 00 02 04 00 01 00 00 DC CF;HEX;
90;R;11:53:40:109;01 10 0A 05 00 01 02 00 00 0C 05;HEX;
91;R;11:53:40:406;01 10 0A FA 00 03 06 14 04 00 00 00 00 10 6F;HEX;
92;R;11:53:40:687;01 10 0A A0 00 22 44 13 42 01 10 02 80 00 00 02 00 02 80 00 00 03 00 02 80 00 00 04 00 02 80 00 00 05 7B 82 80 00 00 06 00 02 80 00 00 07 10 02 80 00 00 08 10 02 80 00 00 09 10 02 80 00 00 0A 10 02 80 00 00 0B 10 02 80 00 00 18 44;HEX;
93;R;11:53:41:015;01 10 0A 06 00 08 10 19 0E 00 00 00 00 00 00 00 00 00 00 00 00 00 00 7E 9F;HEX;
94;R;11:53:41:296;01 10 0A 00 00 02 04 00 01 00 00 DC CF;HEX;
95;R;11:53:41:593;01 10 0A 05 00 01 02 00 00 0C 05;HEX;
96;R;11:53:41:875;01 10 0A FA 00 03 06 14 04 00 00 00 00 10 6F;HEX;
97;R;11:53:42:156;01 10 0A A0 00 22 44 13 42 01 10 02 80 00 00 02 00 02 80 00 00 03 00 02 80 00 00 04 00 02 80 00 00 05 7B 82 80 00 00 06 00 02 80 00 00 07 10 02 80 00 00 08 10 02 80 00 00 09 10 02 80 00 00 0A 10 02 80 00 00 0B 10 02 80 00 00 18 44;HEX;
98;R;11:53:42:484;01 10 0A 06 00 08 10 19 0E 00 00 00 00 00 00 00 00 00 00 00 00 00 00 7E 9F;HEX;
99;R;11:53:42:765;01 10 0A 00 00 02 04 00 01 00 00 DC CF;HEX;
100;R;11:53:43:062;01 10 0A 05 00 01 02 00 00 0C 05;HEX;
101;R;11:53:43:343;01 10 0A FA 00 03 06 14 04 00 00 00 00 10 6F;HEX;
102;R;11:53:43:640;01 10 0A A0 00 22 44 13 42 01 10 02 80 00 00 02 00 02 80 00 00 03 00 02 80 00 00 04 00 02 80 00 00 05 7B 82 80 00 00 06 00 02 80 00 00 07 10 02 80 00 00 08 10 02 80 00 00 09 10 02 80 00 00 0A 10 02 80 00 00 0B 10 02 80 00 00 18 44;HEX;
103;R;11:53:43:953;01 10 0A 06 00 08 10 19 0E 00 00 00 00 00 00 00 00 00 00 00 00 00 00 7E 9F;HEX;
104;R;11:53:44:234;01 10 0A 00 00 02 04 00 01 00 00 DC CF;HEX;
105;R;11:53:44:531;01 10 0A 05 00 01 02 00 00 0C 05;HEX;
106;R;11:53:44:812;01 10 0A FA 00 03 06 14 04 00 00 00 00 10 6F;HEX;
107;R;11:53:45:109;01 10 0A A0 00 22 44 13 42 01 10 02 80 00 00 02 00 02 80 00 00 03 00 02 80 00 00 04 00 02 80 00 00 05 7B 82 80 00 00 06 00 02 80 00 00 07 10 02 80 00 00 08 10 02 80 00 00 09 10 02 80 00 00 0A 10 02 80 00 00 0B 10 02 80 00 00 18 44;HEX;
108;R;11:53:45:421;01 10 0A 06 00 08 10 19 0E 00 00 00 00 00 00 00 00 00 00 00 00 00 00 7E 9F;HEX;
109;R;11:53:45:718;01 10 0A 00 00 02 04 00 01 00 00 DC CF;HEX;
110;R;11:53:46:000;01 10 0A 05 00 01 02 00 00 0C 05;HEX;
111;R;11:53:46:296;01 10 0A FA 00 03 06 14 04 00 00 00 00 10 6F;HEX;
112;R;11:53:46:578;01 10 0A A0 00 22 44 13 42 01 10 02 80 00 00 02 00 02 80 00 00 03 00 02 80 00 00 04 00 02 80 00 00 05 7B 82 80 00 00 06 00 02 80 00 00 07 10 02 80 00 00 08 10 02 80 00 00 09 10 02 80 00 00 0A 10 02 80 00 00 0B 10 02 80 00 00 18 44;HEX;
113;R;11:53:46:890;01 10 0A 06 00 08 10 19 0E 00 00 00 00 00 00 00 00 00 00 00 00 00 00 7E 9F;HEX;
114;R;11:53:47:187;01 10 0A 00 00 02 04 00 01 00 00 DC CF;HEX;
115;R;11:53:47:468;01 10 0A 05 00 01 02 00 00 0C 05;HEX;
116;R;11:53:47:765;01 10 0A FA 00 03 06 14 04 00 00 00 00 10 6F;HEX;
117;R;11:53:48:031;01 10 0A A0 00 22 44 13 42 01 10 02 80 00 00 02 00 02 80 00 00 03 00 02 80 00 00 04 00 02 80 00 00 05 77 82 80 1E 00 06 00 02 80 00 00 07 10 02 80 00 00 08 10 02 80 00 00 09 10 02 80 00 00 0A 10 02 80 00 00 0B 10 02 80 00 00 D6 38;HEX;
118;R;11:53:48:375;01 10 0A 06 00 08 10 19 0E 00 00 00 00 00 00 00 00 00 00 00 00 00 00 7E 9F;HEX;
119;R;11:53:48:656;01 10 0A 00 00 02 04 00 01 00 00 DC CF;HEX;
120;R;11:53:48:937;01 10 0A 05 00 01 02 00 00 0C 05;HEX;
121;R;11:53:49:218;01 10 0A FA 00 03 06 14 04 00 00 00 00 10 6F;HEX;
122;R;11:53:49:500;01 10 0A A0 00 22 44 13 42 01 10 02 80 00 00 02 00 02 80 00 00 03 00 02 80 00 00 04 00 02 80 00 00 05 77 82 80 1D 00 06 00 02 80 00 00 07 10 02 80 00 00 08 10 02 80 00 00 09 10 02 80 00 00 0A 10 02 80 00 00 0B 10 02 80 00 00 66 22;HEX;
123;R;11:53:49:843;01 10 0A 06 00 08 10 19 0E 00 00 00 00 00 00 00 00 00 00 00 00 00 00 7E 9F;HEX;
124;R;11:53:50:125;01 10 0A 00 00 02 04 00 01 00 00 DC CF;HEX;
125;R;11:53:50:421;01 10 0A 05 00 01 02 00 00 0C 05;HEX;
126;R;11:53:50:687;01 10 0A FA 00 03 06 14 04 00 00 00 00 10 6F;HEX;
127;R;11:53:50:968;01 10 0A A0 00 22 44 13 42 01 10 02 80 00 00 02 00 02 80 00 00 03 00 02 80 00 00 04 00 02 80 00 00 05 77 82 80 1C 00 06 00 02 80 00 00 07 10 02 80 00 00 08 10 02 80 00 00 09 10 02 80 00 00 0A 10 02 80 00 00 0B 10 02 80 00 00 F7 EB;HEX;
128;R;11:53:51:296;01 10 0A 06 00 08 10 19 0E 00 00 00 00 00 00 00 00 00 00 00 00 00 00 7E 9F;HEX;
129;R;11:53:51:593;01 10 0A 00 00 02 04 00 01 00 00 DC CF;HEX;
130;R;11:53:51:890;01 10 0A 05 00 01 02 00 00 0C 05;HEX;
131;R;11:53:52:156;01 10 0A FA 00 03 06 14 04 00 00 00 00 10 6F;HEX;
132;R;11:53:52:453;01 10 0A A0 00 22 44 13 42 01 10 02 80 00 00 02 00 02 80 00 00 03 00 02 80 00 00 04 00 02 80 00 00 05 77 82 80 1B 00 06 00 02 80 00 00 07 10 02 80 00 00 08 10 02 80 00 00 09 10 02 80 00 00 0A 10 02 80 00 00 0B 10 02 80 00 00 06 17;HEX;
133;R;11:53:52:765;01 10 0A 06 00 08 10 19 0E 00 00 00 00 00 00 00 00 00 00 00 00 00 00 7E 9F;HEX;
134;R;11:53:53:078;01 10 0A 00 00 02 04 00 01 00 00 DC CF;HEX;
135;R;11:53:53:359;01 10 0A 05 00 01 02 00 00 0C 05;HEX;
136;R;11:53:53:625;01 10 0A FA 00 03 06 14 04 00 00 00 00 10 6F;HEX;
137;R;11:53:53:921;01 10 0A A0 00 22 44 13 42 01 10 02 80 00 00 02 00 02 80 00 00 03 00 02 80 00 00 04 00 02 80 00 00 05 77 82 80 1A 00 06 00 02 80 00 00 07 10 02 80 00 00 08 10 02 80 00 00 09 10 02 80 00 00 0A 10 02 80 00 00 0B 10 02 80 00 00 97 DE;HEX;
138;R;11:53:54:234;01 10 0A 06 00 08 10 19 0E 00 00 00 00 00 00 00 00 00 00 00 00 00 00 7E 9F;HEX;
139;R;11:53:54:546;01 10 0A 00 00 02 04 00 01 00 00 DC CF;HEX;
140;R;11:53:54:812;01 10 0A 05 00 01 02 00 00 0C 05;HEX;
141;R;11:53:55:109;01 10 0A FA 00 03 06 14 04 00 00 00 00 10 6F;HEX;
142;R;11:53:55:390;01 10 0A A0 00 22 44 13 42 01 10 02 80 00 00 02 00 02 80 00 00 03 00 02 80 00 00 04 00 02 80 00 00 05 77 82 80 15 00 06 00 02 80 00 00 07 10 02 80 00 00 08 10 02 80 00 00 09 10 02 80 00 00 0A 10 02 80 00 00 0B 10 02 80 00 00 E7 AE;HEX;
143;R;11:53:55:718;01 10 0A 06 00 08 10 19 0E 00 00 00 00 00 00 00 00 00 00 00 00 00 00 7E 9F;HEX;
144;R;11:53:56:015;01 10 0A 00 00 02 04 00 01 00 00 DC CF;HEX;
145;R;11:53:56:281;01 10 0A 05 00 01 02 00 00 0C 05;HEX;
146;R;11:53:56:578;01 10 0A FA 00 03 06 14 04 00 00 00 00 10 6F;HEX;
147;R;11:53:56:859;01 10 0A A0 00 22 44 13 42 01 10 02 80 00 00 02 00 02 80 00 00 03 00 02 80 00 00 04 00 02 80 00 00 05 77 82 80 13 00 06 00 02 80 00 00 07 10 02 80 00 00 08 10 02 80 00 00 09 10 02 80 00 00 0A 10 02 80 00 00 0B 10 02 80 00 00 87 9B;HEX;
148;R;11:53:57:187;01 10 0A 06 00 08 10 19 0E 00 00 00 00 00 00 00 00 00 00 00 00 00 00 7E 9F;HEX;
149;R;11:53:57:484;01 10 0A 00 00 02 04 00 01 00 00 DC CF;HEX;
150;R;11:53:57:765;01 10 0A 05 00 01 02 00 00 0C 05;HEX;
151;R;11:53:58:046;01 10 0A FA 00 03 06 14 04 00 00 00 00 10 6F;HEX;
152;R;11:53:58:328;01 10 0A A0 00 22 44 13 42 01 10 02 80 00 00 02 00 02 80 00 00 03 00 02 80 00 00 04 00 02 80 00 00 05 77 82 80 12 00 06 00 02 80 00 00 07 10 02 80 00 00 08 10 02 80 00 00 09 10 02 80 00 00 0A 10 02 80 00 00 0B 10 02 80 00 00 16 52;HEX;
153;R;11:53:58:656;01 10 0A 06 00 08 10 19 0E 00 00 00 00 00 00 00 00 00 00 00 00 00 00 7E 9F;HEX;
154;R;11:53:58:937;01 10 0A 00 00 02 04 00 01 00 00 DC CF;HEX;
155;R;11:53:59:234;01 10 0A 05 00 01 02 00 00 0C 05;HEX;
156;R;11:53:59:515;01 10 0A FA 00 03 06 14 04 00 00 00 00 10 6F;HEX;
157;R;11:53:59:812;01 10 0A A0 00 22 44 13 42 01 10 02 80 00 00 02 00 02 80 00 00 03 00 02 80 00 00 04 00 02 80 00 00 05 77 82 80 11 00 06 00 02 80 00 00 07 10 02 80 00 00 08 10 02 80 00 00 09 10 02 80 00 00 0A 10 02 80 00 00 0B 10 02 80 00 00 A6 48;HEX;
158;R;11:54:00:125;01 10 0A 06 00 08 10 19 0E 00 00 00 00 00 00 00 00 00 00 00 00 00 00 7E 9F;HEX;
159;R;11:54:00:421;01 10 0A 00 00 02 04 00 01 00 00 DC CF;HEX;
160;R;11:54:00:703;01 10 0A 05 00 01 02 00 00 0C 05;HEX;
161;R;11:54:00:984;01 10 0A FA 00 03 06 14 04 00 00 00 00 10 6F;HEX;
162;R;11:54:01:281;01 10 0A A0 00 22 44 13 42 01 10 02 80 00 00 02 00 02 80 00 00 03 00 02 80 00 00 04 00 02 80 00 00 05 77 82 80 10 00 06 00 02 80 00 00 07 10 02 80 00 00 08 10 02 80 00 00 09 10 02 80 00 00 0A 10 02 80 00 00 0B 10 02 80 00 00 37 81;HEX;
163;R;11:54:01:593;01 10 0A 06 00 08 10 19 0E 00 00 00 00 00 00 00 00 00 00 00 00 00 00 7E 9F;HEX;
164;R;11:54:01:890;01 10 0A 00 00 02 04 00 01 00 00 DC CF;HEX;
165;R;11:54:02:171;01 10 0A 05 00 01 02 00 00 0C 05;HEX;
166;R;11:54:02:468;01 10 0A FA 00 03 06 14 04 00 00 00 00 10 6F;HEX;
167;R;11:54:02:750;01 10 0A A0 00 22 44 13 42 01 10 02 80 00 00 02 00 02 80 00 00 03 00 02 80 00 00 04 00 02 80 00 00 05 77 82 80 0F 00 06 00 02 80 00 00 07 10 02 80 00 00 08 10 02 80 00 00 09 10 02 80 00 00 0A 10 02 80 00 00 0B 10 02 80 00 00 46 A8;HEX;
168;R;11:54:03:078;01 10 0A 06 00 08 10 19 0E 00 00 00 00 00 00 00 00 00 00 00 00 00 00 7E 9F;HEX;
169;R;11:54:03:359;01 10 0A 00 00 02 04 00 01 00 00 DC CF;HEX;
170;R;11:54:03:640;01 10 0A 05 00 01 02 00 00 0C 05;HEX;
171;R;11:54:03:937;01 10 0A FA 00 03 06 14 04 00 00 00 00 10 6F;HEX;
172;R;11:54:04:218;01 10 0A A0 00 22 44 13 42 01 10 02 80 00 00 02 00 02 80 00 00 03 00 02 80 00 00 04 00 02 80 00 00 05 77 82 80 0E 00 06 00 02 80 00 00 07 10 02 80 00 00 08 10 02 80 00 00 09 10 02 80 00 00 0A 10 02 80 00 00 0B 10 02 80 00 00 D7 61;HEX;
173;R;11:54:04:546;01 10 0A 06 00 08 10 19 0E 00 00 00 00 00 00 00 00 00 00 00 00 00 00 7E 9F;HEX;
174;R;11:54:04:828;01 10 0A 00 00 02 04 00 01 00 00 DC CF;HEX;
175;R;11:54:05:125;01 10 0A 05 00 01 02 00 00 0C 05;HEX;
176;R;11:54:05:406;01 10 0A FA 00 03 06 14 04 00 00 00 00 10 6F;HEX;
177;R;11:54:05:687;01 10 0A A0 00 22 44 13 42 01 10 02 80 00 00 02 00 02 80 00 00 03 00 02 80 00 00 04 00 02 80 00 00 05 77 82 80 0D 00 06 00 02 80 00 00 07 10 02 80 00 00 08 10 02 80 00 00 09 10 02 80 00 00 0A 10 02 80 00 00 0B 10 02 80 00 00 67 7B;HEX;
178;R;11:54:06:015;01 10 0A 06 00 08 10 19 0E 00 00 00 00 00 00 00 00 00 00 00 00 00 00 7E 9F;HEX;
179;R;11:54:06:296;01 10 0A 00 00 02 04 00 01 00 00 DC CF;HEX;
180;R;11:54:06:593;01 10 0A 05 00 01 02 00 00 0C 05;HEX;
181;R;11:54:06:875;01 10 0A FA 00 03 06 14 04 00 00 00 00 10 6F;HEX;
182;R;11:54:07:171;01 10 0A A0 00 22 44 13 42 01 10 02 80 00 00 02 00 02 80 00 00 03 00 02 80 00 00 04 00 02 80 00 00 05 77 82 80 0C 00 06 00 02 80 00 00 07 10 02 80 00 00 08 10 02 80 00 00 09 10 02 80 00 00 0A 10 02 80 00 00 0B 10 02 80 00 00 F6 B2;HEX;
183;R;11:54:07:484;01 10 0A 06 00 08 10 19 0E 00 00 00 00 00 00 00 00 00 00 00 00 00 00 7E 9F;HEX;
184;R;11:54:07:781;01 10 0A 00 00 02 04 00 01 00 00 DC CF;HEX;
185;R;11:54:08:062;01 10 0A 05 00 01 02 00 00 0C 05;HEX;
186;R;11:54:08:343;01 10 0A FA 00 03 06 14 04 00 00 00 00 10 6F;HEX;
187;R;11:54:08:640;01 10 0A A0 00 22 44 13 42 01 10 02 80 00 00 02 00 02 80 00 00 03 00 02 80 00 00 04 00 02 80 00 00 05 77 82 80 0B 00 06 00 02 80 00 00 07 10 02 80 00 00 08 10 02 80 00 00 09 10 02 80 00 00 0A 10 02 80 00 00 0B 10 02 80 00 00 07 4E;HEX;
188;R;11:54:08:953;01 10 0A 06 00 08 10 19 0E 00 00 00 00 00 00 00 00 00 00 00 00 00 00 7E 9F;HEX;
189;R;11:54:09:250;01 10 0A 00 00 02 04 00 01 00 00 DC CF;HEX;
190;R;11:54:09:531;01 10 0A 05 00 01 02 00 00 0C 05;HEX;
191;R;11:54:09:828;01 10 0A FA 00 03 06 14 04 00 00 00 00 10 6F;HEX;
192;R;11:54:10:093;01 10 0A A0 00 22 44 13 42 01 10 02 80 00 00 02 00 02 80 00 00 03 00 02 80 00 00 04 00 02 80 00 00 05 77 82 80 0A 00 06 00 02 80 00 00 07 10 02 80 00 00 08 10 02 80 00 00 09 10 02 80 00 00 0A 10 02 80 00 00 0B 10 02 80 00 00 96 87;HEX;
193;R;11:54:10:437;01 10 0A 06 00 08 10 19 0E 00 00 00 00 00 00 00 00 00 00 00 00 00 00 7E 9F;HEX;
194;R;11:54:10:718;01 10 0A 00 00 02 04 00 01 00 00 DC CF;HEX;
195;R;11:54:11:000;01 10 0A 05 00 01 02 00 00 0C 05;HEX;
196;R;11:54:11:296;01 10 0A FA 00 03 06 14 04 00 00 00 00 10 6F;HEX;
197;R;11:54:11:562;01 10 0A A0 00 22 44 13 42 01 10 02 80 00 00 02 00 02 80 00 00 03 00 02 80 00 00 04 00 02 80 00 00 05 77 82 80 09 00 06 00 02 80 00 00 07 10 02 80 00 00 08 10 02 80 00 00 09 10 02 80 00 00 0A 10 02 80 00 00 0B 10 02 80 00 00 26 9D;HEX;
198;R;11:54:11:906;01 10 0A 06 00 08 10 19 0E 00 00 00 00 00 00 00 00 00 00 00 00 00 00 7E 9F;HEX;
199;R;11:54:12:187;01 10 0A 00 00 02 04 00 01 00 00 DC CF;HEX;
200;R;11:54:12:484;01 10 0A 05 00 01 02 00 00 0C 05;HEX;
201;R;11:54:12:750;01 10 0A FA 00 03 06 14 04 00 00 00 00 10 6F;HEX;
202;R;11:54:13:031;01 10 0A A0 00 22 44 13 42 01 10 02 80 00 00 02 00 02 80 00 00 03 00 02 80 00 00 04 00 02 80 00 00 05 77 82 80 08 00 06 00 02 80 00 00 07 10 02 80 00 00 08 10 02 80 00 00 09 10 02 80 00 00 0A 10 02 80 00 00 0B 10 02 80 00 00 B7 54;HEX;
203;R;11:54:13:375;01 10 0A 06 00 08 10 19 0E 00 00 00 00 00 00 00 00 00 00 00 00 00 00 7E 9F;HEX;
204;R;11:54:13:656;01 10 0A 00 00 02 04 00 01 00 00 DC CF;HEX;
205;R;11:54:13:953;01 10 0A 05 00 01 02 00 00 0C 05;HEX;
206;R;11:54:14:218;01 10 0A FA 00 03 06 14 04 00 00 00 00 10 6F;HEX;
207;R;11:54:14:515;01 10 0A A0 00 22 44 13 42 01 10 02 80 00 00 02 00 02 80 00 00 03 00 02 80 00 00 04 00 02 80 00 00 05 77 82 80 07 00 06 00 02 80 00 00 07 10 02 80 00 00 08 10 02 80 00 00 09 10 02 80 00 00 0A 10 02 80 00 00 0B 10 02 80 00 00 C7 24;HEX;
208;R;11:54:14:828;01 10 0A 06 00 08 10 19 0E 00 00 00 00 00 00 00 00 00 00 00 00 00 00 7E 9F;HEX;
209;R;11:54:15:140;01 10 0A 00 00 02 04 00 01 00 00 DC CF;HEX;
210;R;11:54:15:421;01 10 0A 05 00 01 02 00 00 0C 05;HEX;
211;R;11:54:15:687;01 10 0A FA 00 03 06 14 04 00 00 00 00 10 6F;HEX;
212;R;11:54:15:984;01 10 0A A0 00 22 44 13 42 01 10 02 80 00 00 02 00 02 80 00 00 03 00 02 80 00 00 04 00 02 80 00 00 05 77 82 80 06 00 06 00 02 80 00 00 07 10 02 80 00 00 08 10 02 80 00 00 09 10 02 80 00 00 0A 10 02 80 00 00 0B 10 02 80 00 00 56 ED;HEX;
213;R;11:54:16:296;01 10 0A 06 00 08 10 19 0E 00 00 00 00 00 00 00 00 00 00 00 00 00 00 7E 9F;HEX;
214;R;11:54:16:609;01 10 0A 00 00 02 04 00 01 00 00 DC CF;HEX;
215;R;11:54:16:890;01 10 0A 05 00 01 02 00 00 0C 05;HEX;
216;R;11:54:17:156;01 10 0A FA 00 03 06 14 04 00 00 00 00 10 6F;HEX;
217;R;11:54:17:453;01 10 0A A0 00 22 44 13 42 01 10 02 80 00 00 02 00 02 80 00 00 03 00 02 80 00 00 04 00 02 80 00 00 05 7C 82 81 05 00 06 00 02 80 00 00 07 10 02 80 00 00 08 10 02 80 00 00 09 10 02 80 00 00 0A 10 02 80 00 00 0B 10 02 80 00 00 D0 34;HEX;
218;R;11:54:17:765;01 10 0A 06 00 08 10 19 0E 00 00 00 00 00 00 00 00 00 00 00 00 00 00 7E 9F;HEX;
219;R;11:54:18:078;01 10 0A 00 00 02 04 00 01 00 00 DC CF;HEX;
220;R;11:54:18:343;01 10 0A 05 00 01 02 00 00 0C 05;HEX;
221;R;11:54:18:640;01 10 0A FA 00 03 06 14 04 00 00 00 00 10 6F;HEX;
222;R;11:54:18:921;01 10 0A A0 00 22 44 13 42 01 10 02 80 00 00 02 00 02 80 00 00 03 00 02 80 00 00 04 00 02 80 00 00 05 7C 82 81 04 00 06 00 02 80 00 00 07 10 02 80 00 00 08 10 02 80 00 00 09 10 02 80 00 00 0A 10 02 80 00 00 0B 10 02 80 00 00 41 FD;HEX;
223;R;11:54:19:250;01 10 0A 06 00 08 10 19 0E 00 00 00 00 00 00 00 00 00 00 00 00 00 00 7E 9F;HEX;
224;R;11:54:19:546;01 10 0A 00 00 02 04 00 01 00 00 DC CF;HEX;
225;R;11:54:19:812;01 10 0A 05 00 01 02 00 00 0C 05;HEX;
226;R;11:54:20:109;01 10 0A FA 00 03 06 14 04 00 00 00 00 10 6F;HEX;
227;R;11:54:20:390;01 10 0A A0 00 22 44 13 42 01 10 02 80 00 00 02 00 02 80 00 00 03 00 02 80 00 00 04 00 02 80 00 00 05 7C 82 81 04 00 06 00 02 80 00 00 07 10 02 80 00 00 08 10 02 80 00 00 09 10 02 80 00 00 0A 10 02 80 00 00 0B 10 02 80 00 00 41 FD;HEX;
228;R;11:54:20:718;01 10 0A 06 00 08 10 19 0E 00 00 00 00 00 00 00 00 00 00 00 00 00 00 7E 9F;HEX;
229;R;11:54:21:000;01 10 0A 00 00 02 04 00 01 00 00 DC CF;HEX;
230;R;11:54:21:296;01 10 0A 05 00 01 02 00 00 0C 05;HEX;
231;R;11:54:21:578;01 10 0A FA 00 03 06 14 04 69 00 00 00 0D F3;HEX;
232;R;11:54:21:875;01 10 0A A0 00 22 44 13 42 01 10 02 80 00 00 02 00 02 80 00 00 03 00 02 80 00 00 04 00 02 80 00 00 05 7C 82 81 04 00 06 00 02 80 00 00 07 10 02 80 00 00 08 10 02 80 00 00 09 10 02 80 00 00 0A 10 02 80 00 00 0B 10 02 80 00 00 41 FD;HEX;
233;R;11:54:22:187;01 10 0A 06 00 08 10 19 0E 00 00 00 00 00 00 00 00 00 00 00 00 00 00 7E 9F;HEX;
234;R;11:54:22:468;01 10 0A 00 00 02 04 00 01 00 00 DC CF;HEX;
235;R;11:54:22:765;01 10 0A 05 00 01 02 00 00 0C 05;HEX;
236;R;11:54:23:046;01 10 0A FA 00 03 06 14 04 69 00 00 00 0D F3;HEX;
237;R;11:54:23:343;01 10 0A A0 00 22 44 13 42 01 10 02 80 00 00 02 00 02 80 00 00 03 00 02 80 00 00 04 00 02 80 00 00 05 7D 82 81 00 00 06 00 02 80 00 00 07 10 02 80 00 00 08 10 02 80 00 00 09 10 02 80 00 00 0A 10 02 80 00 00 0B 10 02 80 00 00 07 A6;HEX;
238;R;11:54:23:656;01 10 0A 06 00 08 10 19 0E 00 00 00 00 00 00 00 00 00 00 00 00 00 00 7E 9F;HEX;
239;R;11:54:23:953;01 10 0A 00 00 02 04 00 01 00 00 DC CF;HEX;
240;R;11:54:24:234;01 10 0A 05 00 01 02 00 00 0C 05;HEX;
241;R;11:54:24:515;01 10 0A FA 00 03 06 14 04 69 00 00 00 0D F3;HEX;
242;R;11:54:24:812;01 10 0A A0 00 22 44 13 42 01 10 02 80 00 00 02 00 02 80 00 00 03 00 02 80 00 00 04 00 02 80 00 00 05 7D 82 81 00 00 06 00 02 80 00 00 07 10 02 80 00 00 08 10 02 80 00 00 09 10 02 80 00 00 0A 10 02 80 00 00 0B 10 02 80 00 00 07 A6;HEX;
243;R;11:54:25:125;01 10 0A 06 00 08 10 19 0E 00 00 00 00 00 00 00 00 00 00 00 00 00 00 7E 9F;HEX;
244;R;11:54:25:421;01 10 0A 00 00 02 04 00 01 00 00 DC CF;HEX;
245;R;11:54:25:703;01 10 0A 05 00 01 02 00 00 0C 05;HEX;
246;R;11:54:26:000;01 10 0A FA 00 03 06 14 04 69 00 00 00 0D F3;HEX;
247;R;11:54:26:281;01 10 0A A0 00 22 44 13 42 01 10 02 80 00 00 02 00 02 80 00 00 03 00 02 80 00 00 04 00 02 80 00 00 05 7D 82 81 00 00 06 00 02 80 00 00 07 10 02 80 00 00 08 10 02 80 00 00 09 10 02 80 00 00 0A 10 02 80 00 00 0B 10 02 80 00 00 07 A6;HEX;
248;R;11:54:26:609;01 10 0A 06 00 08 10 19 0E 00 00 00 00 00 00 00 00 00 00 00 00 00 00 7E 9F;HEX;
249;R;11:54:26:890;01 10 0A 00 00 02 04 00 01 00 00 DC CF;HEX;
250;R;11:54:27:171;01 10 0A 05 00 01 02 00 00 0C 05;HEX;
251;R;11:54:27:468;01 10 0A FA 00 03 06 14 04 69 00 00 00 0D F3;HEX;
252;R;11:54:27:750;01 10 0A A0 00 22 44 13 42 01 10 02 80 00 00 02 00 02 80 00 00 03 00 02 80 00 00 04 00 02 80 00 00 05 7D 82 81 00 00 06 00 02 80 00 00 07 10 02 80 00 00 08 10 02 80 00 00 09 10 02 80 00 00 0A 10 02 80 00 00 0B 10 02 80 00 00 07 A6;HEX;
253;R;11:54:28:078;01 10 0A 06 00 08 10 19 0E 00 00 00 00 00 00 00 00 00 00 00 00 00 00 7E 9F;HEX;
254;R;11:54:28:359;01 10 0A 00 00 02 04 00 01 00 00 DC CF;HEX;
255;R;11:54:28:656;01 10 0A 05 00 01 02 00 00 0C 05;HEX;
256;R;11:54:28:937;01 10 0A FA 00 03 06 14 04 69 00 00 00 0D F3;HEX;
257;R;11:54:29:218;01 10 0A A0 00 22 44 13 42 01 10 02 80 00 00 02 00 02 80 00 00 03 00 02 80 00 00 04 00 02 80 00 00 05 7D 82 81 00 00 06 00 02 80 00 00 07 10 02 80 00 00 08 10 02 80 00 00 09 10 02 80 00 00 0A 10 02 80 00 00 0B 10 02 80 00 00 07 A6;HEX;
258;R;11:54:29:546;01 10 0A 06 00 08 10 19 0E 00 00 00 00 00 00 00 00 00 00 00 00 00 00 7E 9F;HEX;
259;R;11:54:29:828;01 10 0A 00 00 02 04 00 01 00 00 DC CF;HEX;
260;R;11:54:30:125;01 10 0A 05 00 01 02 00 00 0C 05;HEX;
261;R;11:54:30:406;01 10 0A FA 00 03 06 14 04 69 00 00 00 0D F3;HEX;
262;R;11:54:30:703;01 10 0A A0 00 22 44 13 42 01 10 02 80 00 00 02 00 02 80 00 00 03 00 02 80 00 00 04 00 02 80 00 00 05 7D 82 81 00 00 06 00 02 80 00 00 07 10 02 80 00 00 08 10 02 80 00 00 09 10 02 80 00 00 0A 10 02 80 00 00 0B 10 02 80 00 00 07 A6;HEX;
263;R;11:54:31:015;01 10 0A 06 00 08 10 19 0E 00 00 00 00 00 00 00 00 00 00 00 00 00 00 7E 9F;HEX;
264;R;11:54:31:312;01 10 0A 00 00 02 04 00 01 00 00 DC CF;HEX;
265;R;11:54:31:593;01 10 0A 05 00 01 02 00 00 0C 05;HEX;
266;R;11:54:31:875;01 10 0A FA 00 03 06 14 04 61 00 00 00 0F 93;HEX;
267;R;11:54:32:171;01 10 0A A0 00 22 44 13 42 01 10 02 80 00 00 02 00 02 80 00 00 03 00 02 80 00 00 04 00 02 80 00 00 05 7D 82 81 00 00 06 00 02 80 00 00 07 10 02 80 00 00 08 10 02 80 00 00 09 10 02 80 00 00 0A 10 02 80 00 00 0B 10 02 80 00 00 07 A6;HEX;
268;R;11:54:32:484;01 10 0A 06 00 08 10 19 0E 00 00 00 00 00 00 00 00 00 00 00 00 00 00 7E 9F;HEX;
269;R;11:54:32:781;01 10 0A 00 00 02 04 00 01 00 00 DC CF;HEX;
270;R;11:54:33:062;01 10 0A 05 00 01 02 00 00 0C 05;HEX;
271;R;11:54:33:343;01 10 0A FA 00 03 06 14 04 61 00 00 00 0F 93;HEX;
272;R;11:54:33:625;01 10 0A A0 00 22 44 13 42 01 10 02 80 00 00 02 00 02 80 00 00 03 00 02 80 00 00 04 00 02 80 00 00 05 7D 82 81 00 00 06 00 02 80 00 00 07 10 02 80 00 00 08 10 02 80 00 00 09 10 02 80 00 00 0A 10 02 80 00 00 0B 10 02 80 00 00 07 A6;HEX;
273;R;11:54:33:968;01 10 0A 06 00 08 10 19 0E 00 00 00 00 00 00 00 00 00 00 00 00 00 00 7E 9F;HEX;
274;R;11:54:34:250;01 10 0A 00 00 02 04 00 01 00 00 DC CF;HEX;
275;R;11:54:34:531;01 10 0A 05 00 01 02 00 00 0C 05;HEX;
276;R;11:54:34:812;01 10 0A FA 00 03 06 14 04 61 00 00 00 0F 93;HEX;
277;R;11:54:35:093;01 10 0A A0 00 22 44 13 42 01 10 02 80 00 00 02 00 02 80 00 00 03 00 02 80 00 00 04 00 02 80 00 00 05 7D 82 81 00 00 06 00 02 80 00 00 07 10 02 80 00 00 08 10 02 80 00 00 09 10 02 80 00 00 0A 10 02 80 00 00 0B 10 02 80 00 00 07 A6;HEX;
278;R;11:54:35:421;01 10 0A 06 00 08 10 19 0E 00 00 00 00 00 00 00 00 00 00 00 00 00 00 7E 9F;HEX;
279;R;11:54:35:718;01 10 0A 00 00 02 04 00 01 00 00 DC CF;HEX;
280;R;11:54:36:015;01 10 0A 05 00 01 02 00 00 0C 05;HEX;
281;R;11:54:36:281;01 10 0A FA 00 03 06 14 04 61 00 00 00 0F 93;HEX;
282;R;11:54:36:562;01 10 0A A0 00 22 44 13 42 01 10 02 80 00 00 02 00 02 80 00 00 03 00 02 80 00 00 04 00 02 80 00 00 05 7D 82 81 00 00 06 00 02 80 00 00 07 10 02 80 00 00 08 10 02 80 00 00 09 10 02 80 00 00 0A 10 02 80 00 00 0B 10 02 80 00 00 07 A6;HEX;
283;R;11:54:36:890;01 10 0A 06 00 08 10 19 0E 00 00 00 00 00 00 00 00 00 00 00 00 00 00 7E 9F;HEX;
284;R;11:54:37:187;01 10 0A 00 00 02 04 00 01 00 00 DC CF;HEX;
285;R;11:54:37:484;01 10 0A 05 00 01 02 00 00 0C 05;HEX;
286;R;11:54:37:750;01 10 0A FA 00 03 06 14 04 61 00 00 00 0F 93;HEX;
287;R;11:54:38:046;01 10 0A A0 00 22 44 13 42 01 10 02 80 00 00 02 00 02 80 00 00 03 00 02 80 00 00 04 00 02 80 00 00 05 7D 82 81 00 00 06 00 02 80 00 00 07 10 02 80 00 00 08 10 02 80 00 00 09 10 02 80 00 00 0A 10 02 80 00 00 0B 10 02 80 00 00 07 A6;HEX;
288;R;11:54:38:359;01 10 0A 06 00 08 10 19 0E 00 00 00 00 00 00 00 00 00 00 00 00 00 00 7E 9F;HEX;
289;R;11:54:38:671;01 10 0A 00 00 02 04 00 01 00 00 DC CF;HEX;
290;R;11:54:38:937;01 10 0A 05 00 01 02 00 00 0C 05;HEX;
291;R;11:54:39:218;01 10 0A FA 00 03 06 14 04 61 00 00 00 0F 93;HEX;
292;R;11:54:39:515;01 10 0A A0 00 22 44 13 42 01 10 02 80 00 00 02 00 02 80 00 00 03 00 02 80 00 00 04 00 02 80 00 00 05 7D 82 81 00 00 06 00 02 80 00 00 07 10 02 80 00 00 08 10 02 80 00 00 09 10 02 80 00 00 0A 10 02 80 00 00 0B 10 02 80 00 00 07 A6;HEX;
293;R;11:54:39:828;01 10 0A 06 00 08 10 19 0E 00 00 00 00 00 00 00 00 00 00 00 00 00 00 7E 9F;HEX;
294;R;11:54:40:140;01 10 0A 00 00 02 04 00 01 00 00 DC CF;HEX;
295;R;11:54:40:406;01 10 0A 05 00 01 02 00 00 0C 05;HEX;
296;R;11:54:40:703;01 10 0A FA 00 03 06 14 04 61 00 00 00 0F 93;HEX;
297;R;11:54:40:984;01 10 0A A0 00 22 44 13 42 01 10 02 80 00 00 02 00 02 80 00 00 03 00 02 80 00 00 04 00 02 80 00 00 05 7D 82 81 00 00 06 00 02 80 00 00 07 10 02 80 00 00 08 10 02 80 00 00 09 10 02 80 00 00 0A 10 02 80 00 00 0B 10 02 80 00 00 07 A6;HEX;
298;R;11:54:41:296;01 10 0A 06 00 08 10 19 0E 00 00 00 00 00 00 00 00 00 00 00 00 00 00 7E 9F;HEX;
299;R;11:54:41:593;01 10 0A 00 00 02 04 00 01 00 00 DC CF;HEX;
300;R;11:54:41:875;01 10 0A 05 00 01 02 00 00 0C 05;HEX;
301;R;11:54:42:171;01 10 0A FA 00 03 06 14 04 61 00 00 00 0F 93;HEX;
302;R;11:54:42:453;01 10 0A A0 00 22 44 13 42 01 10 02 80 00 00 02 00 02 80 00 00 03 00 02 80 00 00 04 00 02 80 00 00 05 7D 82 81 00 00 06 00 02 80 00 00 07 10 02 80 00 00 08 10 02 80 00 00 09 10 02 80 00 00 0A 10 02 80 00 00 0B 10 02 80 00 00 07 A6;HEX;
303;R;11:54:42:781;01 10 0A 06 00 08 10 19 0E 00 00 00 00 00 00 00 00 00 00 00 00 00 00 7E 9F;HEX;
304;R;11:54:43:062;01 10 0A 00 00 02 04 00 01 00 00 DC CF;HEX;
305;R;11:54:43:359;01 10 0A 05 00 01 02 00 00 0C 05;HEX;
306;R;11:54:43:640;01 10 0A FA 00 03 06 14 04 61 00 00 00 0F 93;HEX;
307;R;11:54:43:921;01 10 0A A0 00 22 44 13 42 01 10 02 80 00 00 02 00 02 80 00 00 03 00 02 80 00 00 04 00 02 80 00 00 05 7D 82 81 00 00 06 00 02 80 00 00 07 10 02 80 00 00 08 10 02 80 00 00 09 10 02 80 00 00 0A 10 02 80 00 00 0B 10 02 80 00 00 07 A6;HEX;
308;R;11:54:44:250;01 10 0A 06 00 08 10 19 0E 00 00 00 00 00 00 00 00 00 00 00 00 00 00 7E 9F;HEX;
309;R;11:54:44:531;01 10 0A 00 00 02 04 00 01 00 00 DC CF;HEX;
310;R;11:54:44:828;01 10 0A 05 00 01 02 00 00 0C 05;HEX;
311;R;11:54:45:109;01 10 0A FA 00 03 06 14 04 61 00 00 00 0F 93;HEX;
312;R;11:54:45:406;01 10 0A A0 00 22 44 13 42 01 10 02 80 00 00 02 00 02 80 00 00 03 00 02 80 00 00 04 00 02 80 00 00 05 7D 82 81 00 00 06 00 02 80 00 00 07 10 02 80 00 00 08 10 02 80 00 00 09 10 02 80 00 00 0A 10 02 80 00 00 0B 10 02 80 00 00 07 A6;HEX;
313;R;11:54:45:718;01 10 0A 06 00 08 10 19 0E 00 00 00 00 00 00 00 00 00 00 00 00 00 00 7E 9F;HEX;
314;R;11:54:46:000;01 10 0A 00 00 02 04 00 01 00 00 DC CF;HEX;
315;R;11:54:46:296;01 10 0A 05 00 01 02 00 00 0C 05;HEX;
316;R;11:54:46:578;01 10 0A FA 00 03 06 14 04 61 00 00 00 0F 93;HEX;
317;R;11:54:46:875;01 10 0A A0 00 22 44 13 42 01 10 02 80 00 00 02 00 02 80 00 00 03 00 02 80 00 00 04 00 02 80 00 00 05 7D 82 81 00 00 06 00 02 80 00 00 07 10 02 80 00 00 08 10 02 80 00 00 09 10 02 80 00 00 0A 10 02 80 00 00 0B 10 02 80 00 00 07 A6;HEX;
318;R;11:54:47:187;01 10 0A 06 00 08 10 19 0E 00 00 00 00 00 00 00 00 00 00 00 00 00 00 7E 9F;HEX;
319;R;11:54:47:484;01 10 0A 00 00 02 04 00 01 00 00 DC CF;HEX;
320;R;11:54:47:765;01 10 0A 05 00 01 02 00 00 0C 05;HEX;
321;R;11:54:48:062;01 10 0A FA 00 03 06 14 04 61 00 00 00 0F 93;HEX;
322;R;11:54:48:343;01 10 0A A0 00 22 44 13 42 01 10 02 80 00 00 02 00 02 80 00 00 03 00 02 80 00 00 04 00 02 80 00 00 05 7D 82 81 00 00 06 00 02 80 00 00 07 10 02 80 00 00 08 10 02 80 00 00 09 10 02 80 00 00 0A 10 02 80 00 00 0B 10 02 80 00 00 07 A6;HEX;
323;R;11:54:48:656;01 10 0A 06 00 08 10 19 0E 00 00 00 00 00 00 00 00 00 00 00 00 00 00 7E 9F;HEX;
324;R;11:54:48:953;01 10 0A 00 00 02 04 00 01 00 00 DC CF;HEX;
325;R;11:54:49:234;01 10 0A 05 00 01 02 00 00 0C 05;HEX;
326;R;11:54:49:531;01 10 0A FA 00 03 06 14 04 61 00 00 00 0F 93;HEX;
327;R;11:54:49:812;01 10 0A A0 00 22 44 13 42 01 10 02 80 00 00 02 00 02 80 00 00 03 00 02 80 00 00 04 00 02 80 00 00 05 7D 82 81 00 00 06 00 02 80 00 00 07 10 02 80 00 00 08 10 02 80 00 00 09 10 02 80 00 00 0A 10 02 80 00 00 0B 10 02 80 00 00 07 A6;HEX;
328;R;11:54:50:140;01 10 0A 06 00 08 10 19 0E 00 00 00 00 00 00 00 00 00 00 00 00 00 00 7E 9F;HEX;
329;R;11:54:50:421;01 10 0A 00 00 02 04 00 01 00 00 DC CF;HEX;
330;R;11:54:50:718;01 10 0A 05 00 01 02 00 00 0C 05;HEX;
331;R;11:54:51:000;01 10 0A FA 00 03 06 14 04 41 00 00 00 04 53;HEX;
332;R;11:54:51:281;01 10 0A A0 00 22 44 13 42 01 10 02 80 00 00 02 00 02 80 00 00 03 00 02 80 00 00 04 00 02 80 00 00 05 7D 82 81 00 00 06 00 02 80 00 00 07 10 02 80 00 00 08 10 02 80 00 00 09 10 02 80 00 00 0A 10 02 80 00 00 0B 10 02 80 00 00 07 A6;HEX;
333;R;11:54:51:609;01 10 0A 06 00 08 10 19 0E 00 00 00 00 00 00 00 00 00 00 00 00 00 00 7E 9F;HEX;
334;R;11:54:51:890;01 10 0A 00 00 02 04 00 01 00 00 DC CF;HEX;
335;R;11:54:52:187;01 10 0A 05 00 01 02 00 00 0C 05;HEX;
336;R;11:54:52:468;01 10 0A FA 00 03 06 14 04 41 00 00 00 04 53;HEX;
337;R;11:54:52:765;01 10 0A A0 00 22 44 13 42 01 10 02 80 00 00 02 00 02 80 00 00 03 00 02 80 00 00 04 00 02 80 00 00 05 7D 82 81 00 00 06 00 02 80 00 00 07 10 02 80 00 00 08 10 02 80 00 00 09 10 02 80 00 00 0A 10 02 80 00 00 0B 10 02 80 00 00 07 A6;HEX;
338;R;11:54:53:078;01 10 0A 06 00 08 10 19 0E 00 00 00 00 00 00 00 00 00 00 00 00 00 00 7E 9F;HEX;
339;R;11:54:53:359;01 10 0A 00 00 02 04 00 01 00 00 DC CF;HEX;
340;R;11:54:53:656;01 10 0A 05 00 01 02 00 00 0C 05;HEX;
341;R;11:54:53:937;01 10 0A FA 00 03 06 14 04 41 00 00 00 04 53;HEX;
342;R;11:54:54:234;01 10 0A A0 00 22 44 13 42 01 10 02 80 00 00 02 00 02 80 00 00 03 00 02 80 00 00 04 00 02 80 00 00 05 7D 82 81 00 00 06 00 02 80 00 00 07 10 02 80 00 00 08 10 02 80 00 00 09 10 02 80 00 00 0A 10 02 80 00 00 0B 10 02 80 00 00 07 A6;HEX;
343;R;11:54:54:546;01 10 0A 06 00 08 10 19 0E 00 00 00 00 00 00 00 00 00 00 00 00 00 00 7E 9F;HEX;
344;R;11:54:54:843;01 10 0A 00 00 02 04 00 01 00 00 DC CF;HEX;
345;R;11:54:55:125;01 10 0A 05 00 01 02 00 00 0C 05;HEX;
346;R;11:54:55:421;01 10 0A FA 00 03 06 14 04 41 00 00 00 04 53;HEX;
347;R;11:54:55:687;01 10 0A A0 00 22 44 13 42 01 10 02 80 00 00 02 00 02 80 00 00 03 00 02 80 00 00 04 00 02 80 00 00 05 7D 82 81 00 00 06 00 02 80 00 00 07 10 02 80 00 00 08 10 02 80 00 00 09 10 02 80 00 00 0A 10 02 80 00 00 0B 10 02 80 00 00 07 A6;HEX;
348;R;11:54:56:015;01 10 0A 06 00 08 10 19 0E 00 00 00 00 00 00 00 00 00 00 00 00 00 00 7E 9F;HEX;
349;R;11:54:56:312;01 10 0A 00 00 02 04 00 01 00 00 DC CF;HEX;
350;R;11:54:56:593;01 10 0A 05 00 01 02 00 00 0C 05;HEX;
351;R;11:54:56:890;01 10 0A FA 00 03 06 14 04 41 00 00 00 04 53;HEX;
352;R;11:54:57:156;01 10 0A A0 00 22 44 13 42 01 10 02 80 00 00 02 00 02 80 00 00 03 00 02 80 00 00 04 00 02 80 00 00 05 7D 82 81 00 00 06 00 02 80 00 00 07 10 02 80 00 00 08 10 02 80 00 00 09 10 02 80 00 00 0A 10 02 80 00 00 0B 10 02 80 00 00 07 A6;HEX;
353;R;11:54:57:500;01 10 0A 06 00 08 10 19 0E 00 00 00 00 00 00 00 00 00 00 00 00 00 00 7E 9F;HEX;
354;R;11:54:57:781;01 10 0A 00 00 02 04 00 01 00 00 DC CF;HEX;
355;R;11:54:58:062;01 10 0A 05 00 01 02 00 00 0C 05;HEX;
356;R;11:54:58:343;01 10 0A FA 00 03 06 14 04 41 00 00 00 04 53;HEX;
357;R;11:54:58:625;01 10 0A A0 00 22 44 13 42 01 10 02 80 00 00 02 00 02 80 00 00 03 00 02 80 00 00 04 00 02 80 00 00 05 7D 82 81 00 00 06 00 02 80 00 00 07 10 02 80 00 00 08 10 02 80 00 00 09 10 02 80 00 00 0A 10 02 80 00 00 0B 10 02 80 00 00 07 A6;HEX;
358;R;11:54:58:968;01 10 0A 06 00 08 10 19 0E 00 00 00 00 00 00 00 00 00 00 00 00 00 00 7E 9F;HEX;
359;R;11:54:59:250;01 10 0A 00 00 02 04 00 01 00 00 DC CF;HEX;
360;R;11:54:59:546;01 10 0A 05 00 01 02 00 00 0C 05;HEX;
361;R;11:54:59:812;01 10 0A FA 00 03 06 14 04 41 00 00 00 04 53;HEX;
362;R;11:55:00:109;01 10 0A A0 00 22 44 13 42 01 10 02 80 00 00 02 00 02 80 00 00 03 00 02 80 00 00 04 00 02 80 00 00 05 7D 82 81 00 00 06 00 02 80 00 00 07 10 02 80 00 00 08 10 02 80 00 00 09 10 02 80 00 00 0A 10 02 80 00 00 0B 10 02 80 00 00 07 A6;HEX;
363;R;11:55:00:421;01 10 0A 06 00 08 10 19 0E 00 00 00 00 00 00 00 00 00 00 00 00 00 00 7E 9F;HEX;
364;R;11:55:00:718;01 10 0A 00 00 02 04 00 01 00 00 DC CF;HEX;
365;R;11:55:01:015;01 10 0A 05 00 01 02 00 00 0C 05;HEX;
366;R;11:55:01:281;01 10 0A FA 00 03 06 14 04 41 00 00 00 04 53;HEX;
367;R;11:55:01:578;01 10 0A A0 00 22 44 13 42 01 10 02 80 00 00 02 00 02 80 00 00 03 00 02 80 00 00 04 00 02 80 00 00 05 7D 82 81 00 00 06 00 02 80 00 00 07 10 02 80 00 00 08 10 02 80 00 00 09 10 02 80 00 00 0A 10 02 80 00 00 0B 10 02 80 00 00 07 A6;HEX;
368;R;11:55:01:890;01 10 0A 06 00 08 10 19 0E 00 00 00 00 00 00 00 00 00 00 00 00 00 00 7E 9F;HEX;
369;R;11:55:02:203;01 10 0A 00 00 02 04 00 01 00 00 DC CF;HEX;
370;R;11:55:02:484;01 10 0A 05 00 01 02 00 00 0C 05;HEX;
371;R;11:55:02:765;01 10 0A FA 00 03 06 14 04 41 00 00 00 04 53;HEX;
372;R;11:55:03:046;01 10 0A A0 00 22 44 13 42 01 10 02 80 00 00 02 00 02 80 00 00 03 00 02 80 00 00 04 00 02 80 00 00 05 7D 82 81 00 00 06 00 02 80 00 00 07 10 02 80 00 00 08 10 02 80 00 00 09 10 02 80 00 00 0A 10 02 80 00 00 0B 10 02 80 00 00 07 A6;HEX;
373;R;11:55:03:359;01 10 0A 06 00 08 10 19 0E 00 00 00 00 00 00 00 00 00 00 00 00 00 00 7E 9F;HEX;
374;R;11:55:03:671;01 10 0A 00 00 02 04 00 01 00 00 DC CF;HEX;
375;R;11:55:03:937;01 10 0A 05 00 01 02 00 00 0C 05;HEX;
376;R;11:55:04:234;01 10 0A FA 00 03 06 14 04 41 00 00 00 04 53;HEX;
377;R;11:55:04:515;01 10 0A A0 00 22 44 13 42 01 10 02 80 00 00 02 00 02 80 00 00 03 00 02 80 00 00 04 00 02 80 00 00 05 7D 82 81 00 00 06 00 02 80 00 00 07 10 02 80 00 00 08 10 02 80 00 00 09 10 02 80 00 00 0A 10 02 80 00 00 0B 10 02 80 00 00 07 A6;HEX;
378;R;11:55:04:843;01 10 0A 06 00 08 10 19 0E 00 00 00 00 00 00 00 00 00 00 00 00 00 00 7E 9F;HEX;
379;R;11:55:05:125;01 10 0A 00 00 02 04 00 01 00 00 DC CF;HEX;
380;R;11:55:05:406;01 10 0A 05 00 01 02 00 00 0C 05;HEX;
381;R;11:55:05:703;01 10 0A FA 00 03 06 14 04 41 00 00 00 04 53;HEX;
382;R;11:55:05:984;01 10 0A A0 00 22 44 13 42 01 10 02 80 00 00 02 00 02 80 00 00 03 00 02 80 00 00 04 00 02 80 00 00 05 7D 82 81 00 00 06 00 02 80 00 00 07 10 02 80 00 00 08 10 02 80 00 00 09 10 02 80 00 00 0A 10 02 80 00 00 0B 10 02 80 00 00 07 A6;HEX;
383;R;11:55:06:312;01 10 0A 06 00 08 10 19 0E 00 00 00 00 00 00 00 00 00 00 00 00 00 00 7E 9F;HEX;
384;R;11:55:06:593;01 10 0A 00 00 02 04 00 01 00 00 DC CF;HEX;
385;R;11:55:06:890;01 10 0A 05 00 01 02 00 00 0C 05;HEX;
386;R;11:55:07:171;01 10 0A FA 00 03 06 14 04 41 00 00 00 04 53;HEX;
387;R;11:55:07:468;01 10 0A A0 00 22 44 13 42 01 10 02 80 00 00 02 00 02 80 00 00 03 00 02 80 00 00 04 00 02 80 00 00 05 7D 82 81 00 00 06 00 02 80 00 00 07 10 02 80 00 00 08 10 02 80 00 00 09 10 02 80 00 00 0A 10 02 80 00 00 0B 10 02 80 00 00 07 A6;HEX;
388;R;11:55:07:781;01 10 0A 06 00 08 10 19 0E 00 00 00 00 00 00 00 00 00 00 00 00 00 00 7E 9F;HEX;
389;R;11:55:08:062;01 10 0A 00 00 02 04 00 01 00 00 DC CF;HEX;
390;R;11:55:08:359;01 10 0A 05 00 01 02 00 00 0C 05;HEX;
391;R;11:55:08:640;01 10 0A FA 00 03 06 14 04 41 00 00 00 04 53;HEX;
392;R;11:55:08:937;01 10 0A A0 00 22 44 13 42 01 10 02 80 00 00 02 00 02 80 00 00 03 00 02 80 00 00 04 00 02 80 00 00 05 7D 82 81 00 00 06 00 02 80 00 00 07 10 02 80 00 00 08 10 02 80 00 00 09 10 02 80 00 00 0A 10 02 80 00 00 0B 10 02 80 00 00 07 A6;HEX;
393;R;11:55:09:250;01 10 0A 06 00 08 10 19 0E 00 00 00 00 00 00 00 00 00 00 00 00 00 00 7E 9F;HEX;
394;R;11:55:09:546;01 10 0A 00 00 02 04 00 01 00 00 DC CF;HEX;
395;R;11:55:09:828;01 10 0A 05 00 01 02 00 00 0C 05;HEX;
396;R;11:55:10:109;01 10 0A FA 00 03 06 14 04 41 00 00 00 04 53;HEX;
397;R;11:55:10:406;01 10 0A A0 00 22 44 13 42 01 10 02 80 00 00 02 00 02 80 00 00 03 00 02 80 00 00 04 00 02 80 00 00 05 7D 82 81 00 00 06 00 02 80 00 00 07 10 02 80 00 00 08 10 02 80 00 00 09 10 02 80 00 00 0A 10 02 80 00 00 0B 10 02 80 00 00 07 A6;HEX;
398;R;11:55:10:718;01 10 0A 06 00 08 10 19 0E 00 00 00 00 00 00 00 00 00 00 00 00 00 00 7E 9F;HEX;
399;R;11:55:11:015;01 10 0A 00 00 02 04 00 01 00 00 DC CF;HEX;
400;R;11:55:11:296;01 10 0A 05 00 01 02 00 00 0C 05;HEX;
401;R;11:55:11:593;01 10 0A FA 00 03 06 14 04 41 00 00 00 04 53;HEX;
402;R;11:55:11:875;01 10 0A A0 00 22 44 13 42 01 10 02 80 00 00 02 00 02 80 00 00 03 00 02 80 00 00 04 00 02 80 00 00 05 7D 82 81 00 00 06 00 02 80 00 00 07 10 02 80 00 00 08 10 02 80 00 00 09 10 02 80 00 00 0A 10 02 80 00 00 0B 10 02 80 00 00 07 A6;HEX;
403;R;11:55:12:203;01 10 0A 06 00 08 10 19 0E 00 00 00 00 00 00 00 00 00 00 00 00 00 00 7E 9F;HEX;
404;R;11:55:12:484;01 10 0A 00 00 02 04 00 01 00 00 DC CF;HEX;
405;R;11:55:12:765;01 10 0A 05 00 01 02 00 00 0C 05;HEX;
406;R;11:55:13:062;01 10 0A FA 00 03 06 14 04 41 00 00 00 04 53;HEX;
407;R;11:55:13:343;01 10 0A A0 00 22 44 13 42 01 10 02 80 00 00 02 00 02 80 00 00 03 00 02 80 00 00 04 00 02 80 00 00 05 7D 82 81 00 00 06 00 02 80 00 00 07 10 02 80 00 00 08 10 02 80 00 00 09 10 02 80 00 00 0A 10 02 80 00 00 0B 10 02 80 00 00 07 A6;HEX;
408;R;11:55:13:671;01 10 0A 06 00 08 10 19 0E 00 00 00 00 00 00 00 00 00 00 00 00 00 00 7E 9F;HEX;
409;R;11:55:13:953;01 10 0A 00 00 02 04 00 01 00 00 DC CF;HEX;
410;R;11:55:14:250;01 10 0A 05 00 01 02 00 00 0C 05;HEX;
411;R;11:55:14:531;01 10 0A FA 00 03 06 14 04 41 00 00 00 04 53;HEX;
412;R;11:55:14:812;01 10 0A A0 00 22 44 13 42 01 10 02 80 00 00 02 00 02 80 00 00 03 00 02 80 00 00 04 00 02 80 00 00 05 7D 82 81 00 00 06 00 02 80 00 00 07 10 02 80 00 00 08 10 02 80 00 00 09 10 02 80 00 00 0A 10 02 80 00 00 0B 10 02 80 00 00 07 A6;HEX;
413;R;11:55:15:140;01 10 0A 06 00 08 10 19 0E 00 00 00 00 00 00 00 00 00 00 00 00 00 00 7E 9F;HEX;
414;R;11:55:15:421;01 10 0A 00 00 02 04 00 01 00 00 DC CF;HEX;
415;R;11:55:15:718;01 10 0A 05 00 01 02 00 00 0C 05;HEX;
416;R;11:55:16:000;01 10 0A FA 00 03 06 14 04 41 00 00 00 04 53;HEX;
417;R;11:55:16:296;01 10 0A A0 00 22 44 13 42 01 10 02 80 00 00 02 00 02 80 00 00 03 00 02 80 00 00 04 00 02 80 00 00 05 7D 82 81 00 00 06 00 02 80 00 00 07 10 02 80 00 00 08 10 02 80 00 00 09 10 02 80 00 00 0A 10 02 80 00 00 0B 10 02 80 00 00 07 A6;HEX;
418;R;11:55:16:609;01 10 0A 06 00 08 10 19 0E 00 00 00 00 00 00 00 00 00 00 00 00 00 00 7E 9F;HEX;
419;R;11:55:16:906;01 10 0A 00 00 02 04 00 01 00 00 DC CF;HEX;
420;R;11:55:17:187;01 10 0A 05 00 01 02 00 00 0C 05;HEX;
421;R;11:55:17:453;01 10 0A FA 00 03 06 14 04 41 00 00 00 04 53;HEX;
422;R;11:55:17:750;01 10 0A A0 00 22 44 13 42 01 10 02 80 00 00 02 00 02 80 00 00 03 00 02 80 00 00 04 00 02 80 00 00 05 7D 82 81 00 00 06 00 02 80 00 00 07 10 02 80 00 00 08 10 02 80 00 00 09 10 02 80 00 00 0A 10 02 80 00 00 0B 10 02 80 00 00 07 A6;HEX;
423;R;11:55:18:078;01 10 0A 06 00 08 10 19 0E 00 00 00 00 00 00 00 00 00 00 00 00 00 00 7E 9F;HEX;
424;R;11:55:18:375;01 10 0A 00 00 02 04 00 01 00 00 DC CF;HEX;
425;R;11:55:18:656;01 10 0A 05 00 01 02 00 00 0C 05;HEX;
426;R;11:55:18:937;01 10 0A FA 00 03 06 14 04 41 00 00 00 04 53;HEX;
427;R;11:55:19:218;01 10 0A A0 00 22 44 13 42 01 10 02 80 00 00 02 00 02 80 00 00 03 00 02 80 00 00 04 00 02 80 00 00 05 7D 82 81 00 00 06 00 02 80 00 00 07 10 02 80 00 00 08 10 02 80 00 00 09 10 02 80 00 00 0A 10 02 80 00 00 0B 10 02 80 00 00 07 A6;HEX;
428;R;11:55:19:546;01 10 0A 06 00 08 10 19 0E 00 00 00 00 00 00 00 00 00 00 00 00 00 00 7E 9F;HEX;
429;R;11:55:19:843;01 10 0A 00 00 02 04 00 01 00 00 DC CF;HEX;
430;R;11:55:20:125;01 10 0A 05 00 01 02 00 00 0C 05;HEX;
431;R;11:55:20:406;01 10 0A FA 00 03 06 14 04 41 00 00 00 04 53;HEX;
432;R;11:55:20:687;01 10 0A A0 00 22 44 13 42 01 10 02 80 00 00 02 00 02 80 00 00 03 00 02 80 00 00 04 00 02 80 00 00 05 7D 82 81 00 00 06 00 02 80 00 00 07 10 02 80 00 00 08 10 02 80 00 00 09 10 02 80 00 00 0A 10 02 80 00 00 0B 10 02 80 00 00 07 A6;HEX;
433;R;11:55:21:015;01 10 0A 06 00 08 10 19 0E 00 00 00 00 00 00 00 00 00 00 00 00 00 00 7E 9F;HEX;
434;R;11:55:21:312;01 10 0A 00 00 02 04 00 01 00 00 DC CF;HEX;
435;R;11:55:21:609;01 10 0A 05 00 01 02 00 00 0C 05;HEX;
436;R;11:55:21:875;01 10 0A FA 00 03 06 14 04 41 00 00 00 04 53;HEX;
437;R;11:55:22:156;01 10 0A A0 00 22 44 13 42 01 10 02 80 00 00 02 00 02 80 00 00 03 00 02 80 00 00 04 00 02 80 00 00 05 7D 82 87 00 00 06 00 02 80 00 00 07 10 02 80 00 00 08 10 02 80 00 00 09 10 02 80 00 00 0A 10 02 80 00 00 0B 10 02 80 00 00 32 8E;HEX;
438;R;11:55:22:484;01 10 0A 06 00 08 10 19 0E 00 00 00 00 00 00 00 00 00 00 00 00 00 00 7E 9F;HEX;
439;R;11:55:22:781;01 10 0A 00 00 02 04 00 01 00 00 DC CF;HEX;
440;R;11:55:23:062;01 10 0A 05 00 01 02 00 00 0C 05;HEX;
441;R;11:55:23:343;01 10 0A FA 00 03 06 14 04 40 00 00 00 05 AF;HEX;
442;R;11:55:23:640;01 10 0A A0 00 22 44 13 42 01 10 02 80 00 00 02 00 02 80 00 00 03 00 02 80 00 00 04 00 02 80 00 00 05 7D 82 87 00 00 06 00 02 80 00 00 07 10 02 80 00 00 08 10 02 80 00 00 09 10 02 80 00 00 0A 10 02 80 00 00 0B 10 02 80 00 00 32 8E;HEX;
443;R;11:55:23:953;01 10 0A 06 00 08 10 19 0E 00 00 00 00 00 00 00 00 00 00 00 00 00 00 7E 9F;HEX;
444;R;11:55:24:265;01 10 0A 00 00 02 04 00 01 00 00 DC CF;HEX;
445;R;11:55:24:531;01 10 0A 05 00 01 02 00 00 0C 05;HEX;
446;R;11:55:24:812;01 10 0A FA 00 03 06 14 04 40 00 00 00 05 AF;HEX;
447;R;11:55:25:109;01 10 0A A0 00 22 44 13 42 01 10 02 80 00 00 02 00 02 80 00 00 03 00 02 80 00 00 04 00 02 80 00 00 05 7D 82 87 00 00 06 00 02 80 00 00 07 10 02 80 00 00 08 10 02 80 00 00 09 10 02 80 00 00 0A 10 02 80 00 00 0B 10 02 80 00 00 32 8E;HEX;
448;R;11:55:25:421;01 10 0A 06 00 08 10 19 0E 00 00 00 00 00 00 00 00 00 00 00 00 00 00 7E 9F;HEX;
449;R;11:55:25:718;01 10 0A 00 00 02 04 00 01 00 00 DC CF;HEX;
450;R;11:55:26:000;01 10 0A 05 00 01 02 00 00 0C 05;HEX;
451;R;11:55:26:296;01 10 0A FA 00 03 06 14 04 40 00 00 00 05 AF;HEX;
452;R;11:55:26:578;01 10 0A A0 00 22 44 13 42 01 10 02 80 00 00 02 00 02 80 00 00 03 00 02 80 00 00 04 00 02 80 00 00 05 7D 82 87 00 00 06 00 02 80 00 00 07 10 02 80 00 00 08 10 02 80 00 00 09 10 02 80 00 00 0A 10 02 80 00 00 0B 10 02 80 00 00 32 8E;HEX;
453;R;11:55:26:890;01 10 0A 06 00 08 10 19 0E 00 00 00 00 00 00 00 00 00 00 00 00 00 00 7E 9F;HEX;
454;R;11:55:27:187;01 10 0A 00 00 02 04 00 01 00 00 DC CF;HEX;
455;R;11:55:27:468;01 10 0A 05 00 01 02 00 00 0C 05;HEX;
456;R;11:55:27:765;01 10 0A FA 00 03 06 14 04 40 00 00 00 05 AF;HEX;
457;R;11:55:28:046;01 10 0A A0 00 22 44 13 42 01 10 02 80 00 00 02 00 02 80 00 00 03 00 02 80 00 00 04 00 02 80 00 00 05 7D 82 87 00 00 06 00 02 80 00 00 07 10 02 80 00 00 08 10 02 80 00 00 09 10 02 80 00 00 0A 10 02 80 00 00 0B 10 02 80 00 00 32 8E;HEX;
458;R;11:55:28:375;01 10 0A 06 00 08 10 19 0E 00 00 00 00 00 00 00 00 00 00 00 00 00 00 7E 9F;HEX;
459;R;11:55:28:656;01 10 0A 00 00 02 04 00 01 00 00 DC CF;HEX;
460;R;11:55:28:953;01 10 0A 05 00 01 02 00 00 0C 05;HEX;
461;R;11:55:29:234;01 10 0A FA 00 03 06 14 04 40 00 00 00 05 AF;HEX;
462;R;11:55:29:515;01 10 0A A0 00 22 44 13 42 01 10 02 80 00 00 02 00 02 80 00 00 03 00 02 80 00 00 04 00 02 80 00 00 05 7D 82 87 00 00 06 00 02 80 00 00 07 10 02 80 00 00 08 10 02 80 00 00 09 10 02 80 00 00 0A 10 02 80 00 00 0B 10 02 80 00 00 32 8E;HEX;
463;R;11:55:29:843;01 10 0A 06 00 08 10 19 0E 00 00 00 00 00 00 00 00 00 00 00 00 00 00 7E 9F;HEX;
464;R;11:55:30:125;01 10 0A 00 00 02 04 00 01 00 00 DC CF;HEX;
465;R;11:55:30:421;01 10 0A 05 00 01 02 00 00 0C 05;HEX;
466;R;11:55:30:703;01 10 0A FA 00 03 06 14 04 40 00 00 00 05 AF;HEX;
467;R;11:55:31:000;01 10 0A A0 00 22 44 13 42 01 10 02 80 00 00 02 00 02 80 00 00 03 00 02 80 00 00 04 00 02 80 00 00 05 7D 82 87 00 00 06 00 02 80 00 00 07 10 02 80 00 00 08 10 02 80 00 00 09 10 02 80 00 00 0A 10 02 80 00 00 0B 10 02 80 00 00 32 8E;HEX;
468;R;11:55:31:312;01 10 0A 06 00 08 10 19 0E 00 00 00 00 00 00 00 00 00 00 00 00 00 00 7E 9F;HEX;
469;R;11:55:31:609;01 10 0A 00 00 02 04 00 01 00 00 DC CF;HEX;
470;R;11:55:31:890;01 10 0A 05 00 01 02 00 00 0C 05;HEX;
471;R;11:55:32:171;01 10 0A FA 00 03 06 14 04 40 00 00 00 05 AF;HEX;
472;R;11:55:32:468;01 10 0A A0 00 22 44 13 42 01 10 02 80 00 00 02 00 02 80 00 00 03 00 02 80 00 00 04 00 02 80 00 00 05 7E 82 80 00 00 06 00 02 80 00 00 07 10 02 80 00 00 08 10 02 80 00 00 09 10 02 80 00 00 0A 10 02 80 00 00 0B 10 02 80 00 00 05 8D;HEX;
473;R;11:55:32:781;01 10 0A 06 00 08 10 19 0E 00 00 00 00 00 00 00 00 00 00 00 00 00 00 7E 9F;HEX;
474;R;11:55:33:078;01 10 0A 00 00 02 04 00 01 00 00 DC CF;HEX;
475;R;11:55:33:359;01 10 0A 05 00 01 02 00 00 0C 05;HEX;
476;R;11:55:33:656;01 10 0A FA 00 03 06 14 04 40 00 00 00 05 AF;HEX;
477;R;11:55:33:937;01 10 0A A0 00 22 44 13 42 01 10 02 80 00 00 02 00 02 80 00 00 03 00 02 80 00 00 04 00 02 80 00 00 05 7E 82 80 00 00 06 00 02 80 00 00 07 10 02 80 00 00 08 10 02 80 00 00 09 10 02 80 00 00 0A 10 02 80 00 00 0B 10 02 80 00 00 05 8D;HEX;
478;R;11:55:34:250;01 10 0A 06 00 08 10 19 0E 00 00 00 00 00 00 00 00 00 00 00 00 00 00 7E 9F;HEX;
479;R;11:55:34:546;01 10 0A 00 00 02 04 00 01 00 00 DC CF;HEX;
480;R;11:55:34:828;01 10 0A 05 00 01 02 00 00 0C 05;HEX;
481;R;11:55:35:125;01 10 0A FA 00 03 06 14 04 40 00 00 00 05 AF;HEX;
482;R;11:55:35:406;01 10 0A A0 00 22 44 13 42 01 10 02 80 00 00 02 00 02 80 00 00 03 00 02 80 00 00 04 00 02 80 00 00 05 7E 82 80 00 00 06 00 02 80 00 00 07 10 02 80 00 00 08 10 02 80 00 00 09 10 02 80 00 00 0A 10 02 80 00 00 0B 10 02 80 00 00 05 8D;HEX;
483;R;11:55:35:734;01 10 0A 06 00 08 10 19 0E 00 00 00 00 00 00 00 00 00 00 00 00 00 00 7E 9F;HEX;
484;R;11:55:36:015;01 10 0A 00 00 02 04 00 01 00 00 DC CF;HEX;
485;R;11:55:36:312;01 10 0A 05 00 01 02 00 00 0C 05;HEX;
486;R;11:55:36:593;01 10 0A FA 00 03 06 14 04 40 00 00 00 05 AF;HEX;
487;R;11:55:36:875;01 10 0A A0 00 22 44 13 42 01 10 02 80 00 00 02 00 02 80 00 00 03 00 02 80 00 00 04 00 02 80 00 00 05 7E 82 80 00 00 06 00 02 80 00 00 07 10 02 80 00 00 08 10 02 80 00 00 09 10 02 80 00 00 0A 10 02 80 00 00 0B 10 02 80 00 00 05 8D;HEX;
488;R;11:55:37:203;01 10 0A 06 00 08 10 19 0E 00 00 00 00 00 00 00 00 00 00 00 00 00 00 7E 9F;HEX;
489;R;11:55:37:484;01 10 0A 00 00 02 04 00 01 00 00 DC CF;HEX;
490;R;11:55:37:781;01 10 0A 05 00 01 02 00 00 0C 05;HEX;
491;R;11:55:38:062;01 10 0A FA 00 03 06 14 04 40 00 00 00 05 AF;HEX;
492;R;11:55:38:359;01 10 0A A0 00 22 44 13 42 01 10 02 80 00 00 02 00 02 80 00 00 03 00 02 80 00 00 04 00 02 80 00 00 05 7E 82 80 00 00 06 00 02 80 00 00 07 10 02 80 00 00 08 10 02 80 00 00 09 10 02 80 00 00 0A 10 02 80 00 00 0B 10 02 80 00 00 05 8D;HEX;
493;R;11:55:38:671;01 10 0A 06 00 08 10 19 0E 00 00 00 00 00 00 00 00 00 00 00 00 00 00 7E 9F;HEX;
494;R;11:55:38:953;01 10 0A 00 00 02 04 00 01 00 00 DC CF;HEX;
495;R;11:55:39:250;01 10 0A 05 00 01 02 00 00 0C 05;HEX;
496;R;11:55:39:531;01 10 0A FA 00 03 06 14 04 40 00 00 00 05 AF;HEX;
497;R;11:55:39:828;01 10 0A A0 00 22 44 13 42 01 10 02 80 00 00 02 00 02 80 00 00 03 00 02 80 00 00 04 00 02 80 00 00 05 7E 82 80 00 00 06 00 02 80 00 00 07 10 02 80 00 00 08 10 02 80 00 00 09 10 02 80 00 00 0A 10 02 80 00 00 0B 10 02 80 00 00 05 8D;HEX;
498;R;11:55:40:140;01 10 0A 06 00 08 10 19 0E 00 00 00 00 00 00 00 00 00 00 00 00 00 00 7E 9F;HEX;
499;R;11:55:40:437;01 10 0A 00 00 02 04 00 01 00 00 DC CF;HEX;
500;R;11:55:40:718;01 10 0A 05 00 01 02 00 00 0C 05;HEX;
501;R;11:55:41:015;01 10 0A FA 00 03 06 14 04 00 00 00 00 10 6F;HEX;
502;R;11:55:41:281;01 10 0A A0 00 22 44 13 42 01 10 02 80 00 00 02 00 02 80 00 00 03 00 02 80 00 00 04 00 02 80 00 00 05 7E 82 80 00 00 06 00 02 80 00 00 07 10 02 80 00 00 08 10 02 80 00 00 09 10 02 80 00 00 0A 10 02 80 00 00 0B 10 02 80 00 00 05 8D;HEX;
503;R;11:55:41:609;01 10 0A 06 00 08 10 19 0E 00 00 00 00 00 00 00 00 00 00 00 00 00 00 7E 9F;HEX;
504;R;11:55:41:906;01 10 0A 00 00 02 04 00 01 00 00 DC CF;HEX;
505;R;11:55:42:187;01 10 0A 05 00 01 02 00 00 0C 05;HEX;
506;R;11:55:42:468;01 10 0A FA 00 03 06 14 04 00 00 00 00 10 6F;HEX;
507;R;11:55:42:750;01 10 0A A0 00 22 44 13 42 01 10 02 80 00 00 02 00 02 80 00 00 03 00 02 80 00 00 04 00 02 80 00 00 05 7E 82 80 00 00 06 00 02 80 00 00 07 10 02 80 00 00 08 10 02 80 00 00 09 10 02 80 00 00 0A 10 02 80 00 00 0B 10 02 80 00 00 05 8D;HEX;
508;R;11:55:43:093;01 10 0A 06 00 08 10 19 0E 00 00 00 00 00 00 00 00 00 00 00 00 00 00 7E 9F;HEX;
509;R;11:55:43:375;01 10 0A 00 00 02 04 00 01 00 00 DC CF;HEX;
510;R;11:55:43:656;01 10 0A 05 00 01 02 00 00 0C 05;HEX;
511;R;11:55:43:937;01 10 0A FA 00 03 06 14 04 00 00 00 00 10 6F;HEX;
512;R;11:55:44:218;01 10 0A A0 00 22 44 13 42 01 10 02 80 00 00 02 00 02 80 00 00 03 00 02 80 00 00 04 00 02 80 00 00 05 7E 82 80 00 00 06 00 02 80 00 00 07 10 02 80 00 00 08 10 02 80 00 00 09 10 02 80 00 00 0A 10 02 80 00 00 0B 10 02 80 00 00 05 8D;HEX;
513;R;11:55:44:546;01 10 0A 06 00 08 10 19 0E 00 00 00 00 00 00 00 00 00 00 00 00 00 00 7E 9F;HEX;
514;R;11:55:44:843;01 10 0A 00 00 02 04 00 01 00 00 DC CF;HEX;
515;R;11:55:45:140;01 10 0A 05 00 01 02 00 00 0C 05;HEX;
516;R;11:55:45:406;01 10 0A FA 00 03 06 14 04 00 00 00 00 10 6F;HEX;
517;R;11:55:45:687;01 10 0A A0 00 22 44 13 42 01 10 02 80 00 00 02 00 02 80 00 00 03 00 02 80 00 00 04 00 02 80 00 00 05 7E 82 80 00 00 06 00 02 80 00 00 07 10 02 80 00 00 08 10 02 80 00 00 09 10 02 80 00 00 0A 10 02 80 00 00 0B 10 02 80 00 00 05 8D;HEX;
518;R;11:55:46:015;01 10 0A 06 00 08 10 19 0E 00 00 00 00 00 00 00 00 00 00 00 00 00 00 7E 9F;HEX;
519;R;11:55:46:312;01 10 0A 00 00 02 04 00 01 00 00 DC CF;HEX;
520;R;11:55:46:609;01 10 0A 05 00 01 02 00 00 0C 05;HEX;
521;R;11:55:46:875;01 10 0A FA 00 03 06 14 04 00 00 00 00 10 6F;HEX;
522;R;11:55:47:171;01 10 0A A0 00 22 44 13 42 01 10 02 80 00 00 02 00 02 80 00 00 03 00 02 80 00 00 04 00 02 80 00 00 05 7E 82 80 00 00 06 00 02 80 00 00 07 10 02 80 00 00 08 10 02 80 00 00 09 10 02 80 00 00 0A 10 02 80 00 00 0B 10 02 80 00 00 05 8D;HEX;
523;R;11:55:47:484;01 10 0A 06 00 08 10 19 0E 00 00 00 00 00 00 00 00 00 00 00 00 00 00 7E 9F;HEX;
524;R;11:55:47:796;01 10 0A 00 00 02 04 00 01 00 00 DC CF;HEX;
525;R;11:55:48:062;01 10 0A 05 00 01 02 00 00 0C 05;HEX;
526;R;11:55:48:343;01 10 0A FA 00 03 06 14 04 00 00 00 00 10 6F;HEX;
527;R;11:55:48:640;01 10 0A A0 00 22 44 13 42 01 10 02 80 00 00 02 00 02 80 00 00 03 00 02 80 00 00 04 00 02 80 00 00 05 7E 82 80 00 00 06 00 02 80 00 00 07 10 02 80 00 00 08 10 02 80 00 00 09 10 02 80 00 00 0A 10 02 80 00 00 0B 10 02 80 00 00 05 8D;HEX;
528;R;11:55:48:953;01 10 0A 06 00 08 10 19 0E 00 00 00 00 00 00 00 00 00 00 00 00 00 00 7E 9F;HEX;
529;R;11:55:49:250;01 10 0A 00 00 02 04 00 01 00 00 DC CF;HEX;
530;R;11:55:49:531;01 10 0A 05 00 01 02 00 00 0C 05;HEX;
531;R;11:55:49:828;01 10 0A FA 00 03 06 14 04 00 00 00 00 10 6F;HEX;
532;R;11:55:50:109;01 10 0A A0 00 22 44 13 42 01 10 02 80 00 00 02 00 02 80 00 00 03 00 02 80 00 00 04 00 02 80 00 00 05 7E 82 80 00 00 06 00 02 80 00 00 07 10 02 80 00 00 08 10 02 80 00 00 09 10 02 80 00 00 0A 10 02 80 00 00 0B 10 02 80 00 00 05 8D;HEX;
533;R;11:55:50:437;01 10 0A 06 00 08 10 19 0E 00 00 00 00 00 00 00 00 00 00 00 00 00 00 7E 9F;HEX;
534;R;11:55:50:718;01 10 0A 00 00 02 04 00 01 00 00 DC CF;HEX;
535;R;11:55:51:000;01 10 0A 05 00 01 02 00 00 0C 05;HEX;
536;R;11:55:51:296;01 10 0A FA 00 03 06 14 04 00 00 00 00 10 6F;HEX;
537;R;11:55:51:578;01 10 0A A0 00 22 44 13 42 01 10 02 80 00 00 02 00 02 80 00 00 03 00 02 80 00 00 04 00 02 80 00 00 05 7E 82 80 00 00 06 00 02 80 00 00 07 10 02 80 00 00 08 10 02 80 00 00 09 10 02 80 00 00 0A 10 02 80 00 00 0B 10 02 80 00 00 05 8D;HEX;
538;R;11:55:51:906;01 10 0A 06 00 08 10 19 0E 00 00 00 00 00 00 00 00 00 00 00 00 00 00 7E 9F;HEX;
539;R;11:55:52:187;01 10 0A 00 00 02 04 00 01 00 00 DC CF;HEX;
540;R;11:55:52:484;01 10 0A 05 00 01 02 00 00 0C 05;HEX;
541;R;11:55:52:765;01 10 0A FA 00 03 06 14 04 00 00 00 00 10 6F;HEX;
542;R;11:55:53:046;01 10 0A A0 00 22 44 13 42 01 10 02 80 00 00 02 00 02 80 00 00 03 00 02 80 00 00 04 00 02 80 00 00 05 7E 82 80 00 00 06 00 02 80 00 00 07 10 02 80 00 00 08 10 02 80 00 00 09 10 02 80 00 00 0A 10 02 80 00 00 0B 10 02 80 00 00 05 8D;HEX;
543;R;11:55:53:375;01 10 0A 06 00 08 10 19 0E 00 00 00 00 00 00 00 00 00 00 00 00 00 00 7E 9F;HEX;
544;R;11:55:53:656;01 10 0A 00 00 02 04 00 01 00 00 DC CF;HEX;
545;R;11:55:53:953;01 10 0A 05 00 01 02 00 00 0C 05;HEX;
546;R;11:55:54:234;01 10 0A FA 00 03 06 14 04 00 00 00 00 10 6F;HEX;
547;R;11:55:54:531;01 10 0A A0 00 22 44 13 42 01 10 02 80 00 00 02 00 02 80 00 00 03 00 02 80 00 00 04 00 02 80 00 00 05 7E 82 80 00 00 06 00 02 80 00 00 07 10 02 80 00 00 08 10 02 80 00 00 09 10 02 80 00 00 0A 10 02 80 00 00 0B 10 02 80 00 00 05 8D;HEX;
548;R;11:55:54:843;01 10 0A 06 00 08 10 19 0E 00 00 00 00 00 00 00 00 00 00 00 00 00 00 7E 9F;HEX;
549;R;11:55:55:140;01 10 0A 00 00 02 04 00 01 00 00 DC CF;HEX;
550;R;11:55:55:421;01 10 0A 05 00 01 02 00 00 0C 05;HEX;
551;R;11:55:55:703;01 10 0A FA 00 03 06 14 04 00 00 00 00 10 6F;HEX;
552;R;11:55:56:000;01 10 0A A0 00 22 44 13 42 01 10 02 80 00 00 02 00 02 80 00 00 03 00 02 80 00 00 04 00 02 80 00 00 05 7E 82 80 00 00 06 00 02 80 00 00 07 10 02 80 00 00 08 10 02 80 00 00 09 10 02 80 00 00 0A 10 02 80 00 00 0B 10 02 80 00 00 05 8D;HEX;
553;R;11:55:56:312;01 10 0A 06 00 08 10 19 0E 00 00 00 00 00 00 00 00 00 00 00 00 00 00 7E 9F;HEX;
554;R;11:55:56:609;01 10 0A 00 00 02 04 00 01 00 00 DC CF;HEX;
555;R;11:55:56:890;01 10 0A 05 00 01 02 00 00 0C 05;HEX;
556;R;11:55:57:187;01 10 0A FA 00 03 06 14 04 00 00 00 00 10 6F;HEX;
557;R;11:55:57:468;01 10 0A A0 00 22 44 13 42 01 10 02 80 00 00 02 00 02 80 00 00 03 00 02 80 00 00 04 00 02 80 00 00 05 7E 82 80 00 00 06 00 02 80 00 00 07 10 02 80 00 00 08 10 02 80 00 00 09 10 02 80 00 00 0A 10 02 80 00 00 0B 10 02 80 00 00 05 8D;HEX;
558;R;11:55:57:796;01 10 0A 06 00 08 10 19 0E 00 00 00 00 00 00 00 00 00 00 00 00 00 00 7E 9F;HEX;
559;R;11:55:58:078;01 10 0A 00 00 02 04 00 01 00 00 DC CF;HEX;
560;R;11:55:58:359;01 10 0A 05 00 01 02 00 00 0C 05;HEX;
561;R;11:55:58:656;01 10 0A FA 00 03 06 14 04 00 00 00 00 10 6F;HEX;
562;R;11:55:58:937;01 10 0A A0 00 22 44 13 42 01 10 02 80 00 00 02 00 02 80 00 00 03 00 02 80 00 00 04 00 02 80 00 00 05 7E 82 80 00 00 06 00 02 80 00 00 07 10 02 80 00 00 08 10 02 80 00 00 09 10 02 80 00 00 0A 10 02 80 00 00 0B 10 02 80 00 00 05 8D;HEX;
563;R;11:55:59:265;01 10 0A 06 00 08 10 19 0E 00 00 00 00 00 00 00 00 00 00 00 00 00 00 7E 9F;HEX;
564;R;11:55:59:546;01 10 0A 00 00 02 04 00 01 00 00 DC CF;HEX;
565;R;11:55:59:843;01 10 0A 05 00 01 02 00 00 0C 05;HEX;
566;R;11:56:00:125;01 10 0A FA 00 03 06 14 04 00 00 00 00 10 6F;HEX;
567;R;11:56:00:406;01 10 0A A0 00 22 44 13 42 01 10 02 80 00 00 02 00 02 80 00 00 03 00 02 80 00 00 04 00 02 80 00 00 05 7E 82 80 00 00 06 00 02 80 00 00 07 10 02 80 00 00 08 10 02 80 00 00 09 10 02 80 00 00 0A 10 02 80 00 00 0B 10 02 80 00 00 05 8D;HEX;
568;R;11:56:00:734;01 10 0A 06 00 08 10 19 0E 00 00 00 00 00 00 00 00 00 00 00 00 00 00 7E 9F;HEX;
569;R;11:56:01:015;01 10 0A 00 00 02 04 00 01 00 00 DC CF;HEX;
570;R;11:56:01:312;01 10 0A 05 00 01 02 00 00 0C 05;HEX;
571;R;11:56:01:593;01 10 0A FA 00 03 06 14 04 00 00 00 00 10 6F;HEX;
572;R;11:56:01:890;01 10 0A A0 00 22 44 13 42 01 10 02 80 00 00 02 00 02 80 00 00 03 00 02 80 00 00 04 00 02 80 00 00 05 7E 82 80 00 00 06 00 02 80 00 00 07 10 02 80 00 00 08 10 02 80 00 00 09 10 02 80 00 00 0A 10 02 80 00 00 0B 10 02 80 00 00 05 8D;HEX;
573;R;11:56:02:203;01 10 0A 06 00 08 10 19 0E 00 00 00 00 00 00 00 00 00 00 00 00 00 00 7E 9F;HEX;
574;R;11:56:02:500;01 10 0A 00 00 02 04 00 01 00 00 DC CF;HEX;
575;R;11:56:02:781;01 10 0A 05 00 01 02 00 00 0C 05;HEX;
576;R;11:56:03:062;01 10 0A FA 00 03 06 14 04 00 00 00 00 10 6F;HEX;
577;R;11:56:03:343;01 10 0A A0 00 22 44 13 42 01 10 02 80 00 00 02 00 02 80 00 00 03 00 02 80 00 00 04 00 02 80 00 00 05 7E 82 80 00 00 06 00 02 80 00 00 07 10 02 80 00 00 08 10 02 80 00 00 09 10 02 80 00 00 0A 10 02 80 00 00 0B 10 02 80 00 00 05 8D;HEX;
578;R;11:56:03:671;01 10 0A 06 00 08 10 19 0E 00 00 00 00 00 00 00 00 00 00 00 00 00 00 7E 9F;HEX;
579;R;11:56:03:968;01 10 0A 00 00 02 04 00 01 00 00 DC CF;HEX;
580;R;11:56:08:406;01 10 0A 05 00 01 02 00 00 0C 05;HEX;
581;R;11:56:08:703;01 10 0A FA 00 03 06 14 04 00 00 00 00 10 6F;HEX;
582;R;11:56:08:984;01 10 0A A0 00 22 44 13 42 01 10 02 80 00 00 02 00 00 00 00 00 03 00 00 00 00 00 04 00 00 00 00 00 05 00 00 00 00 00 06 00 00 00 00 00 07 00 00 00 00 00 08 00 00 00 00 00 09 00 00 00 00 00 0A 00 00 00 00 00 0B 00 00 00 00 00 20 BF;HEX;
583;R;11:56:09:312;01 10 0A 06 00 08 10 19 0E 00 00 00 00 00 00 00 00 00 00 00 00 00 00 7E 9F;HEX;
584;R;11:56:09:593;01 10 0A 00 00 02 04 77 01 00 00 C7 7B;HEX;
585;R;11:56:09:890;01 10 0A 05 00 01 02 00 00 0C 05;HEX;
586;R;11:56:10:171;01 10 0A FA 00 03 06 14 04 00 00 00 00 10 6F;HEX;
587;R;11:56:10:453;01 10 0A A0 00 22 44 13 42 01 10 02 80 00 00 02 10 02 80 00 00 03 00 00 00 00 00 04 00 00 00 00 00 05 00 00 00 00 00 06 00 00 00 00 00 07 00 00 00 00 00 08 00 00 00 00 00 09 00 00 00 00 00 0A 00 00 00 00 00 0B 00 00 00 00 00 DB D5;HEX;
588;R;11:56:10:781;01 10 0A 06 00 08 10 19 0E 00 00 00 00 00 00 00 00 00 00 00 00 00 00 7E 9F;HEX;
589;R;11:56:11:062;01 10 0A 00 00 02 04 77 01 00 00 C7 7B;HEX;
590;R;11:56:11:359;01 10 0A 05 00 01 02 00 00 0C 05;HEX;
591;R;11:56:11:640;01 10 0A FA 00 03 06 14 04 00 00 00 00 10 6F;HEX;
592;R;11:56:11:937;01 10 0A A0 00 22 44 13 42 01 10 02 80 00 00 02 10 02 80 00 00 03 00 00 00 00 00 04 00 00 00 00 00 05 00 00 00 00 00 06 00 00 00 00 00 07 00 00 00 00 00 08 00 00 00 00 00 09 00 00 00 00 00 0A 00 00 00 00 00 0B 00 00 00 00 00 DB D5;HEX;
593;R;11:56:12:250;01 10 0A 06 00 08 10 19 0E 00 00 00 00 00 00 00 00 00 00 00 00 00 00 7E 9F;HEX;
594;R;11:56:12:531;01 10 0A 00 00 02 04 77 01 00 00 C7 7B;HEX;
595;R;11:56:12:828;01 10 0A 05 00 01 02 00 00 0C 05;HEX;
596;R;11:56:13:109;01 10 0A FA 00 03 06 14 04 00 00 00 00 10 6F;HEX;
597;R;11:56:13:406;01 10 0A A0 00 22 44 13 42 01 10 02 80 00 00 02 10 02 80 00 00 03 00 00 00 00 00 04 00 00 00 00 00 05 00 00 00 00 00 06 00 00 00 00 00 07 00 00 00 00 00 08 00 00 00 00 00 09 00 00 00 00 00 0A 00 00 00 00 00 0B 00 00 00 00 00 DB D5;HEX;
598;R;11:56:13:718;01 10 0A 06 00 08 10 19 0E 00 00 00 00 00 00 00 00 00 00 00 00 00 00 7E 9F;HEX;
599;R;11:56:14:015;01 10 0A 00 00 02 04 77 01 00 00 C7 7B;HEX;
600;R;11:56:14:296;01 10 0A 05 00 01 02 00 00 0C 05;HEX;
601;R;11:56:14:593;01 10 0A FA 00 03 06 14 04 00 00 00 00 10 6F;HEX;
602;R;11:56:14:875;01 10 0A A0 00 22 44 13 42 01 10 02 80 00 00 02 10 02 80 00 00 03 10 02 80 00 00 04 00 00 00 00 00 05 00 00 00 00 00 06 00 00 00 00 00 07 00 00 00 00 00 08 00 00 00 00 00 09 00 00 00 00 00 0A 00 00 00 00 00 0B 00 00 00 00 00 AE 91;HEX;
603;R;11:56:15:187;01 10 0A 06 00 08 10 19 0E 00 00 00 00 00 00 00 00 00 00 00 00 00 00 7E 9F;HEX;
604;R;11:56:15:484;01 10 0A 00 00 02 04 77 01 00 00 C7 7B;HEX;
605;R;11:56:15:765;01 10 0A 05 00 01 02 00 00 0C 05;HEX;
606;R;11:56:16:062;01 10 0A FA 00 03 06 14 04 00 00 00 00 10 6F;HEX;
607;R;11:56:16:343;01 10 0A A0 00 22 44 13 42 01 10 02 80 00 00 02 10 02 80 00 00 03 10 02 80 00 00 04 00 00 00 00 00 05 00 00 00 00 00 06 00 00 00 00 00 07 00 00 00 00 00 08 00 00 00 00 00 09 00 00 00 00 00 0A 00 00 00 00 00 0B 00 00 00 00 00 AE 91;HEX;
