#;Тип операции;Время;Сообщение;Вид представления;
0;R;13:38:46:640;1F 16 01 24 00 01 00 13 37 01 10 02 80 00 02 10 02 80 00 03 10 02 80 00 04 10 02 80 00 05 10 02 80 00 06 10 02 80 00 07 10 02 80 00 08 10 02 80 00 09 10 02 80 00 0A 10 02 80 00 0B 10 02 80 00 14 04 00 00 00 00 19 06 00 00 00 00 00 00 DA A2 2F 55;HEX;
1;R;13:38:47:656;1F 16 01 24 00 01 00 13 37 01 10 02 80 00 02 10 02 80 00 03 10 02 80 00 04 10 02 80 00 05 10 02 80 00 06 10 02 80 00 07 10 02 80 00 08 10 02 80 00 09 10 02 80 00 0A 10 02 80 00 0B 10 02 80 00 14 04 00 00 00 00 19 06 00 00 00 00 00 00 DA A2 2F 55;HEX;
2;R;13:38:48:656;1F 16 01 24 00 01 00 13 37 01 10 02 80 00 02 10 02 80 00 03 10 02 80 00 04 10 02 80 00 05 10 02 80 00 06 10 02 80 00 07 10 02 80 00 08 10 02 80 00 09 10 02 80 00 0A 10 02 80 00 0B 10 02 80 00 14 04 00 00 00 00 19 06 00 00 00 00 00 00 DA A2 2F 55;HEX;
3;R;13:38:49:671;1F 16 01 24 00 01 00 13 37 01 10 02 80 00 02 10 02 80 00 03 10 02 80 00 04 10 02 80 00 05 10 02 80 00 06 10 02 80 00 07 10 02 80 00 08 10 02 80 00 09 10 02 80 00 0A 10 02 80 00 0B 10 02 80 00 14 04 00 00 00 00 19 06 00 00 00 00 00 00 DA A2 2F 55;HEX;
4;R;13:38:50:671;1F 16 01 24 00 01 00 13 37 01 10 02 80 00 02 10 02 80 00 03 10 02 80 00 04 10 02 80 00 05 10 02 80 00 06 10 02 80 00 07 10 02 80 00 08 10 02 80 00 09 10 02 80 00 0A 10 02 80 00 0B 10 02 80 00 14 04 00 00 00 00 19 06 00 00 00 00 00 00 DA A2 2F 55;HEX;
5;R;13:38:51:687;1F 16 01 24 00 01 00 13 37 01 10 02 80 00 02 10 02 80 00 03 10 02 80 00 04 10 02 80 00 05 10 02 80 00 06 10 02 80 00 07 10 02 80 00 08 10 02 80 00 09 10 02 80 00 0A 10 02 80 00 0B 10 02 80 00 14 04 00 00 00 00 19 06 00 00 00 00 00 00 DA A2 2F 55;HEX;
6;R;13:38:52:687;1F 16 01 24 00 01 00 13 37 01 10 02 80 00 02 10 02 80 00 03 10 02 80 00 04 10 02 80 00 05 10 02 80 00 06 10 02 80 00 07 10 02 80 00 08 10 02 80 00 09 10 02 80 00 0A 10 02 80 00 0B 10 02 80 00 14 04 00 00 00 00 19 06 00 00 00 00 00 00 DA A2 2F 55;HEX;
7;R;13:38:53:703;1F 16 01 24 00 01 00 13 37 01 10 02 80 00 02 10 02 80 00 03 10 02 80 00 04 10 02 80 00 05 10 02 80 00 06 10 02 80 00 07 10 02 80 00 08 10 02 80 00 09 10 02 80 00 0A 10 02 80 00 0B 10 02 80 00 14 04 00 00 00 00 19 06 00 00 00 00 00 00 DA A2 2F 55;HEX;
8;R;13:38:54:703;1F 16 01 24 00 01 00 13 37 01 10 02 80 00 02 10 02 80 00 03 10 02 80 00 04 10 02 80 00 05 10 02 80 00 06 10 02 80 00 07 10 02 80 00 08 10 02 80 00 09 10 02 80 00 0A 10 02 80 00 0B 10 02 80 00 14 04 00 00 00 00 19 06 00 00 00 00 00 00 DA A2 2F 55;HEX;
9;R;13:38:55:718;1F 16 01 24 00 01 00 13 37 01 10 02 80 00 02 10 02 80 00 03 10 02 80 00 04 10 02 80 00 05 10 02 80 00 06 10 02 80 00 07 10 02 80 00 08 10 02 80 00 09 10 02 80 00 0A 10 02 80 00 0B 10 02 80 00 14 04 00 00 00 00 19 06 00 00 00 00 00 00 DA A2 2F 55;HEX;
10;R;13:38:56:718;1F 16 01 24 00 01 00 13 37 01 10 02 80 00 02 10 02 80 00 03 10 02 80 00 04 10 02 80 00 05 10 02 80 00 06 10 02 80 00 07 10 02 80 00 08 10 02 80 00 09 10 02 80 00 0A 10 02 80 00 0B 10 02 80 00 14 04 00 00 00 00 19 06 00 00 00 00 00 00 DA A2 2F 55;HEX;
11;R;13:38:57:734;1F 16 01 24 00 01 00 13 37 01 10 02 80 00 02 10 02 80 00 03 10 02 80 00 04 10 02 80 00 05 10 02 80 00 06 10 02 80 00 07 10 02 80 00 08 10 02 80 00 09 10 02 80 00 0A 10 02 80 00 0B 10 02 80 00 14 04 00 00 00 00 19 06 00 00 00 00 00 00 DA A2 2F 55;HEX;
12;R;13:38:58:734;1F 16 01 24 00 01 00 13 37 01 10 02 80 00 02 10 02 80 00 03 10 02 80 00 04 10 02 80 00 05 10 02 80 00 06 10 02 80 00 07 10 02 80 00 08 10 02 80 00 09 10 02 80 00 0A 10 02 80 00 0B 10 02 80 00 14 04 00 00 00 00 19 06 00 00 00 00 00 00 DA A2 2F 55;HEX;
13;R;13:38:59:750;1F 16 01 24 00 01 00 13 37 01 10 02 80 00 02 10 02 80 00 03 10 02 80 00 04 10 02 80 00 05 10 02 80 00 06 10 02 80 00 07 10 02 80 00 08 10 02 80 00 09 10 02 80 00 0A 10 02 80 00 0B 10 02 80 00 14 04 00 00 00 00 19 06 00 00 00 00 00 00 DA A2 2F 55;HEX;
14;R;13:39:00:750;1F 16 01 24 00 01 00 13 37 01 10 02 80 00 02 10 02 80 00 03 10 02 80 00 04 10 02 80 00 05 10 02 80 00 06 10 02 80 00 07 10 02 80 00 08 10 02 80 00 09 10 02 80 00 0A 10 02 80 00 0B 10 02 80 00 14 04 00 00 00 00 19 06 00 00 00 00 00 00 DA A2 2F 55;HEX;
15;R;13:39:01:765;1F 16 01 24 00 01 00 13 37 01 10 02 80 00 02 10 02 80 00 03 10 02 80 00 04 10 02 80 00 05 10 02 80 00 06 10 02 80 00 07 10 02 80 00 08 10 02 80 00 09 10 02 80 00 0A 10 02 80 00 0B 10 02 80 00 14 04 00 00 00 00 19 06 00 00 00 00 00 00 DA A2 2F 55;HEX;
16;R;13:39:02:765;1F 16 01 24 00 01 00 13 37 01 10 02 80 00 02 10 02 80 00 03 10 02 80 00 04 10 02 80 00 05 10 02 80 00 06 10 02 80 00 07 10 02 80 00 08 10 02 80 00 09 10 02 80 00 0A 10 02 80 00 0B 10 02 80 00 14 04 00 00 00 00 19 06 00 00 00 00 00 00 DA A2 2F 55;HEX;
17;R;13:39:03:781;1F 16 01 24 00 01 00 13 37 01 10 02 80 00 02 10 02 80 00 03 10 02 80 00 04 10 02 80 00 05 10 02 80 00 06 10 02 80 00 07 10 02 80 00 08 10 02 80 00 09 10 02 80 00 0A 10 02 80 00 0B 10 02 80 00 14 04 00 00 00 00 19 06 00 00 00 00 00 00 DA A2 2F 55;HEX;
18;R;13:39:04:781;1F 16 01 24 00 01 00 13 37 01 10 02 80 00 02 10 02 80 00 03 10 02 80 00 04 10 02 80 00 05 10 02 80 00 06 10 02 80 00 07 10 02 80 00 08 10 02 80 00 09 10 02 80 00 0A 10 02 80 00 0B 10 02 80 00 14 04 00 00 00 00 19 06 00 00 00 00 00 00 DA A2 2F 55;HEX;
19;R;13:39:05:796;1F 16 01 24 00 01 00 13 37 01 10 02 80 00 02 10 02 80 00 03 10 02 80 00 04 10 02 80 00 05 10 02 80 00 06 10 02 80 00 07 10 02 80 00 08 10 02 80 00 09 10 02 80 00 0A 10 02 80 00 0B 10 02 80 00 14 04 00 00 00 00 19 06 00 00 00 00 00 00 DA A2 2F 55;HEX;
20;R;13:39:06:796;1F 16 01 24 00 01 00 13 37 01 10 02 80 00 02 10 02 80 00 03 10 02 80 00 04 10 02 80 00 05 10 02 80 00 06 10 02 80 00 07 10 02 80 00 08 10 02 80 00 09 10 02 80 00 0A 10 02 80 00 0B 10 02 80 00 14 04 00 00 00 00 19 06 00 00 00 00 00 00 DA A2 2F 55;HEX;
21;R;13:39:07:812;1F 16 01 24 00 01 00 13 37 01 10 02 80 00 02 10 02 80 00 03 10 02 80 00 04 10 02 80 00 05 10 02 80 00 06 10 02 80 00 07 10 02 80 00 08 10 02 80 00 09 10 02 80 00 0A 10 02 80 00 0B 10 02 80 00 14 04 00 00 00 00 19 06 00 00 00 00 00 00 DA A2 2F 55;HEX;
22;R;13:39:08:812;1F 16 01 24 00 01 00 13 37 01 10 02 80 00 02 10 02 80 00 03 10 02 80 00 04 10 02 80 00 05 10 02 80 00 06 10 02 80 00 07 10 02 80 00 08 10 02 80 00 09 10 02 80 00 0A 10 02 80 00 0B 10 02 80 00 14 04 00 00 00 00 19 06 00 00 00 00 00 00 DA A2 2F 55;HEX;
23;R;13:39:09:828;1F 16 01 24 00 01 00 13 37 01 10 02 80 00 02 10 02 80 00 03 10 02 80 00 04 10 02 80 00 05 10 02 80 00 06 10 02 80 00 07 10 02 80 00 08 10 02 80 00 09 10 02 80 00 0A 10 02 80 00 0B 10 02 80 00 14 04 00 00 00 00 19 06 00 00 00 00 00 00 DA A2 2F 55;HEX;
24;R;13:39:10:828;1F 16 01 24 00 01 00 13 37 01 10 02 80 00 02 10 02 80 00 03 10 02 80 00 04 10 02 80 00 05 10 02 80 00 06 10 02 80 00 07 10 02 80 00 08 10 02 80 00 09 10 02 80 00 0A 10 02 80 00 0B 10 02 80 00 14 04 00 00 00 00 19 06 00 00 00 00 00 00 DA A2 2F 55;HEX;
25;R;13:39:11:843;1F 16 01 24 00 01 00 13 37 01 10 02 80 00 02 10 02 80 00 03 10 02 80 00 04 10 02 80 00 05 10 02 80 00 06 10 02 80 00 07 10 02 80 00 08 10 02 80 00 09 10 02 80 00 0A 10 02 80 00 0B 10 02 80 00 14 04 00 00 00 00 19 06 00 00 00 00 00 00 DA A2 2F 55;HEX;
26;R;13:39:12:843;1F 16 01 24 00 01 00 13 37 01 10 02 80 00 02 10 02 80 00 03 10 02 80 00 04 10 02 80 00 05 10 02 80 00 06 10 02 80 00 07 10 02 80 00 08 10 02 80 00 09 10 02 80 00 0A 10 02 80 00 0B 10 02 80 00 14 04 00 00 00 00 19 06 00 00 00 00 00 00 DA A2 2F 55;HEX;
27;R;13:39:13:859;1F 16 01 24 00 01 00 13 37 01 10 02 80 00 02 10 02 80 00 03 10 02 80 00 04 10 02 80 00 05 10 02 80 00 06 10 02 80 00 07 10 02 80 00 08 10 02 80 00 09 10 02 80 00 0A 10 02 80 00 0B 10 02 80 00 14 04 00 00 00 00 19 06 00 00 00 00 00 00 DA A2 2F 55;HEX;
28;R;13:39:14:859;1F 16 01 24 00 01 00 13 37 01 10 02 80 00 02 10 02 80 00 03 10 02 80 00 04 10 02 80 00 05 10 02 80 00 06 10 02 80 00 07 10 02 80 00 08 10 02 80 00 09 10 02 80 00 0A 10 02 80 00 0B 10 02 80 00 14 04 00 00 00 00 19 06 00 00 00 00 00 00 DA A2 2F 55;HEX;
29;R;13:39:15:875;1F 16 01 24 00 01 00 13 37 01 10 02 80 00 02 10 02 80 00 03 10 02 80 00 04 10 02 80 00 05 10 02 80 00 06 10 02 80 00 07 10 02 80 00 08 10 02 80 00 09 10 02 80 00 0A 10 02 80 00 0B 10 02 80 00 14 04 00 00 00 00 19 06 00 00 00 00 00 00 DA A2 2F 55;HEX;
30;R;13:39:16:875;1F 16 01 24 00 01 00 13 37 01 10 02 80 00 02 10 02 80 00 03 10 02 80 00 04 10 02 80 00 05 10 02 80 00 06 10 02 80 00 07 10 02 80 00 08 10 02 80 00 09 10 02 80 00 0A 10 02 80 00 0B 10 02 80 00 14 04 00 00 00 00 19 06 00 00 00 00 00 00 DA A2 2F 55;HEX;
31;R;13:39:17:890;1F 16 01 24 00 01 00 13 37 01 10 02 80 00 02 10 02 80 00 03 10 02 80 00 04 10 02 80 00 05 10 02 80 00 06 10 02 80 00 07 10 02 80 00 08 10 02 80 00 09 10 02 80 00 0A 10 02 80 00 0B 10 02 80 00 14 04 00 00 00 00 19 06 00 00 00 00 00 00 DA A2 2F 55;HEX;
32;R;13:39:18:890;1F 16 01 24 00 01 00 13 37 01 10 02 80 00 02 10 02 80 00 03 10 02 80 00 04 10 02 80 00 05 10 02 80 00 06 10 02 80 00 07 10 02 80 00 08 10 02 80 00 09 10 02 80 00 0A 10 02 80 00 0B 10 02 80 00 14 04 00 00 00 00 19 06 00 00 00 00 00 00 DA A2 2F 55;HEX;
33;R;13:39:19:906;1F 16 01 24 00 01 00 13 37 01 10 02 80 00 02 10 02 80 00 03 10 02 80 00 04 10 02 80 00 05 10 02 80 00 06 10 02 80 00 07 10 02 80 00 08 10 02 80 00 09 10 02 80 00 0A 10 02 80 00 0B 10 02 80 00 14 04 00 00 00 00 19 06 00 00 00 00 00 00 DA A2 2F 55;HEX;
34;R;13:39:20:906;1F 16 01 24 00 01 00 13 37 01 10 02 80 00 02 10 02 80 00 03 10 02 80 00 04 10 02 80 00 05 10 02 80 00 06 10 02 80 00 07 10 02 80 00 08 10 02 80 00 09 10 02 80 00 0A 10 02 80 00 0B 10 02 80 00 14 04 00 00 00 00 19 06 00 00 00 00 00 00 DA A2 2F 55;HEX;
35;R;13:39:21:921;1F 16 01 24 00 01 00 13 37 01 10 02 80 00 02 10 02 80 00 03 10 02 80 00 04 10 02 80 00 05 10 02 80 00 06 10 02 80 00 07 10 02 80 00 08 10 02 80 00 09 10 02 80 00 0A 10 02 80 00 0B 10 02 80 00 14 04 00 00 00 00 19 06 00 00 00 00 00 00 DA A2 2F 55;HEX;
36;R;13:39:22:921;1F 16 01 24 00 01 00 13 37 01 10 02 80 00 02 10 02 80 00 03 10 02 80 00 04 10 02 80 00 05 10 02 80 00 06 10 02 80 00 07 10 02 80 00 08 10 02 80 00 09 10 02 80 00 0A 10 02 80 00 0B 10 02 80 00 14 04 00 00 00 00 19 06 00 00 00 00 00 00 DA A2 2F 55;HEX;
37;R;13:39:23:937;1F 16 01 24 00 01 00 13 37 01 10 02 80 00 02 10 02 80 00 03 10 02 80 00 04 10 02 80 00 05 10 02 80 00 06 10 02 80 00 07 10 02 80 00 08 10 02 80 00 09 10 02 80 00 0A 10 02 80 00 0B 10 02 80 00 14 04 00 00 00 00 19 06 00 00 00 00 00 00 DA A2 2F 55;HEX;
38;R;13:39:24:937;1F 16 01 24 00 01 00 13 37 01 10 02 80 00 02 10 02 80 00 03 10 02 80 00 04 10 02 80 00 05 10 02 80 00 06 10 02 80 00 07 10 02 80 00 08 10 02 80 00 09 10 02 80 00 0A 10 02 80 00 0B 10 02 80 00 14 04 00 00 00 00 19 06 00 00 00 00 00 00 DA A2 2F 55;HEX;
39;R;13:39:25:953;1F 16 01 24 00 01 00 13 37 01 10 02 80 00 02 10 02 80 00 03 10 02 80 00 04 10 02 80 00 05 10 02 80 00 06 10 02 80 00 07 10 02 80 00 08 10 02 80 00 09 10 02 80 00 0A 10 02 80 00 0B 10 02 80 00 14 04 00 00 00 00 19 06 00 00 00 00 00 00 DA A2 2F 55;HEX;
40;R;13:39:26:953;1F 16 01 24 00 01 00 13 37 01 10 02 80 00 02 10 02 80 00 03 10 02 80 00 04 10 02 80 00 05 10 02 80 00 06 10 02 80 00 07 10 02 80 00 08 10 02 80 00 09 10 02 80 00 0A 10 02 80 00 0B 10 02 80 00 14 04 00 00 00 00 19 06 00 00 00 00 00 00 DA A2 2F 55;HEX;
41;R;13:39:27:968;1F 16 01 24 00 01 00 13 37 01 10 02 80 00 02 10 02 80 00 03 10 02 80 00 04 10 02 80 00 05 10 02 80 00 06 10 02 80 00 07 10 02 80 00 08 10 02 80 00 09 10 02 80 00 0A 10 02 80 00 0B 10 02 80 00 14 04 00 00 00 00 19 06 00 00 00 00 00 00 DA A2 2F 55;HEX;
42;R;13:39:28:968;1F 16 01 24 00 01 00 13 37 01 10 02 80 00 02 10 02 80 00 03 10 02 80 00 04 10 02 80 00 05 10 02 80 00 06 10 02 80 00 07 10 02 80 00 08 10 02 80 00 09 10 02 80 00 0A 10 02 80 00 0B 10 02 80 00 14 04 00 00 00 00 19 06 00 00 00 00 00 00 DA A2 2F 55;HEX;
43;R;13:39:29:984;1F 16 01 24 00 01 00 13 37 01 10 02 80 00 02 10 02 80 00 03 10 02 80 00 04 10 02 80 00 05 10 02 80 00 06 10 02 80 00 07 10 02 80 00 08 10 02 80 00 09 10 02 80 00 0A 10 02 80 00 0B 10 02 80 00 14 04 00 00 00 00 19 06 00 00 00 00 00 00 DA A2 2F 55;HEX;
44;R;13:39:30:984;1F 16 01 24 00 01 00 13 37 01 10 02 80 00 02 10 02 80 00 03 10 02 80 00 04 10 02 80 00 05 10 02 80 00 06 10 02 80 00 07 10 02 80 00 08 10 02 80 00 09 10 02 80 00 0A 10 02 80 00 0B 10 02 80 00 14 04 00 00 00 00 19 06 00 00 00 00 00 00 DA A2 2F 55;HEX;
45;R;13:39:32:000;1F 16 01 24 00 01 00 13 37 01 10 02 80 00 02 10 02 80 00 03 10 02 80 00 04 10 02 80 00 05 10 02 80 00 06 10 02 80 00 07 10 02 80 00 08 10 02 80 00 09 10 02 80 00 0A 10 02 80 00 0B 10 02 80 00 14 04 00 00 00 00 19 06 00 00 00 00 00 00 DA A2 2F 55;HEX;
46;R;13:39:33:000;1F 16 01 24 00 01 00 13 37 01 10 02 80 00 02 10 02 80 00 03 10 02 80 00 04 10 02 80 00 05 10 02 80 00 06 10 02 80 00 07 10 02 80 00 08 10 02 80 00 09 10 02 80 00 0A 10 02 80 00 0B 10 02 80 00 14 04 00 00 00 00 19 06 00 00 00 00 00 00 DA A2 2F 55;HEX;
47;R;13:39:34:015;1F 16 01 24 00 01 00 13 37 01 10 02 80 00 02 10 02 80 00 03 10 02 80 00 04 10 02 80 00 05 10 02 80 00 06 10 02 80 00 07 10 02 80 00 08 10 02 80 00 09 10 02 80 00 0A 10 02 80 00 0B 10 02 80 00 14 04 00 00 00 00 19 06 00 00 00 00 00 00 DA A2 2F 55;HEX;
48;R;13:39:35:015;1F 16 01 24 00 01 00 13 37 01 10 02 80 00 02 10 02 80 00 03 10 02 80 00 04 10 02 80 00 05 10 02 80 00 06 10 02 80 00 07 10 02 80 00 08 10 02 80 00 09 10 02 80 00 0A 10 02 80 00 0B 10 02 80 00 14 04 00 00 00 00 19 06 00 00 00 00 00 00 DA A2 2F 55;HEX;
49;R;13:39:36:031;1F 16 01 24 00 01 00 13 37 01 10 02 80 00 02 10 02 80 00 03 10 02 80 00 04 10 02 80 00 05 10 02 80 00 06 10 02 80 00 07 10 02 80 00 08 10 02 80 00 09 10 02 80 00 0A 10 02 80 00 0B 10 02 80 00 14 04 00 00 00 00 19 06 00 00 00 00 00 00 DA A2 2F 55;HEX;
50;R;13:39:37:031;1F 16 01 24 00 01 00 13 37 01 10 02 80 00 02 10 02 80 00 03 10 02 80 00 04 10 02 80 00 05 10 02 80 00 06 10 02 80 00 07 10 02 80 00 08 10 02 80 00 09 10 02 80 00 0A 10 02 80 00 0B 10 02 80 00 14 04 00 00 00 00 19 06 00 00 00 00 00 00 DA A2 2F 55;HEX;
51;R;13:39:38:046;1F 16 01 24 00 01 00 13 37 01 10 02 80 00 02 10 02 80 00 03 10 02 80 00 04 10 02 80 00 05 10 02 80 00 06 10 02 80 00 07 10 02 80 00 08 10 02 80 00 09 10 02 80 00 0A 10 02 80 00 0B 10 02 80 00 14 04 00 00 00 00 19 06 00 00 00 00 00 00 DA A2 2F 55;HEX;
52;R;13:39:39:062;1F 16 01 24 00 01 00 13 37 01 10 02 80 00 02 10 02 80 00 03 10 02 80 00 04 10 02 80 00 05 10 02 80 00 06 10 02 80 00 07 10 02 80 00 08 10 02 80 00 09 10 02 80 00 0A 10 02 80 00 0B 10 02 80 00 14 04 00 00 00 00 19 06 00 00 00 00 00 00 DA A2 2F 55;HEX;
53;R;13:39:40:078;1F 16 01 24 00 01 00 13 37 01 10 02 80 00 02 10 02 80 00 03 10 02 80 00 04 10 02 80 00 05 10 02 80 00 06 10 02 80 00 07 10 02 80 00 08 10 02 80 00 09 10 02 80 00 0A 10 02 80 00 0B 10 02 80 00 14 04 00 00 00 00 19 06 00 00 00 00 00 00 DA A2 2F 55;HEX;
54;R;13:39:41:078;1F 16 01 24 00 01 00 13 37 01 10 02 80 00 02 10 02 80 00 03 10 02 80 00 04 10 02 80 00 05 10 02 80 00 06 10 02 80 00 07 10 02 80 00 08 10 02 80 00 09 10 02 80 00 0A 10 02 80 00 0B 10 02 80 00 14 04 00 00 00 00 19 06 00 00 00 00 00 00 DA A2 2F 55;HEX;
55;R;13:39:42:093;1F 16 01 24 00 01 00 13 37 01 10 02 80 00 02 10 02 80 00 03 10 02 80 00 04 10 02 80 00 05 10 02 80 00 06 10 02 80 00 07 10 02 80 00 08 10 02 80 00 09 10 02 80 00 0A 10 02 80 00 0B 10 02 80 00 14 04 00 00 00 00 19 06 00 00 00 00 00 00 DA A2 2F 55;HEX;
56;R;13:39:43:093;1F 16 01 24 00 01 00 13 37 01 10 02 80 00 02 10 02 80 00 03 10 02 80 00 04 10 02 80 00 05 10 02 80 00 06 10 02 80 00 07 10 02 80 00 08 10 02 80 00 09 10 02 80 00 0A 10 02 80 00 0B 10 02 80 00 14 04 00 00 00 00 19 06 00 00 00 00 00 00 DA A2 2F 55;HEX;
57;R;13:39:44:109;1F 16 01 24 00 01 00 13 37 01 10 02 80 00 02 10 02 80 00 03 10 02 80 00 04 10 02 80 00 05 10 02 80 00 06 10 02 80 00 07 10 02 80 00 08 10 02 80 00 09 10 02 80 00 0A 10 02 80 00 0B 10 02 80 00 14 04 00 00 00 00 19 06 00 00 00 00 00 00 DA A2 2F 55;HEX;
58;R;13:39:45:109;1F 16 01 24 00 01 00 13 37 01 10 02 80 00 02 10 02 80 00 03 10 02 80 00 04 10 02 80 00 05 10 02 80 00 06 10 02 80 00 07 10 02 80 00 08 10 02 80 00 09 10 02 80 00 0A 10 02 80 00 0B 10 02 80 00 14 04 00 00 00 00 19 06 00 00 00 00 00 00 DA A2 2F 55;HEX;
59;R;13:39:46:125;1F 16 01 24 00 01 00 13 37 01 10 02 80 00 02 10 02 80 00 03 10 02 80 00 04 10 02 80 00 05 10 02 80 00 06 10 02 80 00 07 10 02 80 00 08 10 02 80 00 09 10 02 80 00 0A 10 02 80 00 0B 10 02 80 00 14 04 00 00 00 00 19 06 00 00 00 00 00 00 DA A2 2F 55;HEX;
60;R;13:39:47:125;1F 16 01 24 00 01 00 13 37 01 10 02 80 00 02 10 02 80 00 03 10 02 80 00 04 10 02 80 00 05 10 02 80 00 06 10 02 80 00 07 10 02 80 00 08 10 02 80 00 09 10 02 80 00 0A 10 02 80 00 0B 10 02 80 00 14 04 00 00 00 00 19 06 00 00 00 00 00 00 DA A2 2F 55;HEX;
61;R;13:39:48:140;1F 16 01 24 00 01 00 13 37 01 10 02 80 00 02 10 02 80 00 03 10 02 80 00 04 10 02 80 00 05 10 02 80 00 06 10 02 80 00 07 10 02 80 00 08 10 02 80 00 09 10 02 80 00 0A 10 02 80 00 0B 10 02 80 00 14 04 00 00 00 00 19 06 00 00 00 00 00 00 DA A2 2F 55;HEX;
62;R;13:39:49:140;1F 16 01 24 00 01 00 13 37 01 10 02 80 00 02 10 02 80 00 03 10 02 80 00 04 10 02 80 00 05 10 02 80 00 06 10 02 80 00 07 10 02 80 00 08 10 02 80 00 09 10 02 80 00 0A 10 02 80 00 0B 10 02 80 00 14 04 00 00 00 00 19 06 00 00 00 00 00 00 DA A2 2F 55;HEX;
63;R;13:39:50:156;1F 16 01 24 00 01 00 13 37 01 10 02 80 00 02 10 02 80 00 03 10 02 80 00 04 10 02 80 00 05 10 02 80 00 06 10 02 80 00 07 10 02 80 00 08 10 02 80 00 09 10 02 80 00 0A 10 02 80 00 0B 10 02 80 00 14 04 00 00 00 00 19 06 00 00 00 00 00 00 DA A2 2F 55;HEX;
64;R;13:39:51:156;1F 16 01 24 00 01 00 13 37 01 10 02 80 00 02 10 02 80 00 03 10 02 80 00 04 10 02 80 00 05 10 02 80 00 06 10 02 80 00 07 10 02 80 00 08 10 02 80 00 09 10 02 80 00 0A 10 02 80 00 0B 10 02 80 00 14 04 00 00 00 00 19 06 00 00 00 00 00 00 DA A2 2F 55;HEX;
65;R;13:39:52:171;1F 16 01 24 00 01 00 13 37 01 10 02 80 00 02 10 02 80 00 03 10 02 80 00 04 10 02 80 00 05 10 02 80 00 06 10 02 80 00 07 10 02 80 00 08 10 02 80 00 09 10 02 80 00 0A 10 02 80 00 0B 10 02 80 00 14 04 00 00 00 00 19 06 00 00 00 00 00 00 DA A2 2F 55;HEX;
66;R;13:39:53:171;1F 16 01 24 00 01 00 13 37 01 10 02 80 00 02 10 02 80 00 03 10 02 80 00 04 10 02 80 00 05 10 02 80 00 06 10 02 80 00 07 10 02 80 00 08 10 02 80 00 09 10 02 80 00 0A 10 02 80 00 0B 10 02 80 00 14 04 00 00 00 00 19 06 00 00 00 00 00 00 DA A2 2F 55;HEX;
67;R;13:39:54:187;1F 16 01 24 00 01 00 13 37 01 10 02 80 00 02 10 02 80 00 03 10 02 80 00 04 10 02 80 00 05 10 02 80 00 06 10 02 80 00 07 10 02 80 00 08 10 02 80 00 09 10 02 80 00 0A 10 02 80 00 0B 10 02 80 00 14 04 00 00 00 00 19 06 00 00 00 00 00 00 DA A2 2F 55;HEX;
68;R;13:39:55:187;1F 16 01 24 00 01 00 13 37 01 10 02 80 00 02 10 02 80 00 03 10 02 80 00 04 10 02 80 00 05 10 02 80 00 06 10 02 80 00 07 10 02 80 00 08 10 02 80 00 09 10 02 80 00 0A 10 02 80 00 0B 10 02 80 00 14 04 00 00 00 00 19 06 00 00 00 00 00 00 DA A2 2F 55;HEX;
69;R;13:39:56:203;1F 16 01 24 00 01 00 13 37 01 10 02 80 00 02 10 02 80 00 03 10 02 80 00 04 10 02 80 00 05 10 02 80 00 06 10 02 80 00 07 10 02 80 00 08 10 02 80 00 09 10 02 80 00 0A 10 02 80 00 0B 10 02 80 00 14 04 00 00 00 00 19 06 00 00 00 00 00 00 DA A2 2F 55;HEX;
70;R;13:39:57:203;1F 16 01 24 00 01 00 13 37 01 10 02 80 00 02 10 02 80 00 03 10 02 80 00 04 10 02 80 00 05 10 02 80 00 06 10 02 80 00 07 10 02 80 00 08 10 02 80 00 09 10 02 80 00 0A 10 02 80 00 0B 10 02 80 00 14 04 00 00 00 00 19 06 00 00 00 00 00 00 DA A2 2F 55;HEX;
71;R;13:39:58:218;1F 16 01 24 00 01 00 13 37 01 10 02 80 00 02 10 02 80 00 03 10 02 80 00 04 10 02 80 00 05 10 02 80 00 06 10 02 80 00 07 10 02 80 00 08 10 02 80 00 09 10 02 80 00 0A 10 02 80 00 0B 10 02 80 00 14 04 00 00 00 00 19 06 00 00 00 00 00 00 DA A2 2F 55;HEX;
72;R;13:39:59:218;1F 16 01 24 00 01 00 13 37 01 10 02 80 00 02 10 02 80 00 03 10 02 80 00 04 10 02 80 00 05 10 02 80 00 06 10 02 80 00 07 10 02 80 00 08 10 02 80 00 09 10 02 80 00 0A 10 02 80 00 0B 10 02 80 00 14 04 00 00 00 00 19 06 00 00 00 00 00 00 DA A2 2F 55;HEX;
73;R;13:40:00:234;1F 16 01 24 00 01 00 13 37 01 10 02 80 00 02 10 02 80 00 03 10 02 80 00 04 10 02 80 00 05 10 02 80 00 06 10 02 80 00 07 10 02 80 00 08 10 02 80 00 09 10 02 80 00 0A 10 02 80 00 0B 10 02 80 00 14 04 00 00 00 00 19 06 00 00 00 00 00 00 DA A2 2F 55;HEX;
74;R;13:40:01:234;1F 16 01 24 00 01 00 13 37 01 10 02 80 00 02 10 02 80 00 03 10 02 80 00 04 10 02 80 00 05 10 02 80 00 06 10 02 80 00 07 10 02 80 00 08 10 02 80 00 09 10 02 80 00 0A 10 02 80 00 0B 10 02 80 00 14 04 00 00 00 00 19 06 00 00 00 00 00 00 DA A2 2F 55;HEX;
75;R;13:40:02:250;1F 16 01 24 00 01 00 13 37 01 10 02 80 00 02 10 02 80 00 03 10 02 80 00 04 10 02 80 00 05 10 02 80 00 06 10 02 80 00 07 10 02 80 00 08 10 02 80 00 09 10 02 80 00 0A 10 02 80 00 0B 10 02 80 00 14 04 00 00 00 00 19 06 00 00 00 00 00 00 DA A2 2F 55;HEX;
76;R;13:40:03:250;1F 16 01 24 00 01 00 13 37 01 10 02 80 00 02 10 02 80 00 03 10 02 80 00 04 10 02 80 00 05 10 02 80 00 06 10 02 80 00 07 10 02 80 00 08 10 02 80 00 09 10 02 80 00 0A 10 02 80 00 0B 10 02 80 00 14 04 00 00 00 00 19 06 00 00 00 00 00 00 DA A2 2F 55;HEX;
77;R;13:40:04:265;1F 16 01 24 00 01 00 13 37 01 10 02 80 00 02 10 02 80 00 03 10 02 80 00 04 10 02 80 00 05 10 02 80 00 06 10 02 80 00 07 10 02 80 00 08 10 02 80 00 09 10 02 80 00 0A 10 02 80 00 0B 10 02 80 00 14 04 00 00 00 00 19 06 00 00 00 00 00 00 DA A2 2F 55;HEX;
78;R;13:40:05:265;1F 16 01 24 00 01 00 13 37 01 10 02 80 00 02 10 02 80 00 03 10 02 80 00 04 10 02 80 00 05 10 02 80 00 06 10 02 80 00 07 10 02 80 00 08 10 02 80 00 09 10 02 80 00 0A 10 02 80 00 0B 10 02 80 00 14 04 00 00 00 00 19 06 00 00 00 00 00 00 DA A2 2F 55;HEX;
79;R;13:40:06:281;1F 16 01 24 00 01 00 13 37 01 10 02 80 00 02 10 02 80 00 03 10 02 80 00 04 10 02 80 00 05 10 02 80 00 06 10 02 80 00 07 10 02 80 00 08 10 02 80 00 09 10 02 80 00 0A 10 02 80 00 0B 10 02 80 00 14 04 00 00 00 00 19 06 00 00 00 00 00 00 DA A2 2F 55;HEX;
80;R;13:40:07:281;1F 16 01 24 00 01 00 13 37 01 10 02 80 00 02 10 02 80 00 03 10 02 80 00 04 10 02 80 00 05 10 02 80 00 06 10 02 80 00 07 10 02 80 00 08 10 02 80 00 09 10 02 80 00 0A 10 02 80 00 0B 10 02 80 00 14 04 00 00 00 00 19 06 00 00 00 00 00 00 DA A2 2F 55;HEX;
81;R;13:40:08:296;1F 16 01 24 00 01 00 13 37 01 10 02 80 00 02 10 02 80 00 03 10 02 80 00 04 10 02 80 00 05 10 02 80 00 06 10 02 80 00 07 10 02 80 00 08 10 02 80 00 09 10 02 80 00 0A 10 02 80 00 0B 10 02 80 00 14 04 00 00 00 00 19 06 00 00 00 00 00 00 DA A2 2F 55;HEX;
82;R;13:40:09:296;1F 16 01 24 00 01 00 13 37 01 10 02 80 00 02 10 02 80 00 03 10 02 80 00 04 10 02 80 00 05 10 02 80 00 06 10 02 80 00 07 10 02 80 00 08 10 02 80 00 09 10 02 80 00 0A 10 02 80 00 0B 10 02 80 00 14 04 00 00 00 00 19 06 00 00 00 00 00 00 DA A2 2F 55;HEX;
83;R;13:40:10:312;1F 16 01 24 00 01 00 13 37 01 10 02 80 00 02 10 02 80 00 03 10 02 80 00 04 10 02 80 00 05 10 02 80 00 06 10 02 80 00 07 10 02 80 00 08 10 02 80 00 09 10 02 80 00 0A 10 02 80 00 0B 10 02 80 00 14 04 00 00 00 00 19 06 00 00 00 00 00 00 DA A2 2F 55;HEX;
84;R;13:40:11:312;1F 16 01 24 00 01 00 13 37 01 10 02 80 00 02 10 02 80 00 03 10 02 80 00 04 10 02 80 00 05 10 02 80 00 06 10 02 80 00 07 10 02 80 00 08 10 02 80 00 09 10 02 80 00 0A 10 02 80 00 0B 10 02 80 00 14 04 00 00 00 00 19 06 00 00 00 00 00 00 DA A2 2F 55;HEX;
85;R;13:40:12:328;1F 16 01 24 00 01 00 13 37 01 10 02 80 00 02 10 02 80 00 03 10 02 80 00 04 10 02 80 00 05 10 02 80 00 06 10 02 80 00 07 10 02 80 00 08 10 02 80 00 09 10 02 80 00 0A 10 02 80 00 0B 10 02 80 00 14 04 00 00 00 00 19 06 00 00 00 00 00 00 DA A2 2F 55;HEX;
86;R;13:40:13:343;1F 16 01 24 00 01 00 13 37 01 10 02 80 00 02 10 02 80 00 03 10 02 80 00 04 10 02 80 00 05 10 02 80 00 06 10 02 80 00 07 10 02 80 00 08 10 02 80 00 09 10 02 80 00 0A 10 02 80 00 0B 10 02 80 00 14 04 00 00 00 00 19 06 00 00 00 00 00 00 DA A2 2F 55;HEX;
87;R;13:40:14:343;1F 16 01 24 00 01 00 13 37 01 10 02 80 00 02 10 02 80 00 03 10 02 80 00 04 10 02 80 00 05 10 02 80 00 06 10 02 80 00 07 10 02 80 00 08 10 02 80 00 09 10 02 80 00 0A 10 02 80 00 0B 10 02 80 00 14 04 00 00 00 00 19 06 00 00 00 00 00 00 DA A2 2F 55;HEX;
88;R;13:40:15:343;1F 16 01 24 00 01 00 13 37 01 10 02 80 00 02 10 02 80 00 03 10 02 80 00 04 10 02 80 00 05 10 02 80 00 06 4C 82 80 05 07 10 02 80 00 08 10 02 80 00 09 10 02 80 00 0A 10 02 80 00 0B 10 02 80 00 14 04 00 00 00 00 19 06 00 00 00 00 00 00 6F F4 2F 55;HEX;
89;R;13:40:16:359;1F 16 01 24 00 01 00 13 37 01 10 02 80 00 02 10 02 80 00 03 10 02 80 00 04 10 02 80 00 05 10 02 80 00 06 4C 82 81 05 07 10 02 80 00 08 10 02 80 00 09 10 02 80 00 0A 10 02 80 00 0B 10 02 80 00 14 04 00 00 00 00 19 06 00 00 00 00 00 00 8F 4C 2F 55;HEX;
90;R;13:40:17:359;1F 16 01 24 00 01 00 13 37 01 10 02 80 00 02 00 02 80 00 03 00 02 80 00 04 00 02 80 00 05 10 02 80 00 06 4C 82 81 05 07 10 02 80 00 08 10 02 80 00 09 10 02 80 00 0A 10 02 80 00 0B 10 02 80 00 14 04 81 00 00 00 19 06 00 00 00 00 00 00 3B 50 2F 55;HEX;
91;R;13:40:18:375;1F 16 01 24 00 01 00 13 37 01 10 02 80 00 02 00 02 80 00 03 00 02 80 00 04 00 02 80 00 05 00 02 80 00 06 4C 82 81 02 07 10 02 80 00 08 10 02 80 00 09 10 02 80 00 0A 10 02 80 00 0B 10 02 80 00 14 04 81 00 00 00 19 06 00 00 00 00 00 00 DB B6 2F 55;HEX;
92;R;13:40:19:390;1F 16 01 24 00 01 00 13 37 01 10 02 80 00 02 00 02 80 00 03 00 02 80 00 04 00 02 80 00 05 00 02 80 00 06 4C 82 81 02 07 10 02 80 00 08 10 02 80 00 09 10 02 80 00 0A 10 02 80 00 0B 10 02 80 00 14 04 81 00 00 00 19 06 00 00 00 00 00 00 DB B6 2F 55;HEX;
93;R;13:40:20:390;1F 16 01 24 00 01 00 13 37 01 10 02 80 00 02 00 02 80 00 03 00 02 80 00 04 00 02 80 00 05 00 02 80 00 06 4D 82 81 00 07 10 02 80 00 08 10 02 80 00 09 10 02 80 00 0A 10 02 80 00 0B 10 02 80 00 14 04 81 00 00 00 19 06 00 00 00 00 00 00 38 11 2F 55;HEX;
94;R;13:40:21:390;1F 16 01 24 00 01 00 13 37 01 10 02 80 00 02 00 02 80 00 03 00 02 80 00 04 00 02 80 00 05 00 02 80 00 06 4D 82 81 00 07 10 02 80 00 08 10 02 80 00 09 10 02 80 00 0A 10 02 80 00 0B 10 02 80 00 14 04 81 00 00 00 19 06 00 00 00 00 00 00 38 11 2F 55;HEX;
95;R;13:40:22:406;1F 16 01 24 00 01 00 13 37 01 10 02 80 00 02 00 02 80 00 03 00 02 80 00 04 00 02 80 00 05 00 02 80 00 06 4D 82 81 00 07 10 02 80 00 08 10 02 80 00 09 10 02 80 00 0A 10 02 80 00 0B 10 02 80 00 14 04 81 00 00 00 19 06 00 00 00 00 00 00 38 11 2F 55;HEX;
96;R;13:40:23:421;1F 16 01 24 00 01 00 13 37 01 10 02 80 00 02 00 02 80 00 03 00 02 80 00 04 00 02 80 00 05 00 02 80 00 06 4D 82 81 00 07 10 02 80 00 08 10 02 80 00 09 10 02 80 00 0A 10 02 80 00 0B 10 02 80 00 14 04 81 00 00 00 19 06 00 00 00 00 00 00 38 11 2F 55;HEX;
97;R;13:40:24:421;1F 16 01 24 00 01 00 13 37 01 10 02 80 00 02 00 02 80 00 03 00 02 80 00 04 00 02 80 00 05 00 02 80 00 06 4D 82 81 00 07 10 02 80 00 08 10 02 80 00 09 10 02 80 00 0A 10 02 80 00 0B 10 02 80 00 14 04 81 00 00 00 19 06 00 00 00 00 00 00 38 11 2F 55;HEX;
98;R;13:40:25:437;1F 16 01 24 00 01 00 13 37 01 10 02 80 00 02 00 02 80 00 03 00 02 80 00 04 00 02 80 00 05 00 02 80 00 06 4D 82 81 00 07 10 02 80 00 08 10 02 80 00 09 10 02 80 00 0A 10 02 80 00 0B 10 02 80 00 14 04 81 00 00 00 19 06 00 00 00 00 00 00 38 11 2F 55;HEX;
99;R;13:40:26:437;1F 16 01 24 00 01 00 13 37 01 10 02 80 00 02 00 02 80 00 03 00 02 80 00 04 00 02 80 00 05 00 02 80 00 06 4D 82 81 00 07 10 02 80 00 08 10 02 80 00 09 10 02 80 00 0A 10 02 80 00 0B 10 02 80 00 14 04 81 00 00 00 19 06 00 00 00 00 00 00 38 11 2F 55;HEX;
100;R;13:40:27:437;1F 16 01 24 00 01 00 13 37 01 10 02 80 00 02 00 02 80 00 03 00 02 80 00 04 00 02 80 00 05 00 02 80 00 06 4D 82 81 00 07 10 02 80 00 08 10 02 80 00 09 10 02 80 00 0A 10 02 80 00 0B 10 02 80 00 14 04 81 00 00 00 19 06 00 00 00 00 00 00 38 11 2F 55;HEX;
101;R;13:40:28:453;1F 16 01 24 00 01 00 13 37 01 10 02 80 00 02 00 02 80 00 03 00 02 80 00 04 00 02 80 00 05 00 02 80 00 06 4D 82 81 00 07 10 02 80 00 08 10 02 80 00 09 10 02 80 00 0A 10 02 80 00 0B 10 02 80 00 14 04 81 00 00 00 19 06 00 00 00 00 00 00 38 11 2F 55;HEX;
102;R;13:40:29:468;1F 16 01 24 00 01 00 13 37 01 10 02 80 00 02 00 02 80 00 03 00 02 80 00 04 00 02 80 00 05 00 02 80 00 06 4D 82 81 00 07 10 02 80 00 08 10 02 80 00 09 10 02 80 00 0A 10 02 80 00 0B 10 02 80 00 14 04 81 00 00 00 19 06 00 00 00 00 00 00 38 11 2F 55;HEX;
103;R;13:40:30:468;1F 16 01 24 00 01 00 13 37 01 10 02 80 00 02 00 02 80 00 03 00 02 80 00 04 00 02 80 00 05 00 02 80 00 06 4D 82 81 00 07 10 02 80 00 08 10 02 80 00 09 10 02 80 00 0A 10 02 80 00 0B 10 02 80 00 14 04 81 00 00 00 19 06 00 00 00 00 00 00 38 11 2F 55;HEX;
104;R;13:40:31:468;1F 16 01 24 00 01 00 13 37 01 10 02 80 00 02 00 02 80 00 03 00 02 80 00 04 00 02 80 00 05 00 02 80 00 06 4D 82 81 00 07 10 02 80 00 08 10 02 80 00 09 10 02 80 00 0A 10 02 80 00 0B 10 02 80 00 14 04 81 00 00 00 19 06 00 00 00 00 00 00 38 11 2F 55;HEX;
105;R;13:40:36:031;1F 16 01 24 77 01 00 22 AE 2F 55;HEX;
106;R;13:40:37:046;1F 16 01 24 77 01 00 22 AE 2F 55;HEX;
107;R;13:40:38:046;1F 16 01 24 77 01 00 22 AE 2F 55;HEX;
108;R;13:40:39:062;1F 16 01 24 77 01 00 22 AE 2F 55;HEX;
109;R;13:40:40:062;1F 16 01 24 77 01 00 22 AE 2F 55;HEX;
110;R;13:40:41:078;1F 16 01 24 77 01 00 22 AE 2F 55;HEX;
111;R;13:40:42:078;1F 16 01 24 77 01 00 22 AE 2F 55;HEX;
112;R;13:40:43:093;1F 16 01 24 00 01 00 13 37 01 10 02 80 00 02 10 02 80 00 03 10 02 80 00 04 10 02 80 00 05 10 02 80 00 06 10 02 80 00 07 10 02 80 00 08 10 02 80 00 09 10 02 80 00 0A 10 02 80 00 0B 10 02 80 00 14 04 00 00 00 00 19 06 00 00 00 00 00 00 DA A2 2F 55;HEX;
113;R;13:40:44:093;1F 16 01 24 00 01 00 13 37 01 10 02 80 00 02 10 02 80 00 03 10 02 80 00 04 10 02 80 00 05 10 02 80 00 06 10 02 80 00 07 10 02 80 00 08 10 02 80 00 09 10 02 80 00 0A 10 02 80 00 0B 10 02 80 00 14 04 00 00 00 00 19 06 00 00 00 00 00 00 DA A2 2F 55;HEX;
114;R;13:40:45:109;1F 16 01 24 00 01 00 13 37 01 10 02 80 00 02 10 02 80 00 03 10 02 80 00 04 10 02 80 00 05 10 02 80 00 06 10 02 80 00 07 10 02 80 00 08 10 02 80 00 09 10 02 80 00 0A 10 02 80 00 0B 10 02 80 00 14 04 00 00 00 00 19 06 00 00 00 00 00 00 DA A2 2F 55;HEX;
115;R;13:40:46:109;1F 16 01 24 00 01 00 13 37 01 10 02 80 00 02 10 02 80 00 03 10 02 80 00 04 10 02 80 00 05 10 02 80 00 06 10 02 80 00 07 10 02 80 00 08 10 02 80 00 09 10 02 80 00 0A 10 02 80 00 0B 10 02 80 00 14 04 00 00 00 00 19 06 00 00 00 00 00 00 DA A2 2F 55;HEX;
116;R;13:40:47:125;1F 16 01 24 00 01 00 13 37 01 10 02 80 00 02 10 02 80 00 03 10 02 80 00 04 10 02 80 00 05 10 02 80 00 06 10 02 80 00 07 10 02 80 00 08 10 02 80 00 09 10 02 80 00 0A 10 02 80 00 0B 10 02 80 00 14 04 00 00 00 00 19 06 00 00 00 00 00 00 DA A2 2F 55;HEX;
117;R;13:40:48:125;1F 16 01 24 00 01 00 13 37 01 10 02 80 00 02 10 02 80 00 03 10 02 80 00 04 10 02 80 00 05 10 02 80 00 06 10 02 80 00 07 10 02 80 00 08 10 02 80 00 09 10 02 80 00 0A 10 02 80 00 0B 10 02 80 00 14 04 00 00 00 00 19 06 00 00 00 00 00 00 DA A2 2F 55;HEX;
118;R;13:40:49:140;1F 16 01 24 00 01 00 13 37 01 10 02 80 00 02 10 02 80 00 03 10 02 80 00 04 10 02 80 00 05 10 02 80 00 06 10 02 80 00 07 10 02 80 00 08 10 02 80 00 09 10 02 80 00 0A 10 02 80 00 0B 10 02 80 00 14 04 00 00 00 00 19 06 00 00 00 00 00 00 DA A2 2F 55;HEX;
119;R;13:40:50:140;1F 16 01 24 00 01 00 13 37 01 10 02 80 00 02 10 02 80 00 03 10 02 80 00 04 10 02 80 00 05 10 02 80 00 06 10 02 80 00 07 10 02 80 00 08 10 02 80 00 09 10 02 80 00 0A 10 02 80 00 0B 10 02 80 00 14 04 00 00 00 00 19 06 00 00 00 00 00 00 DA A2 2F 55;HEX;
120;R;13:40:51:156;1F 16 01 24 00 01 00 13 37 01 10 02 80 00 02 10 02 80 00 03 10 02 80 00 04 10 02 80 00 05 10 02 80 00 06 10 02 80 00 07 10 02 80 00 08 10 02 80 00 09 10 02 80 00 0A 10 02 80 00 0B 10 02 80 00 14 04 00 00 00 00 19 06 00 00 00 00 00 00 DA A2 2F 55;HEX;
121;R;13:40:52:156;1F 16 01 24 00 01 00 13 37 01 10 02 80 00 02 10 02 80 00 03 10 02 80 00 04 10 02 80 00 05 10 02 80 00 06 10 02 80 00 07 10 02 80 00 08 10 02 80 00 09 10 02 80 00 0A 10 02 80 00 0B 10 02 80 00 14 04 00 00 00 00 19 06 00 00 00 00 00 00 DA A2 2F 55;HEX;
122;R;13:40:53:171;1F 16 01 24 00 01 00 13 37 01 10 02 80 00 02 10 02 80 00 03 10 02 80 00 04 10 02 80 00 05 10 02 80 00 06 10 02 80 00 07 10 02 80 00 08 10 02 80 00 09 10 02 80 00 0A 10 02 80 00 0B 10 02 80 00 14 04 00 00 00 00 19 06 00 00 00 00 00 00 DA A2 2F 55;HEX;
123;R;13:40:54:171;1F 16 01 24 00 01 00 13 37 01 10 02 80 00 02 10 02 80 00 03 10 02 80 00 04 10 02 80 00 05 10 02 80 00 06 10 02 80 00 07 10 02 80 00 08 10 02 80 00 09 10 02 80 00 0A 10 02 80 00 0B 10 02 80 00 14 04 00 00 00 00 19 06 00 00 00 00 00 00 DA A2 2F 55;HEX;
124;R;13:40:55:187;1F 16 01 24 00 01 00 13 37 01 10 02 80 00 02 10 02 80 00 03 10 02 80 00 04 10 02 80 00 05 10 02 80 00 06 10 02 80 00 07 10 02 80 00 08 10 02 80 00 09 10 02 80 00 0A 10 02 80 00 0B 10 02 80 00 14 04 00 00 00 00 19 06 00 00 00 00 00 00 DA A2 2F 55;HEX;
125;R;13:40:56:187;1F 16 01 24 00 01 00 13 37 01 10 02 80 00 02 10 02 80 00 03 10 02 80 00 04 10 02 80 00 05 10 02 80 00 06 10 02 80 00 07 10 02 80 00 08 10 02 80 00 09 10 02 80 00 0A 10 02 80 00 0B 10 02 80 00 14 04 00 00 00 00 19 06 00 00 00 00 00 00 DA A2 2F 55;HEX;
126;R;13:40:57:203;1F 16 01 24 00 01 00 13 37 01 10 02 80 00 02 10 02 80 00 03 10 02 80 00 04 10 02 80 00 05 10 02 80 00 06 10 02 80 00 07 10 02 80 00 08 10 02 80 00 09 10 02 80 00 0A 10 02 80 00 0B 10 02 80 00 14 04 00 00 00 00 19 06 00 00 00 00 00 00 DA A2 2F 55;HEX;
127;R;13:40:58:203;1F 16 01 24 00 01 00 13 37 01 10 02 80 00 02 10 02 80 00 03 10 02 80 00 04 10 02 80 00 05 10 02 80 00 06 10 02 80 00 07 10 02 80 00 08 10 02 80 00 09 10 02 80 00 0A 10 02 80 00 0B 10 02 80 00 14 04 00 00 00 00 19 06 00 00 00 00 00 00 DA A2 2F 55;HEX;
128;R;13:40:59:218;1F 16 01 24 00 01 00 13 37 01 10 02 80 00 02 10 02 80 00 03 10 02 80 00 04 10 02 80 00 05 10 02 80 00 06 10 02 80 00 07 10 02 80 00 08 10 02 80 00 09 10 02 80 00 0A 10 02 80 00 0B 10 02 80 00 14 04 00 00 00 00 19 06 00 00 00 00 00 00 DA A2 2F 55;HEX;
129;R;13:41:00:218;1F 16 01 24 00 01 00 13 37 01 10 02 80 00 02 10 02 80 00 03 10 02 80 00 04 10 02 80 00 05 10 02 80 00 06 10 02 80 00 07 10 02 80 00 08 10 02 80 00 09 10 02 80 00 0A 10 02 80 00 0B 10 02 80 00 14 04 00 00 00 00 19 06 00 00 00 00 00 00 DA A2 2F 55;HEX;
130;R;13:41:01:234;1F 16 01 24 00 01 00 13 37 01 10 02 80 00 02 10 02 80 00 03 10 02 80 00 04 10 02 80 00 05 10 02 80 00 06 10 02 80 00 07 10 02 80 00 08 10 02 80 00 09 10 02 80 00 0A 10 02 80 00 0B 10 02 80 00 14 04 00 00 00 00 19 06 00 00 00 00 00 00 DA A2 2F 55;HEX;
131;R;13:41:02:234;1F 16 01 24 00 01 00 13 37 01 10 02 80 00 02 10 02 80 00 03 10 02 80 00 04 10 02 80 00 05 10 02 80 00 06 10 02 80 00 07 10 02 80 00 08 10 02 80 00 09 10 02 80 00 0A 10 02 80 00 0B 10 02 80 00 14 04 00 00 00 00 19 06 00 00 00 00 00 00 DA A2 2F 55;HEX;
132;R;13:41:03:250;1F 16 01 24 00 01 00 13 37 01 10 02 80 00 02 10 02 80 00 03 10 02 80 00 04 10 02 80 00 05 10 02 80 00 06 10 02 80 00 07 10 02 80 00 08 10 02 80 00 09 10 02 80 00 0A 10 02 80 00 0B 10 02 80 00 14 04 00 00 00 00 19 06 00 00 00 00 00 00 DA A2 2F 55;HEX;
133;R;13:41:04:250;1F 16 01 24 00 01 00 13 37 01 10 02 80 00 02 10 02 80 00 03 10 02 80 00 04 10 02 80 00 05 10 02 80 00 06 10 02 80 00 07 10 02 80 00 08 10 02 80 00 09 10 02 80 00 0A 10 02 80 00 0B 10 02 80 00 14 04 00 00 00 00 19 06 00 00 00 00 00 00 DA A2 2F 55;HEX;
134;R;13:41:05:265;1F 16 01 24 00 01 00 13 37 01 10 02 80 00 02 10 02 80 00 03 10 02 80 00 04 10 02 80 00 05 10 02 80 00 06 10 02 80 00 07 10 02 80 00 08 10 02 80 00 09 10 02 80 00 0A 10 02 80 00 0B 10 02 80 00 14 04 00 00 00 00 19 06 00 00 00 00 00 00 DA A2 2F 55;HEX;
135;R;13:41:06:265;1F 16 01 24 00 01 00 13 37 01 10 02 80 00 02 10 02 80 00 03 10 02 80 00 04 10 02 80 00 05 10 02 80 00 06 10 02 80 00 07 10 02 80 00 08 10 02 80 00 09 10 02 80 00 0A 10 02 80 00 0B 10 02 80 00 14 04 00 00 00 00 19 06 00 00 00 00 00 00 DA A2 2F 55;HEX;
136;R;13:41:07:281;1F 16 01 24 00 01 00 13 37 01 10 02 80 00 02 10 02 80 00 03 10 02 80 00 04 10 02 80 00 05 10 02 80 00 06 10 02 80 00 07 10 02 80 00 08 10 02 80 00 09 10 02 80 00 0A 10 02 80 00 0B 10 02 80 00 14 04 00 00 00 00 19 06 00 00 00 00 00 00 DA A2 2F 55;HEX;
137;R;13:41:08:281;1F 16 01 24 00 01 00 13 37 01 10 02 80 00 02 10 02 80 00 03 10 02 80 00 04 10 02 80 00 05 10 02 80 00 06 10 02 80 00 07 10 02 80 00 08 10 02 80 00 09 10 02 80 00 0A 10 02 80 00 0B 10 02 80 00 14 04 00 00 00 00 19 06 00 00 00 00 00 00 DA A2 2F 55;HEX;
138;R;13:41:09:296;1F 16 01 24 00 01 00 13 37 01 10 02 80 00 02 10 02 80 00 03 10 02 80 00 04 10 02 80 00 05 10 02 80 00 06 10 02 80 00 07 10 02 80 00 08 10 02 80 00 09 10 02 80 00 0A 10 02 80 00 0B 10 02 80 00 14 04 00 00 00 00 19 06 00 00 00 00 00 00 DA A2 2F 55;HEX;
139;R;13:41:10:296;1F 16 01 24 00 01 00 13 37 01 10 02 80 00 02 10 02 80 00 03 10 02 80 00 04 10 02 80 00 05 10 02 80 00 06 10 02 80 00 07 10 02 80 00 08 10 02 80 00 09 10 02 80 00 0A 10 02 80 00 0B 10 02 80 00 14 04 00 00 00 00 19 06 00 00 00 00 00 00 DA A2 2F 55;HEX;
140;R;13:41:11:312;1F 16 01 24 00 01 00 13 37 01 10 02 80 00 02 10 02 80 00 03 10 02 80 00 04 10 02 80 00 05 10 02 80 00 06 10 02 80 00 07 10 02 80 00 08 10 02 80 00 09 10 02 80 00 0A 10 02 80 00 0B 10 02 80 00 14 04 00 00 00 00 19 06 00 00 00 00 00 00 DA A2 2F 55;HEX;
141;R;13:41:12:312;1F 16 01 24 00 01 00 13 37 01 10 02 80 00 02 10 02 80 00 03 10 02 80 00 04 10 02 80 00 05 10 02 80 00 06 10 02 80 00 07 10 02 80 00 08 10 02 80 00 09 10 02 80 00 0A 10 02 80 00 0B 10 02 80 00 14 04 00 00 00 00 19 06 00 00 00 00 00 00 DA A2 2F 55;HEX;
142;R;13:41:13:328;1F 16 01 24 00 01 00 13 37 01 10 02 80 00 02 10 02 80 00 03 10 02 80 00 04 10 02 80 00 05 10 02 80 00 06 10 02 80 00 07 10 02 80 00 08 10 02 80 00 09 10 02 80 00 0A 10 02 80 00 0B 10 02 80 00 14 04 00 00 00 00 19 06 00 00 00 00 00 00 DA A2 2F 55;HEX;
143;R;13:41:14:328;1F 16 01 24 00 01 00 13 37 01 10 02 80 00 02 10 02 80 00 03 10 02 80 00 04 10 02 80 00 05 10 02 80 00 06 10 02 80 00 07 10 02 80 00 08 10 02 80 00 09 10 02 80 00 0A 10 02 80 00 0B 10 02 80 00 14 04 00 00 00 00 19 06 00 00 00 00 00 00 DA A2 2F 55;HEX;
144;R;13:41:15:343;1F 16 01 24 00 01 00 13 37 01 10 02 80 00 02 10 02 80 00 03 10 02 80 00 04 10 02 80 00 05 10 02 80 00 06 10 02 80 00 07 10 02 80 00 08 10 02 80 00 09 10 02 80 00 0A 10 02 80 00 0B 10 02 80 00 14 04 00 00 00 00 19 06 00 00 00 00 00 00 DA A2 2F 55;HEX;
145;R;13:41:16:343;1F 16 01 24 00 01 00 13 37 01 10 02 80 00 02 10 02 80 00 03 10 02 80 00 04 10 02 80 00 05 10 02 80 00 06 10 02 80 00 07 10 02 80 00 08 10 02 80 00 09 10 02 80 00 0A 10 02 80 00 0B 10 02 80 00 14 04 00 00 00 00 19 06 00 00 00 00 00 00 DA A2 2F 55;HEX;
146;R;13:41:17:359;1F 16 01 24 00 01 00 13 37 01 10 02 80 00 02 10 02 80 00 03 10 02 80 00 04 10 02 80 00 05 10 02 80 00 06 10 02 80 00 07 10 02 80 00 08 10 02 80 00 09 10 02 80 00 0A 10 02 80 00 0B 10 02 80 00 14 04 00 00 00 00 19 06 00 00 00 00 00 00 DA A2 2F 55;HEX;
147;R;13:41:18:375;1F 16 01 24 00 01 00 13 37 01 10 02 80 00 02 10 02 80 00 03 10 02 80 00 04 10 02 80 00 05 10 02 80 00 06 10 02 80 00 07 10 02 80 00 08 10 02 80 00 09 10 02 80 00 0A 10 02 80 00 0B 10 02 80 00 14 04 00 00 00 00 19 06 00 00 00 00 00 00 DA A2 2F 55;HEX;
148;R;13:41:19:390;1F 16 01 24 00 01 00 13 37 01 10 02 80 00 02 10 02 80 00 03 10 02 80 00 04 10 02 80 00 05 10 02 80 00 06 10 02 80 00 07 10 02 80 00 08 10 02 80 00 09 10 02 80 00 0A 10 02 80 00 0B 10 02 80 00 14 04 00 00 00 00 19 06 00 00 00 00 00 00 DA A2 2F 55;HEX;
149;R;13:41:20:390;1F 16 01 24 00 01 00 13 37 01 10 02 80 00 02 10 02 80 00 03 10 02 80 00 04 10 02 80 00 05 10 02 80 00 06 10 02 80 00 07 10 02 80 00 08 10 02 80 00 09 10 02 80 00 0A 10 02 80 00 0B 10 02 80 00 14 04 00 00 00 00 19 06 00 00 00 00 00 00 DA A2 2F 55;HEX;
150;R;13:41:21:406;1F 16 01 24 00 01 00 13 37 01 10 02 80 00 02 10 02 80 00 03 10 02 80 00 04 10 02 80 00 05 10 02 80 00 06 79 02 80 05 07 10 02 80 00 08 10 02 80 00 09 10 02 80 00 0A 10 02 80 00 0B 10 02 80 00 14 04 00 00 00 00 19 06 00 00 00 00 00 00 22 59 2F 55;HEX;
151;R;13:41:22:406;1F 16 01 24 00 01 00 13 37 01 10 02 80 00 02 10 02 80 00 03 00 02 80 00 04 00 02 80 00 05 00 02 80 00 06 7B 82 80 00 07 10 02 80 00 08 10 02 80 00 09 10 02 80 00 0A 10 02 80 00 0B 10 02 80 00 14 04 00 00 00 00 19 06 00 00 00 00 00 00 7B 08 2F 55;HEX;
152;R;13:41:23:421;1F 16 01 24 00 01 00 13 37 01 10 02 80 00 02 10 02 80 00 03 00 02 80 00 04 00 02 80 00 05 00 02 80 00 06 7B 82 80 00 07 10 02 80 00 08 10 02 80 00 09 10 02 80 00 0A 10 02 80 00 0B 10 02 80 00 14 04 00 00 00 00 19 06 00 00 00 00 00 00 7B 08 2F 55;HEX;
153;R;13:41:24:421;1F 16 01 24 00 01 00 13 37 01 10 02 80 00 02 10 02 80 00 03 00 02 80 00 04 00 02 80 00 05 00 02 80 00 06 7B 82 80 00 07 10 02 80 00 08 10 02 80 00 09 10 02 80 00 0A 10 02 80 00 0B 10 02 80 00 14 04 00 00 00 00 19 06 00 00 00 00 00 00 7B 08 2F 55;HEX;
154;R;13:41:25:437;1F 16 01 24 00 01 00 13 37 01 10 02 80 00 02 00 02 80 00 03 00 02 80 00 04 00 02 80 00 05 00 02 80 00 06 7B 82 80 00 07 10 02 80 00 08 10 02 80 00 09 10 02 80 00 0A 10 02 80 00 0B 10 02 80 00 14 04 00 00 00 00 19 06 00 00 00 00 00 00 9A 27 2F 55;HEX;
155;R;13:41:26:437;1F 16 01 24 00 01 00 13 37 01 10 02 80 00 02 00 02 80 00 03 00 02 80 00 04 00 02 80 00 05 00 02 80 00 06 7B 82 80 00 07 10 02 80 00 08 10 02 80 00 09 10 02 80 00 0A 10 02 80 00 0B 10 02 80 00 14 04 00 00 00 00 19 06 00 00 00 00 00 00 9A 27 2F 55;HEX;
156;R;13:41:27:453;1F 16 01 24 00 01 00 13 37 01 10 02 80 00 02 00 02 80 00 03 00 02 80 00 04 00 02 80 00 05 00 02 80 00 06 7B 82 80 00 07 10 02 80 00 08 10 02 80 00 09 10 02 80 00 0A 10 02 80 00 0B 10 02 80 00 14 04 00 00 00 00 19 06 00 00 00 00 00 00 9A 27 2F 55;HEX;
157;R;13:41:28:468;1F 16 01 24 00 01 00 13 37 01 10 02 80 00 02 00 02 80 00 03 00 02 80 00 04 00 02 80 00 05 00 02 80 00 06 7B 82 80 00 07 10 02 80 00 08 10 02 80 00 09 10 02 80 00 0A 10 02 80 00 0B 10 02 80 00 14 04 00 00 00 00 19 06 00 00 00 00 00 00 9A 27 2F 55;HEX;
158;R;13:41:29:468;1F 16 01 24 00 01 00 13 37 01 10 02 80 00 02 00 02 80 00 03 00 02 80 00 04 00 02 80 00 05 00 02 80 00 06 7B 82 80 00 07 10 02 80 00 08 10 02 80 00 09 10 02 80 00 0A 10 02 80 00 0B 10 02 80 00 14 04 00 00 00 00 19 06 00 00 00 00 00 00 9A 27 2F 55;HEX;
159;R;13:41:30:468;1F 16 01 24 00 01 00 13 37 01 10 02 80 00 02 00 02 80 00 03 00 02 80 00 04 00 02 80 00 05 00 02 80 00 06 7B 82 80 00 07 10 02 80 00 08 10 02 80 00 09 10 02 80 00 0A 10 02 80 00 0B 10 02 80 00 14 04 00 00 00 00 19 06 00 00 00 00 00 00 9A 27 2F 55;HEX;
160;R;13:41:31:484;1F 16 01 24 00 01 00 13 37 01 10 02 80 00 02 00 02 80 00 03 00 02 80 00 04 00 02 80 00 05 00 02 80 00 06 7B 82 80 00 07 10 02 80 00 08 10 02 80 00 09 10 02 80 00 0A 10 02 80 00 0B 10 02 80 00 14 04 00 00 00 00 19 06 00 00 00 00 00 00 9A 27 2F 55;HEX;
161;R;13:41:32:484;1F 16 01 24 00 01 00 13 37 01 10 02 80 00 02 00 02 80 00 03 00 02 80 00 04 00 02 80 00 05 00 02 80 00 06 7B 82 80 00 07 10 02 80 00 08 10 02 80 00 09 10 02 80 00 0A 10 02 80 00 0B 10 02 80 00 14 04 00 00 00 00 19 06 00 00 00 00 00 00 9A 27 2F 55;HEX;
162;R;13:41:33:500;1F 16 01 24 00 01 00 13 37 01 10 02 80 00 02 00 02 80 00 03 00 02 80 00 04 00 02 80 00 05 00 02 80 00 06 7B 82 80 00 07 10 02 80 00 08 10 02 80 00 09 10 02 80 00 0A 10 02 80 00 0B 10 02 80 00 14 04 00 00 00 00 19 06 00 00 00 00 00 00 9A 27 2F 55;HEX;
163;R;13:41:34:515;1F 16 01 24 00 01 00 13 37 01 10 02 80 00 02 00 02 80 00 03 00 02 80 00 04 00 02 80 00 05 00 02 80 00 06 7B 82 80 00 07 10 02 80 00 08 10 02 80 00 09 10 02 80 00 0A 10 02 80 00 0B 10 02 80 00 14 04 00 00 00 00 19 06 00 00 00 00 00 00 9A 27 2F 55;HEX;
164;R;13:41:35:515;1F 16 01 24 00 01 00 13 37 01 10 02 80 00 02 00 02 80 00 03 00 02 80 00 04 00 02 80 00 05 00 02 80 00 06 7B 82 80 00 07 10 02 80 00 08 10 02 80 00 09 10 02 80 00 0A 10 02 80 00 0B 10 02 80 00 14 04 00 00 00 00 19 06 00 00 00 00 00 00 9A 27 2F 55;HEX;
165;R;13:41:36:515;1F 16 01 24 00 01 00 13 37 01 10 02 80 00 02 00 02 80 00 03 00 02 80 00 04 00 02 80 00 05 00 02 80 00 06 7B 82 80 00 07 10 02 80 00 08 10 02 80 00 09 10 02 80 00 0A 10 02 80 00 0B 10 02 80 00 14 04 00 00 00 00 19 06 00 00 00 00 00 00 9A 27 2F 55;HEX;
166;R;13:41:37:531;1F 16 01 24 00 01 00 13 37 01 10 02 80 00 02 00 02 80 00 03 00 02 80 00 04 00 02 80 00 05 00 02 80 00 06 7B 82 80 00 07 10 02 80 00 08 10 02 80 00 09 10 02 80 00 0A 10 02 80 00 0B 10 02 80 00 14 04 00 00 00 00 19 06 00 00 00 00 00 00 9A 27 2F 55;HEX;
167;R;13:41:38:531;1F 16 01 24 00 01 00 13 37 01 10 02 80 00 02 00 02 80 00 03 00 02 80 00 04 00 02 80 00 05 00 02 80 00 06 7B 82 80 00 07 10 02 80 00 08 10 02 80 00 09 10 02 80 00 0A 10 02 80 00 0B 10 02 80 00 14 04 00 00 00 00 19 06 00 00 00 00 00 00 9A 27 2F 55;HEX;
168;R;13:41:39:546;1F 16 01 24 00 01 00 13 37 01 10 02 80 00 02 00 02 80 00 03 00 02 80 00 04 00 02 80 00 05 00 02 80 00 06 7B 82 80 00 07 10 02 80 00 08 10 02 80 00 09 10 02 80 00 0A 10 02 80 00 0B 10 02 80 00 14 04 00 00 00 00 19 06 00 00 00 00 00 00 9A 27 2F 55;HEX;
169;R;13:41:40:562;1F 16 01 24 00 01 00 13 37 01 10 02 80 00 02 00 02 80 00 03 00 02 80 00 04 00 02 80 00 05 00 02 80 00 06 7B 82 80 00 07 10 02 80 00 08 10 02 80 00 09 10 02 80 00 0A 10 02 80 00 0B 10 02 80 00 14 04 00 00 00 00 19 06 00 00 00 00 00 00 9A 27 2F 55;HEX;
170;R;13:41:41:562;1F 16 01 24 00 01 00 13 37 01 10 02 80 00 02 00 02 80 00 03 00 02 80 00 04 00 02 80 00 05 00 02 80 00 06 7B 82 80 00 07 10 02 80 00 08 10 02 80 00 09 10 02 80 00 0A 10 02 80 00 0B 10 02 80 00 14 04 00 00 00 00 19 06 00 00 00 00 00 00 9A 27 2F 55;HEX;
171;R;13:41:42:562;1F 16 01 24 00 01 00 13 37 01 10 02 80 00 02 00 02 80 00 03 00 02 80 00 04 00 02 80 00 05 00 02 80 00 06 7B 82 80 00 07 10 02 80 00 08 10 02 80 00 09 10 02 80 00 0A 10 02 80 00 0B 10 02 80 00 14 04 00 00 00 00 19 06 00 00 00 00 00 00 9A 27 2F 55;HEX;
172;R;13:41:43:578;1F 16 01 24 00 01 00 13 37 01 10 02 80 00 02 00 02 80 00 03 00 02 80 00 04 00 02 80 00 05 00 02 80 00 06 7B 82 80 00 07 10 02 80 00 08 10 02 80 00 09 10 02 80 00 0A 10 02 80 00 0B 10 02 80 00 14 04 00 00 00 00 19 06 00 00 00 00 00 00 9A 27 2F 55;HEX;
173;R;13:41:44:593;1F 16 01 24 00 01 00 13 37 01 10 02 80 00 02 00 02 80 00 03 00 02 80 00 04 00 02 80 00 05 00 02 80 00 06 7B 82 80 00 07 10 02 80 00 08 10 02 80 00 09 10 02 80 00 0A 10 02 80 00 0B 10 02 80 00 14 04 00 00 00 00 19 06 00 00 00 00 00 00 9A 27 2F 55;HEX;
174;R;13:41:45:593;1F 16 01 24 00 01 00 13 37 01 10 02 80 00 02 00 02 80 00 03 00 02 80 00 04 00 02 80 00 05 00 02 80 00 06 7B 82 80 00 07 10 02 80 00 08 10 02 80 00 09 10 02 80 00 0A 10 02 80 00 0B 10 02 80 00 14 04 00 00 00 00 19 06 00 00 00 00 00 00 9A 27 2F 55;HEX;
175;R;13:41:46:593;1F 16 01 24 00 01 00 13 37 01 10 02 80 00 02 00 02 80 00 03 00 02 80 00 04 00 02 80 00 05 00 02 80 00 06 7B 82 80 00 07 10 02 80 00 08 10 02 80 00 09 10 02 80 00 0A 10 02 80 00 0B 10 02 80 00 14 04 00 00 00 00 19 06 00 00 00 00 00 00 9A 27 2F 55;HEX;
176;R;13:41:47:609;1F 16 01 24 00 01 00 13 37 01 10 02 80 00 02 00 02 80 00 03 00 02 80 00 04 00 02 80 00 05 00 02 80 00 06 7B 82 80 00 07 10 02 80 00 08 10 02 80 00 09 10 02 80 00 0A 10 02 80 00 0B 10 02 80 00 14 04 00 00 00 00 19 06 00 00 00 00 00 00 9A 27 2F 55;HEX;
177;R;13:41:48:609;1F 16 01 24 00 01 00 13 37 01 10 02 80 00 02 00 02 80 00 03 00 02 80 00 04 00 02 80 00 05 00 02 80 00 06 77 82 80 1E 07 10 02 80 00 08 10 02 80 00 09 10 02 80 00 0A 10 02 80 00 0B 10 02 80 00 14 04 00 00 00 00 19 06 00 00 00 00 00 00 73 B0 2F 55;HEX;
178;R;13:41:49:625;1F 16 01 24 00 01 00 13 37 01 10 02 80 00 02 00 02 80 00 03 00 02 80 00 04 00 02 80 00 05 00 02 80 00 06 77 82 80 1D 07 10 02 80 00 08 10 02 80 00 09 10 02 80 00 0A 10 02 80 00 0B 10 02 80 00 14 04 00 00 00 00 19 06 00 00 00 00 00 00 BE 93 2F 55;HEX;
179;R;13:41:50:640;1F 16 01 24 00 01 00 13 37 01 10 02 80 00 02 00 02 80 00 03 00 02 80 00 04 00 02 80 00 05 00 02 80 00 06 77 82 80 1C 07 10 02 80 00 08 10 02 80 00 09 10 02 80 00 0A 10 02 80 00 0B 10 02 80 00 14 04 00 00 00 00 19 06 00 00 00 00 00 00 1A 7D 2F 55;HEX;
180;R;13:41:51:640;1F 16 01 24 00 01 00 13 37 01 10 02 80 00 02 00 02 80 00 03 00 02 80 00 04 00 02 80 00 05 00 02 80 00 06 77 82 80 1B 07 10 02 80 00 08 10 02 80 00 09 10 02 80 00 0A 10 02 80 00 0B 10 02 80 00 14 04 00 00 00 00 19 06 00 00 00 00 00 00 24 D4 2F 55;HEX;
181;R;13:41:52:640;1F 16 01 24 00 01 00 13 37 01 10 02 80 00 02 00 02 80 00 03 00 02 80 00 04 00 02 80 00 05 00 02 80 00 06 77 82 80 1A 07 10 02 80 00 08 10 02 80 00 09 10 02 80 00 0A 10 02 80 00 0B 10 02 80 00 14 04 00 00 00 00 19 06 00 00 00 00 00 00 80 3A 2F 55;HEX;
182;R;13:41:53:656;1F 16 01 24 00 01 00 13 37 01 10 02 80 00 02 00 02 80 00 03 00 02 80 00 04 00 02 80 00 05 00 02 80 00 06 77 82 80 19 07 10 02 80 00 08 10 02 80 00 09 10 02 80 00 0A 10 02 80 00 0B 10 02 80 00 14 04 00 00 00 00 19 06 00 00 00 00 00 00 4D 19 2F 55;HEX;
183;R;13:41:54:671;1F 16 01 24 00 01 00 13 37 01 10 02 80 00 02 00 02 80 00 03 00 02 80 00 04 00 02 80 00 05 00 02 80 00 06 77 82 80 18 07 10 02 80 00 08 10 02 80 00 09 10 02 80 00 0A 10 02 80 00 0B 10 02 80 00 14 04 00 00 00 00 19 06 00 00 00 00 00 00 E9 F7 2F 55;HEX;
184;R;13:41:55:671;1F 16 01 24 00 01 00 13 37 01 10 02 80 00 02 00 02 80 00 03 00 02 80 00 04 00 02 80 00 05 00 02 80 00 06 77 82 80 17 07 10 02 80 00 08 10 02 80 00 09 10 02 80 00 0A 10 02 80 00 0B 10 02 80 00 14 04 00 00 00 00 19 06 00 00 00 00 00 00 10 5B 2F 55;HEX;
185;R;13:41:56:687;1F 16 01 24 00 01 00 13 37 01 10 02 80 00 02 00 02 80 00 03 00 02 80 00 04 00 02 80 00 05 00 02 80 00 06 77 82 80 16 07 10 02 80 00 08 10 02 80 00 09 10 02 80 00 0A 10 02 80 00 0B 10 02 80 00 14 04 00 00 00 00 19 06 00 00 00 00 00 00 B4 B5 2F 55;HEX;
186;R;13:41:57:687;1F 16 01 24 00 01 00 13 37 01 10 02 80 00 02 00 02 80 00 03 00 02 80 00 04 00 02 80 00 05 00 02 80 00 06 77 82 80 14 07 10 02 80 00 08 10 02 80 00 09 10 02 80 00 0A 10 02 80 00 0B 10 02 80 00 14 04 00 00 00 00 19 06 00 00 00 00 00 00 DD 78 2F 55;HEX;
187;R;13:41:58:703;1F 16 01 24 00 01 00 13 37 01 10 02 80 00 02 00 02 80 00 03 00 02 80 00 04 00 02 80 00 05 00 02 80 00 06 78 82 80 14 07 10 02 80 00 08 10 02 80 00 09 10 02 80 00 0A 10 02 80 00 0B 10 02 80 00 14 04 00 00 00 00 19 06 00 00 00 00 00 00 79 19 2F 55;HEX;
188;R;13:41:59:703;1F 16 01 24 00 01 00 13 37 01 10 02 80 00 02 00 02 80 00 03 00 02 80 00 04 00 02 80 00 05 00 02 80 00 06 78 82 80 14 07 10 02 80 00 08 10 02 80 00 09 10 02 80 00 0A 10 02 80 00 0B 10 02 80 00 14 04 00 00 00 00 19 06 00 00 00 00 00 00 79 19 2F 55;HEX;
189;R;13:42:00:718;1F 16 01 24 00 01 00 13 37 01 10 02 80 00 02 00 02 80 00 03 00 02 80 00 04 00 02 80 00 05 00 02 80 00 06 78 82 80 14 07 10 02 80 00 08 10 02 80 00 09 10 02 80 00 0A 10 02 80 00 0B 10 02 80 00 14 04 00 00 00 00 19 06 00 00 00 00 00 00 79 19 2F 55;HEX;
190;R;13:42:01:718;1F 16 01 24 00 01 00 13 37 01 10 02 80 00 02 00 02 80 00 03 00 02 80 00 04 00 02 80 00 05 00 02 80 00 06 78 82 80 14 07 10 02 80 00 08 10 02 80 00 09 10 02 80 00 0A 10 02 80 00 0B 10 02 80 00 14 04 00 00 00 00 19 06 00 00 00 00 00 00 79 19 2F 55;HEX;
191;R;13:42:02:734;1F 16 01 24 00 01 00 13 37 01 10 02 80 00 02 00 02 80 00 03 00 02 80 00 04 00 02 80 00 05 00 02 80 00 06 78 82 80 14 07 10 02 80 00 08 10 02 80 00 09 10 02 80 00 0A 10 02 80 00 0B 10 02 80 00 14 04 00 00 00 00 19 06 00 00 00 00 00 00 79 19 2F 55;HEX;
192;R;13:42:03:734;1F 16 01 24 00 01 00 13 37 01 10 02 80 00 02 00 02 80 00 03 00 02 80 00 04 00 02 80 00 05 00 02 80 00 06 78 82 80 14 07 10 02 80 00 08 10 02 80 00 09 10 02 80 00 0A 10 02 80 00 0B 10 02 80 00 14 04 00 00 00 00 19 06 00 00 00 00 00 00 79 19 2F 55;HEX;
193;R;13:42:04:750;1F 16 01 24 00 01 00 13 37 01 10 02 80 00 02 00 02 80 00 03 00 02 80 00 04 00 02 80 00 05 00 02 80 00 06 78 82 80 14 07 10 02 80 00 08 10 02 80 00 09 10 02 80 00 0A 10 02 80 00 0B 10 02 80 00 14 04 00 00 00 00 19 06 00 00 00 00 00 00 79 19 2F 55;HEX;
194;R;13:42:05:750;1F 16 01 24 00 01 00 13 37 01 10 02 80 00 02 00 02 80 00 03 00 02 80 00 04 00 02 80 00 05 00 02 80 00 06 78 82 80 14 07 10 02 80 00 08 10 02 80 00 09 10 02 80 00 0A 10 02 80 00 0B 10 02 80 00 14 04 00 00 00 00 19 06 00 00 00 00 00 00 79 19 2F 55;HEX;
195;R;13:42:06:765;1F 16 01 24 00 01 00 13 37 01 10 02 80 00 02 00 02 80 00 03 00 02 80 00 04 00 02 80 00 05 00 02 80 00 06 78 82 80 14 07 10 02 80 00 08 10 02 80 00 09 10 02 80 00 0A 10 02 80 00 0B 10 02 80 00 14 04 00 00 00 00 19 06 00 00 00 00 00 00 79 19 2F 55;HEX;
196;R;13:42:07:765;1F 16 01 24 00 01 00 13 37 01 10 02 80 00 02 00 02 80 00 03 00 02 80 00 04 00 02 80 00 05 00 02 80 00 06 78 82 80 14 07 10 02 80 00 08 10 02 80 00 09 10 02 80 00 0A 10 02 80 00 0B 10 02 80 00 14 04 00 00 00 00 19 06 00 00 00 00 00 00 79 19 2F 55;HEX;
197;R;13:42:08:781;1F 16 01 24 00 01 00 13 37 01 10 02 80 00 02 00 02 80 00 03 00 02 80 00 04 00 02 80 00 05 00 02 80 00 06 78 82 80 14 07 10 02 80 00 08 10 02 80 00 09 10 02 80 00 0A 10 02 80 00 0B 10 02 80 00 14 04 00 00 00 00 19 06 00 00 00 00 00 00 79 19 2F 55;HEX;
198;R;13:42:09:781;1F 16 01 24 00 01 00 13 37 01 10 02 80 00 02 00 02 80 00 03 00 02 80 00 04 00 02 80 00 05 00 02 80 00 06 78 82 80 14 07 10 02 80 00 08 10 02 80 00 09 10 02 80 00 0A 10 02 80 00 0B 10 02 80 00 14 04 00 00 00 00 19 06 00 00 00 00 00 00 79 19 2F 55;HEX;
199;R;13:42:10:796;1F 16 01 24 00 01 00 13 37 01 10 02 80 00 02 00 02 80 00 03 00 02 80 00 04 00 02 80 00 05 00 02 80 00 06 78 82 80 14 07 10 02 80 00 08 10 02 80 00 09 10 02 80 00 0A 10 02 80 00 0B 10 02 80 00 14 04 00 00 00 00 19 06 00 00 00 00 00 00 79 19 2F 55;HEX;
200;R;13:42:11:796;1F 16 01 24 00 01 00 13 37 01 10 02 80 00 02 00 02 80 00 03 00 02 80 00 04 00 02 80 00 05 00 02 80 00 06 78 82 80 14 07 10 02 80 00 08 10 02 80 00 09 10 02 80 00 0A 10 02 80 00 0B 10 02 80 00 14 04 00 00 00 00 19 06 00 00 00 00 00 00 79 19 2F 55;HEX;
201;R;13:42:12:812;1F 16 01 24 00 01 00 13 37 01 10 02 80 00 02 00 02 80 00 03 00 02 80 00 04 00 02 80 00 05 00 02 80 00 06 78 82 80 14 07 10 02 80 00 08 10 02 80 00 09 10 02 80 00 0A 10 02 80 00 0B 10 02 80 00 14 04 00 00 00 00 19 06 00 00 00 00 00 00 79 19 2F 55;HEX;
202;R;13:42:13:812;1F 16 01 24 00 01 00 13 37 01 10 02 80 00 02 00 02 80 00 03 00 02 80 00 04 00 02 80 00 05 00 02 80 00 06 78 82 80 14 07 10 02 80 00 08 10 02 80 00 09 10 02 80 00 0A 10 02 80 00 0B 10 02 80 00 14 04 00 00 00 00 19 06 00 00 00 00 00 00 79 19 2F 55;HEX;
203;R;13:42:14:828;1F 16 01 24 00 01 00 13 37 01 10 02 80 00 02 00 02 80 00 03 00 02 80 00 04 00 02 80 00 05 00 02 80 00 06 78 82 80 14 07 10 02 80 00 08 10 02 80 00 09 10 02 80 00 0A 10 02 80 00 0B 10 02 80 00 14 04 00 00 00 00 19 06 00 00 00 00 00 00 79 19 2F 55;HEX;
204;R;13:42:15:828;1F 16 01 24 00 01 00 13 37 01 10 02 80 00 02 00 02 80 00 03 00 02 80 00 04 00 02 80 00 05 00 02 80 00 06 78 82 80 14 07 10 02 80 00 08 10 02 80 00 09 10 02 80 00 0A 10 02 80 00 0B 10 02 80 00 14 04 00 00 00 00 19 06 00 00 00 00 00 00 79 19 2F 55;HEX;
205;R;13:42:16:843;1F 16 01 24 00 01 00 13 37 01 10 02 80 00 02 00 02 80 00 03 00 02 80 00 04 00 02 80 00 05 00 02 80 00 06 78 82 80 14 07 10 02 80 00 08 10 02 80 00 09 10 02 80 00 0A 10 02 80 00 0B 10 02 80 00 14 04 00 00 00 00 19 06 00 00 00 00 00 00 79 19 2F 55;HEX;
206;R;13:42:17:843;1F 16 01 24 00 01 00 13 37 01 10 02 80 00 02 00 02 80 00 03 00 02 80 00 04 00 02 80 00 05 00 02 80 00 06 57 82 80 13 07 10 02 80 00 08 10 02 80 00 09 10 02 80 00 0A 10 02 80 00 0B 10 02 80 00 14 04 00 00 00 00 19 06 00 00 00 00 00 00 0E 51 2F 55;HEX;
207;R;13:42:18:859;1F 16 01 24 00 01 00 13 37 01 10 02 80 00 02 00 02 80 00 03 00 02 80 00 04 00 02 80 00 05 00 02 80 00 06 57 82 80 12 07 10 02 80 00 08 10 02 80 00 09 10 02 80 00 0A 10 02 80 00 0B 10 02 80 00 14 04 00 00 00 00 19 06 00 00 00 00 00 00 AA BF 2F 55;HEX;
208;R;13:42:19:859;1F 16 01 24 00 01 00 13 37 01 10 02 80 00 02 00 02 80 00 03 00 02 80 00 04 00 02 80 00 05 00 02 80 00 06 58 82 80 12 07 10 02 80 00 08 10 02 80 00 09 10 02 80 00 0A 10 02 80 00 0B 10 02 80 00 14 04 00 00 00 00 19 06 00 00 00 00 00 00 0E DE 2F 55;HEX;
209;R;13:42:20:875;1F 16 01 24 00 01 00 13 37 01 10 02 80 00 02 00 02 80 00 03 00 02 80 00 04 00 02 80 00 05 00 02 80 00 06 58 82 80 12 07 10 02 80 00 08 10 02 80 00 09 10 02 80 00 0A 10 02 80 00 0B 10 02 80 00 14 04 00 00 00 00 19 06 00 00 00 00 00 00 0E DE 2F 55;HEX;
210;R;13:42:21:875;1F 16 01 24 00 01 00 13 37 01 10 02 80 00 02 00 02 80 00 03 00 02 80 00 04 00 02 80 00 05 00 02 80 00 06 58 82 80 12 07 10 02 80 00 08 10 02 80 00 09 10 02 80 00 0A 10 02 80 00 0B 10 02 80 00 14 04 00 00 00 00 19 06 00 00 00 00 00 00 0E DE 2F 55;HEX;
211;R;13:42:22:890;1F 16 01 24 00 01 00 13 37 01 10 02 80 00 02 00 02 80 00 03 00 02 80 00 04 00 02 80 00 05 00 02 80 00 06 58 82 80 12 07 10 02 80 00 08 10 02 80 00 09 10 02 80 00 0A 10 02 80 00 0B 10 02 80 00 14 04 00 00 00 00 19 06 00 00 00 00 00 00 0E DE 2F 55;HEX;
212;R;13:42:23:890;1F 16 01 24 00 01 00 13 37 01 10 02 80 00 02 00 02 80 00 03 00 02 80 00 04 00 02 80 00 05 00 02 80 00 06 58 82 80 12 07 10 02 80 00 08 10 02 80 00 09 10 02 80 00 0A 10 02 80 00 0B 10 02 80 00 14 04 00 00 00 00 19 06 00 00 00 00 00 00 0E DE 2F 55;HEX;
213;R;13:42:24:906;1F 16 01 24 00 01 00 13 37 01 10 02 80 00 02 00 02 80 00 03 00 02 80 00 04 00 02 80 00 05 00 02 80 00 06 58 82 80 12 07 10 02 80 00 08 10 02 80 00 09 10 02 80 00 0A 10 02 80 00 0B 10 02 80 00 14 04 00 00 00 00 19 06 00 00 00 00 00 00 0E DE 2F 55;HEX;
214;R;13:42:25:906;1F 16 01 24 00 01 00 13 37 01 10 02 80 00 02 00 02 80 00 03 00 02 80 00 04 00 02 80 00 05 00 02 80 00 06 58 82 80 12 07 10 02 80 00 08 10 02 80 00 09 10 02 80 00 0A 10 02 80 00 0B 10 02 80 00 14 04 00 00 00 00 19 06 00 00 00 00 00 00 0E DE 2F 55;HEX;
215;R;13:42:26:921;1F 16 01 24 00 01 00 13 37 01 10 02 80 00 02 00 02 80 00 03 00 02 80 00 04 00 02 80 00 05 00 02 80 00 06 58 82 80 12 07 10 02 80 00 08 10 02 80 00 09 10 02 80 00 0A 10 02 80 00 0B 10 02 80 00 14 04 00 00 00 00 19 06 00 00 00 00 00 00 0E DE 2F 55;HEX;
216;R;13:42:27:921;1F 16 01 24 00 01 00 13 37 01 10 02 80 00 02 00 02 80 00 03 00 02 80 00 04 00 02 80 00 05 00 02 80 00 06 58 82 80 12 07 10 02 80 00 08 10 02 80 00 09 10 02 80 00 0A 10 02 80 00 0B 10 02 80 00 14 04 00 00 00 00 19 06 00 00 00 00 00 00 0E DE 2F 55;HEX;
217;R;13:42:28:937;1F 16 01 24 00 01 00 13 37 01 10 02 80 00 02 00 02 80 00 03 00 02 80 00 04 00 02 80 00 05 00 02 80 00 06 58 82 80 12 07 10 02 80 00 08 10 02 80 00 09 10 02 80 00 0A 10 02 80 00 0B 10 02 80 00 14 04 00 00 00 00 19 06 00 00 00 00 00 00 0E DE 2F 55;HEX;
218;R;13:42:29:937;1F 16 01 24 00 01 00 13 37 01 10 02 80 00 02 00 02 80 00 03 00 02 80 00 04 00 02 80 00 05 00 02 80 00 06 58 82 80 12 07 10 02 80 00 08 10 02 80 00 09 10 02 80 00 0A 10 02 80 00 0B 10 02 80 00 14 04 00 00 00 00 19 06 00 00 00 00 00 00 0E DE 2F 55;HEX;
219;R;13:42:30:953;1F 16 01 24 00 01 00 13 37 01 10 02 80 00 02 00 02 80 00 03 00 02 80 00 04 00 02 80 00 05 00 02 80 00 06 58 82 80 12 07 10 02 80 00 08 10 02 80 00 09 10 02 80 00 0A 10 02 80 00 0B 10 02 80 00 14 04 00 00 00 00 19 06 00 00 00 00 00 00 0E DE 2F 55;HEX;
220;R;13:42:31:953;1F 16 01 24 00 01 00 13 37 01 10 02 80 00 02 00 02 80 00 03 00 02 80 00 04 00 02 80 00 05 00 02 80 00 06 77 82 80 12 07 10 02 80 00 08 10 02 80 00 09 10 02 80 00 0A 10 02 80 00 0B 10 02 80 00 14 04 00 00 00 00 19 06 00 00 00 00 00 00 47 3F 2F 55;HEX;
221;R;13:42:32:968;1F 16 01 24 00 01 00 13 37 01 10 02 80 00 02 00 02 80 00 03 00 02 80 00 04 00 02 80 00 05 00 02 80 00 06 77 82 80 11 07 10 02 80 00 08 10 02 80 00 09 10 02 80 00 0A 10 02 80 00 0B 10 02 80 00 14 04 00 00 00 00 19 06 00 00 00 00 00 00 8A 1C 2F 55;HEX;
222;R;13:42:33:968;1F 16 01 24 00 01 00 13 37 01 10 02 80 00 02 00 02 80 00 03 00 02 80 00 04 00 02 80 00 05 00 02 80 00 06 77 82 80 10 07 10 02 80 00 08 10 02 80 00 09 10 02 80 00 0A 10 02 80 00 0B 10 02 80 00 14 04 00 00 00 00 19 06 00 00 00 00 00 00 2E F2 2F 55;HEX;
223;R;13:42:34:984;1F 16 01 24 00 01 00 13 37 01 10 02 80 00 02 00 02 80 00 03 00 02 80 00 04 00 02 80 00 05 00 02 80 00 06 77 82 80 0F 07 10 02 80 00 08 10 02 80 00 09 10 02 80 00 0A 10 02 80 00 0B 10 02 80 00 14 04 00 00 00 00 19 06 00 00 00 00 00 00 59 55 2F 55;HEX;
224;R;13:42:35:984;1F 16 01 24 00 01 00 13 37 01 10 02 80 00 02 00 02 80 00 03 00 02 80 00 04 00 02 80 00 05 00 02 80 00 06 77 82 80 0E 07 10 02 80 00 08 10 02 80 00 09 10 02 80 00 0A 10 02 80 00 0B 10 02 80 00 14 04 00 00 00 00 19 06 00 00 00 00 00 00 FD BB 2F 55;HEX;
225;R;13:42:37:000;1F 16 01 24 00 01 00 13 37 01 10 02 80 00 02 00 02 80 00 03 00 02 80 00 04 00 02 80 00 05 00 02 80 00 06 77 82 80 0C 07 10 02 80 00 08 10 02 80 00 09 10 02 80 00 0A 10 02 80 00 0B 10 02 80 00 14 04 00 00 00 00 19 06 00 00 00 00 00 00 94 76 2F 55;HEX;
226;R;13:42:38:000;1F 16 01 24 00 01 00 13 37 01 10 02 80 00 02 00 02 80 00 03 00 02 80 00 04 00 02 80 00 05 00 02 80 00 06 77 82 80 0B 07 10 02 80 00 08 10 02 80 00 09 10 02 80 00 0A 10 02 80 00 0B 10 02 80 00 14 04 00 00 00 00 19 06 00 00 00 00 00 00 AA DF 2F 55;HEX;
227;R;13:42:39:015;1F 16 01 24 00 01 00 13 37 01 10 02 80 00 02 00 02 80 00 03 00 02 80 00 04 00 02 80 00 05 00 02 80 00 06 77 82 80 0A 07 10 02 80 00 08 10 02 80 00 09 10 02 80 00 0A 10 02 80 00 0B 10 02 80 00 14 04 00 00 00 00 19 06 00 00 00 00 00 00 0E 31 2F 55;HEX;
228;R;13:42:40:015;1F 16 01 24 00 01 00 13 37 01 10 02 80 00 02 00 02 80 00 03 00 02 80 00 04 00 02 80 00 05 00 02 80 00 06 77 82 80 09 07 10 02 80 00 08 10 02 80 00 09 10 02 80 00 0A 10 02 80 00 0B 10 02 80 00 14 04 00 00 00 00 19 06 00 00 00 00 00 00 C3 12 2F 55;HEX;
229;R;13:42:41:031;1F 16 01 24 00 01 00 13 37 01 10 02 80 00 02 00 02 80 00 03 00 02 80 00 04 00 02 80 00 05 00 02 80 00 06 77 82 80 09 07 10 02 80 00 08 10 02 80 00 09 10 02 80 00 0A 10 02 80 00 0B 10 02 80 00 14 04 00 00 00 00 19 06 00 00 00 00 00 00 C3 12 2F 55;HEX;
230;R;13:42:42:031;1F 16 01 24 00 01 00 13 37 01 10 02 80 00 02 00 02 80 00 03 00 02 80 00 04 00 02 80 00 05 00 02 80 00 06 77 82 80 08 07 10 02 80 00 08 10 02 80 00 09 10 02 80 00 0A 10 02 80 00 0B 10 02 80 00 14 04 00 00 00 00 19 06 00 00 00 00 00 00 67 FC 2F 55;HEX;
231;R;13:42:43:046;1F 16 01 24 00 01 00 13 37 01 10 02 80 00 02 00 02 80 00 03 00 02 80 00 04 00 02 80 00 05 00 02 80 00 06 77 82 80 07 07 10 02 80 00 08 10 02 80 00 09 10 02 80 00 0A 10 02 80 00 0B 10 02 80 00 14 04 00 00 00 00 19 06 00 00 00 00 00 00 9E 50 2F 55;HEX;
232;R;13:42:44:046;1F 16 01 24 00 01 00 13 37 01 10 02 80 00 02 00 02 80 00 03 00 02 80 00 04 00 02 80 00 05 00 02 80 00 06 77 82 80 05 07 10 02 80 00 08 10 02 80 00 09 10 02 80 00 0A 10 02 80 00 0B 10 02 80 00 14 04 00 00 00 00 19 06 00 00 00 00 00 00 F7 9D 2F 55;HEX;
233;R;13:42:45:062;1F 16 01 24 00 01 00 13 37 01 10 02 80 00 02 00 02 80 00 03 00 02 80 00 04 00 02 80 00 05 00 02 80 00 06 77 82 80 04 07 10 02 80 00 08 10 02 80 00 09 10 02 80 00 0A 10 02 80 00 0B 10 02 80 00 14 04 00 00 00 00 19 06 00 00 00 00 00 00 53 73 2F 55;HEX;
234;R;13:42:46:062;1F 16 01 24 00 01 00 13 37 01 10 02 80 00 02 00 02 80 00 03 00 02 80 00 04 00 02 80 00 05 00 02 80 00 06 77 82 80 03 07 10 02 80 00 08 10 02 80 00 09 10 02 80 00 0A 10 02 80 00 0B 10 02 80 00 14 04 00 00 00 00 19 06 00 00 00 00 00 00 6D DA 2F 55;HEX;
235;R;13:42:47:078;1F 16 01 24 00 01 00 13 37 01 10 02 80 00 02 00 02 80 00 03 00 02 80 00 04 00 02 80 00 05 00 02 80 00 06 77 82 80 02 07 10 02 80 00 08 10 02 80 00 09 10 02 80 00 0A 10 02 80 00 0B 10 02 80 00 14 04 00 00 00 00 19 06 00 00 00 00 00 00 C9 34 2F 55;HEX;
236;R;13:42:48:078;1F 16 01 24 00 01 00 13 37 01 10 02 80 00 02 00 02 80 00 03 00 02 80 00 04 00 02 80 00 05 00 02 80 00 06 77 82 80 02 07 10 02 80 00 08 10 02 80 00 09 10 02 80 00 0A 10 02 80 00 0B 10 02 80 00 14 04 00 00 00 00 19 06 00 00 00 00 00 00 C9 34 2F 55;HEX;
237;R;13:42:49:093;1F 16 01 24 00 01 00 13 37 01 10 02 80 00 02 00 02 80 00 03 00 02 80 00 04 00 02 80 00 05 00 02 80 00 06 77 82 80 01 07 10 02 80 00 08 10 02 80 00 09 10 02 80 00 0A 10 02 80 00 0B 10 02 80 00 14 04 00 00 00 00 19 06 00 00 00 00 00 00 04 17 2F 55;HEX;
238;R;13:42:50:093;1F 16 01 24 00 01 00 13 37 01 10 02 80 00 02 00 02 80 00 03 00 02 80 00 04 00 02 80 00 05 00 02 80 00 06 7C 82 81 05 07 10 02 80 00 08 10 02 80 00 09 10 02 80 00 0A 10 02 80 00 0B 10 02 80 00 14 04 81 00 00 00 19 06 00 00 00 00 00 00 6E 57 2F 55;HEX;
239;R;13:42:51:109;1F 16 01 24 00 01 00 13 37 01 10 02 80 00 02 00 02 80 00 03 00 02 80 00 04 00 02 80 00 05 00 02 80 00 06 7C 82 81 04 07 10 02 80 00 08 10 02 80 00 09 10 02 80 00 0A 10 02 80 00 0B 10 02 80 00 14 04 81 00 00 00 19 06 00 00 00 00 00 00 CA B9 2F 55;HEX;
240;R;13:42:52:109;1F 16 01 24 00 01 00 13 37 01 10 02 80 00 02 00 02 80 00 03 00 02 80 00 04 00 02 80 00 05 00 02 80 00 06 7C 82 81 04 07 10 02 80 00 08 10 02 80 00 09 10 02 80 00 0A 10 02 80 00 0B 10 02 80 00 14 04 81 00 00 00 19 06 00 00 00 00 00 00 CA B9 2F 55;HEX;
241;R;13:42:53:125;1F 16 01 24 00 01 00 13 37 01 10 02 80 00 02 00 02 80 00 03 00 02 80 00 04 00 02 80 00 05 00 02 80 00 06 7C 82 81 04 07 10 02 80 00 08 10 02 80 00 09 10 02 80 00 0A 10 02 80 00 0B 10 02 80 00 14 04 81 00 00 00 19 06 00 00 00 00 00 00 CA B9 2F 55;HEX;
242;R;13:42:54:125;1F 16 01 24 00 01 00 13 37 01 10 02 80 00 02 00 02 80 00 03 00 02 80 00 04 00 02 80 00 05 00 02 80 00 06 7C 82 81 04 07 10 02 80 00 08 10 02 80 00 09 10 02 80 00 0A 10 02 80 00 0B 10 02 80 00 14 04 81 00 00 00 19 06 00 00 00 00 00 00 CA B9 2F 55;HEX;
243;R;13:42:55:140;1F 16 01 24 00 01 00 13 37 01 10 02 80 00 02 00 02 80 00 03 00 02 80 00 04 00 02 80 00 05 00 02 80 00 06 7D 82 81 00 07 10 02 80 00 08 10 02 80 00 09 10 02 80 00 0A 10 02 80 00 0B 10 02 80 00 14 04 81 00 00 00 19 06 00 00 00 00 00 00 B3 59 2F 55;HEX;
244;R;13:42:56:140;1F 16 01 24 00 01 00 13 37 01 10 02 80 00 02 00 02 80 00 03 00 02 80 00 04 00 02 80 00 05 00 02 80 00 06 7D 82 81 00 07 10 02 80 00 08 10 02 80 00 09 10 02 80 00 0A 10 02 80 00 0B 10 02 80 00 14 04 81 00 00 00 19 06 00 00 00 00 00 00 B3 59 2F 55;HEX;
245;R;13:42:57:156;1F 16 01 24 00 01 00 13 37 01 10 02 80 00 02 00 02 80 00 03 00 02 80 00 04 00 02 80 00 05 00 02 80 00 06 7D 82 81 00 07 10 02 80 00 08 10 02 80 00 09 10 02 80 00 0A 10 02 80 00 0B 10 02 80 00 14 04 81 00 00 00 19 06 00 00 00 00 00 00 B3 59 2F 55;HEX;
246;R;13:42:58:156;1F 16 01 24 00 01 00 13 37 01 10 02 80 00 02 00 02 80 00 03 00 02 80 00 04 00 02 80 00 05 00 02 80 00 06 7D 82 81 00 07 10 02 80 00 08 10 02 80 00 09 10 02 80 00 0A 10 02 80 00 0B 10 02 80 00 14 04 81 00 00 00 19 06 00 00 00 00 00 00 B3 59 2F 55;HEX;
247;R;13:42:59:171;1F 16 01 24 00 01 00 13 37 01 10 02 80 00 02 00 02 80 00 03 00 02 80 00 04 00 02 80 00 05 00 02 80 00 06 7D 82 81 00 07 10 02 80 00 08 10 02 80 00 09 10 02 80 00 0A 10 02 80 00 0B 10 02 80 00 14 04 81 00 00 00 19 06 00 00 00 00 00 00 B3 59 2F 55;HEX;
248;R;13:43:00:171;1F 16 01 24 00 01 00 13 37 01 10 02 80 00 02 00 02 80 00 03 00 02 80 00 04 00 02 80 00 05 00 02 80 00 06 7D 82 81 00 07 10 02 80 00 08 10 02 80 00 09 10 02 80 00 0A 10 02 80 00 0B 10 02 80 00 14 04 81 00 00 00 19 06 00 00 00 00 00 00 B3 59 2F 55;HEX;
249;R;13:43:01:187;1F 16 01 24 00 01 00 13 37 01 10 02 80 00 02 00 02 80 00 03 00 02 80 00 04 00 02 80 00 05 00 02 80 00 06 7D 82 81 00 07 10 02 80 00 08 10 02 80 00 09 10 02 80 00 0A 10 02 80 00 0B 10 02 80 00 14 04 81 00 00 00 19 06 00 00 00 00 00 00 B3 59 2F 55;HEX;
250;R;13:43:02:187;1F 16 01 24 00 01 00 13 37 01 10 02 80 00 02 00 02 80 00 03 00 02 80 00 04 00 02 80 00 05 00 02 80 00 06 7D 82 81 00 07 10 02 80 00 08 10 02 80 00 09 10 02 80 00 0A 10 02 80 00 0B 10 02 80 00 14 04 81 00 00 00 19 06 00 00 00 00 00 00 B3 59 2F 55;HEX;
251;R;13:43:03:203;1F 16 01 24 00 01 00 13 37 01 10 02 80 00 02 00 02 80 00 03 00 02 80 00 04 00 02 80 00 05 00 02 80 00 06 7D 82 81 00 07 10 02 80 00 08 10 02 80 00 09 10 02 80 00 0A 10 02 80 00 0B 10 02 80 00 14 04 81 00 00 00 19 06 00 00 00 00 00 00 B3 59 2F 55;HEX;
252;R;13:43:04:203;1F 16 01 24 00 01 00 13 37 01 10 02 80 00 02 00 02 80 00 03 00 02 80 00 04 00 02 80 00 05 00 02 80 00 06 7D 82 81 00 07 10 02 80 00 08 10 02 80 00 09 10 02 80 00 0A 10 02 80 00 0B 10 02 80 00 14 04 81 00 00 00 19 06 00 00 00 00 00 00 B3 59 2F 55;HEX;
253;R;13:43:05:218;1F 16 01 24 00 01 00 13 37 01 10 02 80 00 02 00 02 80 00 03 00 02 80 00 04 00 02 80 00 05 00 02 80 00 06 7D 82 81 00 07 10 02 80 00 08 10 02 80 00 09 10 02 80 00 0A 10 02 80 00 0B 10 02 80 00 14 04 81 00 00 00 19 06 00 00 00 00 00 00 B3 59 2F 55;HEX;
254;R;13:43:06:218;1F 16 01 24 00 01 00 13 37 01 10 02 80 00 02 00 02 80 00 03 00 02 80 00 04 00 02 80 00 05 00 02 80 00 06 7D 82 81 00 07 10 02 80 00 08 10 02 80 00 09 10 02 80 00 0A 10 02 80 00 0B 10 02 80 00 14 04 81 00 00 00 19 06 00 00 00 00 00 00 B3 59 2F 55;HEX;
255;R;13:43:07:234;1F 16 01 24 00 01 00 13 37 01 10 02 80 00 02 00 02 80 00 03 00 02 80 00 04 00 02 80 00 05 00 02 80 00 06 7D 82 81 00 07 10 02 80 00 08 10 02 80 00 09 10 02 80 00 0A 10 02 80 00 0B 10 02 80 00 14 04 81 00 00 00 19 06 00 00 00 00 00 00 B3 59 2F 55;HEX;
256;R;13:43:08:234;1F 16 01 24 00 01 00 13 37 01 10 02 80 00 02 00 02 80 00 03 00 02 80 00 04 00 02 80 00 05 00 02 80 00 06 7D 82 81 00 07 10 02 80 00 08 10 02 80 00 09 10 02 80 00 0A 10 02 80 00 0B 10 02 80 00 14 04 81 00 00 00 19 06 00 00 00 00 00 00 B3 59 2F 55;HEX;
257;R;13:43:09:250;1F 16 01 24 00 01 00 13 37 01 10 02 80 00 02 00 02 80 00 03 00 02 80 00 04 00 02 80 00 05 00 02 80 00 06 7D 82 81 00 07 10 02 80 00 08 10 02 80 00 09 10 02 80 00 0A 10 02 80 00 0B 10 02 80 00 14 04 81 00 00 00 19 06 00 00 00 00 00 00 B3 59 2F 55;HEX;
258;R;13:43:10:250;1F 16 01 24 00 01 00 13 37 01 10 02 80 00 02 00 02 80 00 03 00 02 80 00 04 00 02 80 00 05 00 02 80 00 06 7D 82 81 00 07 10 02 80 00 08 10 02 80 00 09 10 02 80 00 0A 10 02 80 00 0B 10 02 80 00 14 04 81 00 00 00 19 06 00 00 00 00 00 00 B3 59 2F 55;HEX;
259;R;13:43:11:265;1F 16 01 24 00 01 00 13 37 01 10 02 80 00 02 00 02 80 00 03 00 02 80 00 04 00 02 80 00 05 00 02 80 00 06 7D 82 81 00 07 10 02 80 00 08 10 02 80 00 09 10 02 80 00 0A 10 02 80 00 0B 10 02 80 00 14 04 81 00 00 00 19 06 00 00 00 00 00 00 B3 59 2F 55;HEX;
260;R;13:43:12:265;1F 16 01 24 00 01 00 13 37 01 10 02 80 00 02 00 02 80 00 03 00 02 80 00 04 00 02 80 00 05 00 02 80 00 06 7D 82 81 00 07 10 02 80 00 08 10 02 80 00 09 10 02 80 00 0A 10 02 80 00 0B 10 02 80 00 14 04 81 00 00 00 19 06 00 00 00 00 00 00 B3 59 2F 55;HEX;
261;R;13:43:13:281;1F 16 01 24 00 01 00 13 37 01 10 02 80 00 02 00 02 80 00 03 00 02 80 00 04 00 02 80 00 05 00 02 80 00 06 7D 82 81 00 07 10 02 80 00 08 10 02 80 00 09 10 02 80 00 0A 10 02 80 00 0B 10 02 80 00 14 04 81 00 00 00 19 06 00 00 00 00 00 00 B3 59 2F 55;HEX;
262;R;13:43:14:281;1F 16 01 24 00 01 00 13 37 01 10 02 80 00 02 00 02 80 00 03 00 02 80 00 04 00 02 80 00 05 00 02 80 00 06 7D 82 81 00 07 10 02 80 00 08 10 02 80 00 09 10 02 80 00 0A 10 02 80 00 0B 10 02 80 00 14 04 81 00 00 00 19 06 00 00 00 00 00 00 B3 59 2F 55;HEX;
263;R;13:43:15:296;1F 16 01 24 00 01 00 13 37 01 10 02 80 00 02 00 02 80 00 03 00 02 80 00 04 00 02 80 00 05 00 02 80 00 06 7D 82 81 00 07 10 02 80 00 08 10 02 80 00 09 10 02 80 00 0A 10 02 80 00 0B 10 02 80 00 14 04 81 00 00 00 19 06 00 00 00 00 00 00 B3 59 2F 55;HEX;
264;R;13:43:16:296;1F 16 01 24 00 01 00 13 37 01 10 02 80 00 02 00 02 80 00 03 00 02 80 00 04 00 02 80 00 05 00 02 80 00 06 7D 82 81 00 07 10 02 80 00 08 10 02 80 00 09 10 02 80 00 0A 10 02 80 00 0B 10 02 80 00 14 04 81 00 00 00 19 06 00 00 00 00 00 00 B3 59 2F 55;HEX;
265;R;13:43:17:312;1F 16 01 24 00 01 00 13 37 01 10 02 80 00 02 00 02 80 00 03 00 02 80 00 04 00 02 80 00 05 00 02 80 00 06 7D 82 81 00 07 10 02 80 00 08 10 02 80 00 09 10 02 80 00 0A 10 02 80 00 0B 10 02 80 00 14 04 81 00 00 00 19 06 00 00 00 00 00 00 B3 59 2F 55;HEX;
266;R;13:43:18:312;1F 16 01 24 00 01 00 13 37 01 10 02 80 00 02 00 02 80 00 03 00 02 80 00 04 00 02 80 00 05 00 02 80 00 06 7D 82 81 00 07 10 02 80 00 08 10 02 80 00 09 10 02 80 00 0A 10 02 80 00 0B 10 02 80 00 14 04 81 00 00 00 19 06 00 00 00 00 00 00 B3 59 2F 55;HEX;
267;R;13:43:19:328;1F 16 01 24 00 01 00 13 37 01 10 02 80 00 02 00 02 80 00 03 00 02 80 00 04 00 02 80 00 05 00 02 80 00 06 7D 82 81 00 07 10 02 80 00 08 10 02 80 00 09 10 02 80 00 0A 10 02 80 00 0B 10 02 80 00 14 04 81 00 00 00 19 06 00 00 00 00 00 00 B3 59 2F 55;HEX;
268;R;13:43:20:328;1F 16 01 24 00 01 00 13 37 01 10 02 80 00 02 00 02 80 00 03 00 02 80 00 04 00 02 80 00 05 00 02 80 00 06 7D 82 81 00 07 10 02 80 00 08 10 02 80 00 09 10 02 80 00 0A 10 02 80 00 0B 10 02 80 00 14 04 81 00 00 00 19 06 00 00 00 00 00 00 B3 59 2F 55;HEX;
269;R;13:43:21:343;1F 16 01 24 00 01 00 13 37 01 10 02 80 00 02 00 02 80 00 03 00 02 80 00 04 00 02 80 00 05 00 02 80 00 06 7D 82 81 00 07 10 02 80 00 08 10 02 80 00 09 10 02 80 00 0A 10 02 80 00 0B 10 02 80 00 14 04 81 00 00 00 19 06 00 00 00 00 00 00 B3 59 2F 55;HEX;
270;R;13:43:22:343;1F 16 01 24 00 01 00 13 37 01 10 02 80 00 02 00 02 80 00 03 00 02 80 00 04 00 02 80 00 05 00 02 80 00 06 7D 82 81 00 07 10 02 80 00 08 10 02 80 00 09 10 02 80 00 0A 10 02 80 00 0B 10 02 80 00 14 04 81 00 00 00 19 06 00 00 00 00 00 00 B3 59 2F 55;HEX;
271;R;13:43:23:359;1F 16 01 24 00 01 00 13 37 01 10 02 80 00 02 00 02 80 00 03 00 02 80 00 04 00 02 80 00 05 00 02 80 00 06 7D 82 81 00 07 10 02 80 00 08 10 02 80 00 09 10 02 80 00 0A 10 02 80 00 0B 10 02 80 00 14 04 81 00 00 00 19 06 00 00 00 00 00 00 B3 59 2F 55;HEX;
272;R;13:43:24:359;1F 16 01 24 00 01 00 13 37 01 10 02 80 00 02 00 02 80 00 03 00 02 80 00 04 00 02 80 00 05 00 02 80 00 06 7D 82 81 00 07 10 02 80 00 08 10 02 80 00 09 10 02 80 00 0A 10 02 80 00 0B 10 02 80 00 14 04 81 00 00 00 19 06 00 00 00 00 00 00 B3 59 2F 55;HEX;
273;R;13:43:25:375;1F 16 01 24 00 01 00 13 37 01 10 02 80 00 02 00 02 80 00 03 00 02 80 00 04 00 02 80 00 05 00 02 80 00 06 7D 82 88 00 07 10 02 80 00 08 10 02 80 00 09 10 02 80 00 0A 10 02 80 00 0B 10 02 80 00 14 04 81 00 00 00 19 06 00 00 00 00 00 00 F6 76 2F 55;HEX;
274;R;13:43:26:375;1F 16 01 24 00 01 00 13 37 01 10 02 80 00 02 00 02 80 00 03 00 02 80 00 04 00 02 80 00 05 00 02 80 00 06 7D 82 88 00 07 10 02 80 00 08 10 02 80 00 09 10 02 80 00 0A 10 02 80 00 0B 10 02 80 00 14 04 80 00 00 00 19 06 00 00 00 00 00 00 83 75 2F 55;HEX;
275;R;13:43:27:390;1F 16 01 24 00 01 00 13 37 01 10 02 80 00 02 00 02 80 00 03 00 02 80 00 04 00 02 80 00 05 00 02 80 00 06 7D 82 88 00 07 10 02 80 00 08 10 02 80 00 09 10 02 80 00 0A 10 02 80 00 0B 10 02 80 00 14 04 80 00 00 00 19 06 00 00 00 00 00 00 83 75 2F 55;HEX;
276;R;13:43:28:390;1F 16 01 24 00 01 00 13 37 01 10 02 80 00 02 00 02 80 00 03 00 02 80 00 04 00 02 80 00 05 00 02 80 00 06 7D 82 88 00 07 10 02 80 00 08 10 02 80 00 09 10 02 80 00 0A 10 02 80 00 0B 10 02 80 00 14 04 80 00 00 00 19 06 00 00 00 00 00 00 83 75 2F 55;HEX;
277;R;13:43:29:406;1F 16 01 24 00 01 00 13 37 01 10 02 80 00 02 00 02 80 00 03 00 02 80 00 04 00 02 80 00 05 00 02 80 00 06 7D 82 88 00 07 10 02 80 00 08 10 02 80 00 09 10 02 80 00 0A 10 02 80 00 0B 10 02 80 00 14 04 80 00 00 00 19 06 00 00 00 00 00 00 83 75 2F 55;HEX;
278;R;13:43:30:406;1F 16 01 24 00 01 00 13 37 01 10 02 80 00 02 00 02 80 00 03 00 02 80 00 04 00 02 80 00 05 00 02 80 00 06 7D 82 88 00 07 10 02 80 00 08 10 02 80 00 09 10 02 80 00 0A 10 02 80 00 0B 10 02 80 00 14 04 80 00 00 00 19 06 00 00 00 00 00 00 83 75 2F 55;HEX;
279;R;13:43:31:421;1F 16 01 24 00 01 00 13 37 01 10 02 80 00 02 00 02 80 00 03 00 02 80 00 04 00 02 80 00 05 00 02 80 00 06 7D 82 88 00 07 10 02 80 00 08 10 02 80 00 09 10 02 80 00 0A 10 02 80 00 0B 10 02 80 00 14 04 80 00 00 00 19 06 00 00 00 00 00 00 83 75 2F 55;HEX;
280;R;13:43:32:421;1F 16 01 24 00 01 00 13 37 01 10 02 80 00 02 00 02 80 00 03 00 02 80 00 04 00 02 80 00 05 00 02 80 00 06 7D 82 88 00 07 10 02 80 00 08 10 02 80 00 09 10 02 80 00 0A 10 02 80 00 0B 10 02 80 00 14 04 80 00 00 00 19 06 00 00 00 00 00 00 83 75 2F 55;HEX;
281;R;13:43:33:437;1F 16 01 24 00 01 00 13 37 01 10 02 80 00 02 00 02 80 00 03 00 02 80 00 04 00 02 80 00 05 00 02 80 00 06 7D 82 88 00 07 10 02 80 00 08 10 02 80 00 09 10 02 80 00 0A 10 02 80 00 0B 10 02 80 00 14 04 80 00 00 00 19 06 00 00 00 00 00 00 83 75 2F 55;HEX;
282;R;13:43:34:437;1F 16 01 24 00 01 00 13 37 01 10 02 80 00 02 00 02 80 00 03 00 02 80 00 04 00 02 80 00 05 00 02 80 00 06 7D 82 88 00 07 10 02 80 00 08 10 02 80 00 09 10 02 80 00 0A 10 02 80 00 0B 10 02 80 00 14 04 80 00 00 00 19 06 00 00 00 00 00 00 83 75 2F 55;HEX;
283;R;13:43:35:453;1F 16 01 24 00 01 00 13 37 01 10 02 80 00 02 00 02 80 00 03 00 02 80 00 04 00 02 80 00 05 00 02 80 00 06 7D 82 88 00 07 10 02 80 00 08 10 02 80 00 09 10 02 80 00 0A 10 02 80 00 0B 10 02 80 00 14 04 80 00 00 00 19 06 00 00 00 00 00 00 83 75 2F 55;HEX;
284;R;13:43:36:453;1F 16 01 24 00 01 00 13 37 01 10 02 80 00 02 00 02 80 00 03 00 02 80 00 04 00 02 80 00 05 00 02 80 00 06 7D 82 88 00 07 10 02 80 00 08 10 02 80 00 09 10 02 80 00 0A 10 02 80 00 0B 10 02 80 00 14 04 80 00 00 00 19 06 00 00 00 00 00 00 83 75 2F 55;HEX;
285;R;13:43:37:468;1F 16 01 24 00 01 00 13 37 01 10 02 80 00 02 00 02 80 00 03 00 02 80 00 04 00 02 80 00 05 00 02 80 00 06 7D 82 88 00 07 10 02 80 00 08 10 02 80 00 09 10 02 80 00 0A 10 02 80 00 0B 10 02 80 00 14 04 80 00 00 00 19 06 00 00 00 00 00 00 83 75 2F 55;HEX;
286;R;13:43:38:484;1F 16 01 24 00 01 00 13 37 01 10 02 80 00 02 00 02 80 00 03 00 02 80 00 04 00 02 80 00 05 00 02 80 00 06 7D 82 88 00 07 10 02 80 00 08 10 02 80 00 09 10 02 80 00 0A 10 02 80 00 0B 10 02 80 00 14 04 80 00 00 00 19 06 00 00 00 00 00 00 83 75 2F 55;HEX;
287;R;13:43:39:500;1F 16 01 24 00 01 00 13 37 01 10 02 80 00 02 00 02 80 00 03 00 02 80 00 04 00 02 80 00 05 00 02 80 00 06 7D 82 88 00 07 10 02 80 00 08 10 02 80 00 09 10 02 80 00 0A 10 02 80 00 0B 10 02 80 00 14 04 80 00 00 00 19 06 00 00 00 00 00 00 83 75 2F 55;HEX;
288;R;13:43:40:500;1F 16 01 24 00 01 00 13 37 01 10 02 80 00 02 00 02 80 00 03 00 02 80 00 04 00 02 80 00 05 00 02 80 00 06 7D 82 88 00 07 10 02 80 00 08 10 02 80 00 09 10 02 80 00 0A 10 02 80 00 0B 10 02 80 00 14 04 80 00 00 00 19 06 00 00 00 00 00 00 83 75 2F 55;HEX;
289;R;13:43:41:515;1F 16 01 24 00 01 00 13 37 01 10 02 80 00 02 00 02 80 00 03 00 02 80 00 04 00 02 80 00 05 00 02 80 00 06 7E 82 80 00 07 10 02 80 00 08 10 02 80 00 09 10 02 80 00 0A 10 02 80 00 0B 10 02 80 00 14 04 80 00 00 00 19 06 00 00 00 00 00 00 B8 5D 2F 55;HEX;
290;R;13:43:42:515;1F 16 01 24 00 01 00 13 37 01 10 02 80 00 02 00 02 80 00 03 00 02 80 00 04 00 02 80 00 05 00 02 80 00 06 7E 82 80 00 07 10 02 80 00 08 10 02 80 00 09 10 02 80 00 0A 10 02 80 00 0B 10 02 80 00 14 04 00 00 00 00 19 06 00 00 00 00 00 00 19 F7 2F 55;HEX;
291;R;13:43:43:531;1F 16 01 24 00 01 00 13 37 01 10 02 80 00 02 00 02 80 00 03 00 02 80 00 04 00 02 80 00 05 00 02 80 00 06 7E 82 80 00 07 10 02 80 00 08 10 02 80 00 09 10 02 80 00 0A 10 02 80 00 0B 10 02 80 00 14 04 00 00 00 00 19 06 00 00 00 00 00 00 19 F7 2F 55;HEX;
292;R;13:43:44:531;1F 16 01 24 00 01 00 13 37 01 10 02 80 00 02 00 02 80 00 03 00 02 80 00 04 00 02 80 00 05 00 02 80 00 06 7E 82 80 00 07 10 02 80 00 08 10 02 80 00 09 10 02 80 00 0A 10 02 80 00 0B 10 02 80 00 14 04 00 00 00 00 19 06 00 00 00 00 00 00 19 F7 2F 55;HEX;
293;R;13:43:45:546;1F 16 01 24 00 01 00 13 37 01 10 02 80 00 02 00 02 80 00 03 00 02 80 00 04 00 02 80 00 05 00 02 80 00 06 7E 82 80 00 07 10 02 80 00 08 10 02 80 00 09 10 02 80 00 0A 10 02 80 00 0B 10 02 80 00 14 04 00 00 00 00 19 06 00 00 00 00 00 00 19 F7 2F 55;HEX;
294;R;13:43:46:546;1F 16 01 24 00 01 00 13 37 01 10 02 80 00 02 00 02 80 00 03 00 02 80 00 04 00 02 80 00 05 00 02 80 00 06 7E 82 80 00 07 10 02 80 00 08 10 02 80 00 09 10 02 80 00 0A 10 02 80 00 0B 10 02 80 00 14 04 00 00 00 00 19 06 00 00 00 00 00 00 19 F7 2F 55;HEX;
295;R;13:43:47:562;1F 16 01 24 00 01 00 13 37 01 10 02 80 00 02 00 02 80 00 03 00 02 80 00 04 00 02 80 00 05 00 02 80 00 06 7E 82 80 00 07 10 02 80 00 08 10 02 80 00 09 10 02 80 00 0A 10 02 80 00 0B 10 02 80 00 14 04 00 00 00 00 19 06 00 00 00 00 00 00 19 F7 2F 55;HEX;
296;R;13:43:48:562;1F 16 01 24 00 01 00 13 37 01 10 02 80 00 02 00 02 80 00 03 00 02 80 00 04 00 02 80 00 05 00 02 80 00 06 7E 82 80 00 07 10 02 80 00 08 10 02 80 00 09 10 02 80 00 0A 10 02 80 00 0B 10 02 80 00 14 04 00 00 00 00 19 06 00 00 00 00 00 00 19 F7 2F 55;HEX;
297;R;13:43:49:578;1F 16 01 24 00 01 00 13 37 01 10 02 80 00 02 00 02 80 00 03 00 02 80 00 04 00 02 80 00 05 00 02 80 00 06 7E 82 80 00 07 10 02 80 00 08 10 02 80 00 09 10 02 80 00 0A 10 02 80 00 0B 10 02 80 00 14 04 00 00 00 00 19 06 00 00 00 00 00 00 19 F7 2F 55;HEX;
298;R;13:43:50:578;1F 16 01 24 00 01 00 13 37 01 10 02 80 00 02 00 02 80 00 03 00 02 80 00 04 00 02 80 00 05 00 02 80 00 06 7E 82 80 00 07 10 02 80 00 08 10 02 80 00 09 10 02 80 00 0A 10 02 80 00 0B 10 02 80 00 14 04 00 00 00 00 19 06 00 00 00 00 00 00 19 F7 2F 55;HEX;
299;R;13:43:51:593;1F 16 01 24 00 01 00 13 37 01 10 02 80 00 02 00 02 80 00 03 00 02 80 00 04 00 02 80 00 05 00 02 80 00 06 7E 82 80 00 07 10 02 80 00 08 10 02 80 00 09 10 02 80 00 0A 10 02 80 00 0B 10 02 80 00 14 04 00 00 00 00 19 06 00 00 00 00 00 00 19 F7 2F 55;HEX;
300;R;13:43:52:593;1F 16 01 24 00 01 00 13 37 01 10 02 80 00 02 00 02 80 00 03 00 02 80 00 04 00 02 80 00 05 00 02 80 00 06 7E 82 80 00 07 10 02 80 00 08 10 02 80 00 09 10 02 80 00 0A 10 02 80 00 0B 10 02 80 00 14 04 00 00 00 00 19 06 00 00 00 00 00 00 19 F7 2F 55;HEX;
301;R;13:43:53:609;1F 16 01 24 00 01 00 13 37 01 10 02 80 00 02 00 02 80 00 03 00 02 80 00 04 00 02 80 00 05 00 02 80 00 06 7E 82 80 00 07 10 02 80 00 08 10 02 80 00 09 10 02 80 00 0A 10 02 80 00 0B 10 02 80 00 14 04 00 00 00 00 19 06 00 00 00 00 00 00 19 F7 2F 55;HEX;
302;R;13:43:54:609;1F 16 01 24 00 01 00 13 37 01 10 02 80 00 02 00 02 80 00 03 00 02 80 00 04 00 02 80 00 05 00 02 80 00 06 7E 82 80 00 07 10 02 80 00 08 10 02 80 00 09 10 02 80 00 0A 10 02 80 00 0B 10 02 80 00 14 04 00 00 00 00 19 06 00 00 00 00 00 00 19 F7 2F 55;HEX;
303;R;13:43:55:625;1F 16 01 24 00 01 00 13 37 01 10 02 80 00 02 00 02 80 00 03 00 02 80 00 04 00 02 80 00 05 00 02 80 00 06 7E 82 80 00 07 10 02 80 00 08 10 02 80 00 09 10 02 80 00 0A 10 02 80 00 0B 10 02 80 00 14 04 00 00 00 00 19 06 00 00 00 00 00 00 19 F7 2F 55;HEX;
304;R;13:43:56:625;1F 16 01 24 00 01 00 13 37 01 10 02 80 00 02 00 02 80 00 03 00 02 80 00 04 00 02 80 00 05 00 02 80 00 06 7E 82 80 00 07 10 02 80 00 08 10 02 80 00 09 10 02 80 00 0A 10 02 80 00 0B 10 02 80 00 14 04 00 00 00 00 19 06 00 00 00 00 00 00 19 F7 2F 55;HEX;
305;R;13:43:57:640;1F 16 01 24 00 01 00 13 37 01 10 02 80 00 02 00 02 80 00 03 00 02 80 00 04 00 02 80 00 05 00 02 80 00 06 7E 82 80 00 07 10 02 80 00 08 10 02 80 00 09 10 02 80 00 0A 10 02 80 00 0B 10 02 80 00 14 04 00 00 00 00 19 06 00 00 00 00 00 00 19 F7 2F 55;HEX;
306;R;13:43:58:640;1F 16 01 24 00 01 00 13 37 01 10 02 80 00 02 00 02 80 00 03 00 02 80 00 04 00 02 80 00 05 00 02 80 00 06 7E 82 80 00 07 10 02 80 00 08 10 02 80 00 09 10 02 80 00 0A 10 02 80 00 0B 10 02 80 00 14 04 00 00 00 00 19 06 00 00 00 00 00 00 19 F7 2F 55;HEX;
307;R;13:43:59:656;1F 16 01 24 00 01 00 13 37 01 10 02 80 00 02 00 02 80 00 03 00 02 80 00 04 00 02 80 00 05 00 02 80 00 06 7E 82 80 00 07 10 02 80 00 08 10 02 80 00 09 10 02 80 00 0A 10 02 80 00 0B 10 02 80 00 14 04 00 00 00 00 19 06 00 00 00 00 00 00 19 F7 2F 55;HEX;
308;R;13:44:04:156;1F 16 01 24 77 01 00 22 AE 2F 55;HEX;
309;R;13:44:05:156;1F 16 01 24 77 01 00 22 AE 2F 55;HEX;
310;R;13:44:06:187;1F 16 01 24 77 01 00 22 AE 2F 55;HEX;
311;R;13:44:07:187;1F 16 01 24 77 01 00 22 AE 2F 55;HEX;
312;R;13:44:08:203;1F 16 01 24 77 01 00 22 AE 2F 55;HEX;
313;R;13:44:09:203;1F 16 01 24 77 01 00 22 AE 2F 55;HEX;
314;R;13:44:10:218;1F 16 01 24 77 01 00 22 AE 2F 55;HEX;
315;R;13:44:11:218;1F 16 01 24 00 01 00 13 37 01 10 02 80 00 02 10 02 80 00 03 10 02 80 00 04 10 02 80 00 05 10 02 80 00 06 10 02 80 00 07 10 02 80 00 08 10 02 80 00 09 10 02 80 00 0A 10 02 80 00 0B 10 02 80 00 14 04 00 00 00 00 19 06 00 00 00 00 00 00 DA A2 2F 55;HEX;
316;R;13:44:12:234;1F 16 01 24 00 01 00 13 37 01 10 02 80 00 02 10 02 80 00 03 10 02 80 00 04 10 02 80 00 05 10 02 80 00 06 10 02 80 00 07 10 02 80 00 08 10 02 80 00 09 10 02 80 00 0A 10 02 80 00 0B 10 02 80 00 14 04 00 00 00 00 19 06 00 00 00 00 00 00 DA A2 2F 55;HEX;
317;R;13:44:13:234;1F 16 01 24 00 01 00 13 37 01 10 02 80 00 02 10 02 80 00 03 10 02 80 00 04 10 02 80 00 05 10 02 80 00 06 10 02 80 00 07 10 02 80 00 08 10 02 80 00 09 10 02 80 00 0A 10 02 80 00 0B 10 02 80 00 14 04 00 00 00 00 19 06 00 00 00 00 00 00 DA A2 2F 55;HEX;
318;R;13:44:14:250;1F 16 01 24 00 01 00 13 37 01 10 02 80 00 02 10 02 80 00 03 10 02 80 00 04 10 02 80 00 05 10 02 80 00 06 10 02 80 00 07 10 02 80 00 08 10 02 80 00 09 10 02 80 00 0A 10 02 80 00 0B 10 02 80 00 14 04 00 00 00 00 19 06 00 00 00 00 00 00 DA A2 2F 55;HEX;
319;R;13:44:15:250;1F 16 01 24 00 01 00 13 37 01 10 02 80 00 02 10 02 80 00 03 10 02 80 00 04 10 02 80 00 05 10 02 80 00 06 10 02 80 00 07 10 02 80 00 08 10 02 80 00 09 10 02 80 00 0A 10 02 80 00 0B 10 02 80 00 14 04 00 00 00 00 19 06 00 00 00 00 00 00 DA A2 2F 55;HEX;
320;R;13:44:16:265;1F 16 01 24 00 01 00 13 37 01 10 02 80 00 02 10 02 80 00 03 10 02 80 00 04 10 02 80 00 05 10 02 80 00 06 10 02 80 00 07 10 02 80 00 08 10 02 80 00 09 10 02 80 00 0A 10 02 80 00 0B 10 02 80 00 14 04 00 00 00 00 19 06 00 00 00 00 00 00 DA A2 2F 55;HEX;
