05; 10 02 80 00;	5-е направление, МО, ОХТ №1, норма
05; 59 02 80 05;	Дистанционный пуск от БКИ-КС, открытие УРС
05; 57 82 80 1E;	ПУСК (обратный отсчет)
05; 57 82 80 1C; 
05; 57 82 80 1B;
05; 57 82 80 1A;
05; 57 82 80 19;
05; 57 82 80 18;
05; 57 82 80 17;
05; 57 82 80 16;
05; 57 82 80 15;
05; 58 82 80 15; ОТМЕНА
05; 58 82 80 15;
05; 57 82 80 15; Пускишка (Обратный отсчет)
05; 57 82 80 13;
05; 57 82 80 12;
05; 57 82 80 11;
05; 57 82 80 10;
05; 57 82 80 10;
05; 57 82 80 0F;
05; 57 82 80 0E;
05; 57 82 80 0C;
05; 57 82 80 0B;
05; 57 82 80 0A; Пускишка обратный отсчет, 10 секунд
05; 57 82 80 09; Пускишка 09
05; 57 82 80 09;
05; 57 82 80 08;
05; 57 82 80 07;
05; 57 82 80 05; Пускишка 05
05; 57 82 80 04;
05; 57 82 80 03;
05; 57 82 80 02;
05; 57 82 80 01;
05; 57 82 80 00; Пускишка УЖЕ ПУСК
05; 5C 82 81 05; ПУСК ПП
05; 5C 82 81 03;
05; 5C 82 81 03;
05; 5C 82 81 03;
05; 5C 82 81 01;
05; 5D 82 81 00; Не сработал СДГ
05; 5D 82 81 00;
05; 5D 82 81 00;
05; 5D 82 81 00;
05; 5D 82 84 00;
05; 5D 82 84 00;
05; 5D 82 84 00;
05; 5D 82 84 00;
05; 5D 82 84 00;
05; 5D 82 84 00;
05; 5D 82 84 00;
05; 5D 82 84 00;
05; 5D 82 87 00;
05; 5D 82 87 00;
05; 5D 82 87 00;
05; 5D 82 87 00;
05; 5D 82 87 00;
05; 5E 82 80 00; ПУСК ПРОШЕЛ
05; 5E 82 80 00;
